90120606;327660;
90121114;327660;
90121622;327660;
90122131;327660;
90122639;327660;
90123147;327660;
90123656;327660;
90124164;327660;
90124673;327660;
90125181;327660;
90125689;327660;
90126198;327660;
90126706;327660;
90127214;327660;
90127723;327660;
90128231;327660;
90128739;327660;
90129248;327660;
90129756;327660;
90130265;327660;
90130773;327660;
90131281;327660;
90131790;327660;
90132298;327660;
90132807;327660;
90133315;327660;
90133823;327660;
90134332;327660;
90134840;327660;
90135348;327660;
90135857;327660;
90136365;327660;
90136874;327660;
90137382;327660;
90137890;327660;
90138399;327660;
90138907;327660;
90139415;327660;
90139924;327660;
90140432;327660;
90140941;327660;
90141449;327660;
90141957;327660;
90142466;327660;
90142974;327660;
90143483;327660;
90143991;327660;
90144499;327660;
90145008;327660;
90145516;327660;
90146025;327660;
90146533;327660;
90147041;327660;
90147550;327660;
90148058;327660;
90148566;327660;
90149075;327660;
90149583;327660;
90150092;327660;
90150600;327660;
90151108;327660;
90151617;327660;
90152125;327660;
90152634;327660;
90153142;327660;
90153650;327660;
90154159;327660;
90154667;327660;
90155175;327660;
90155684;327660;
90156192;327660;
90156701;327660;
90157209;327660;
90157717;327660;
90158226;327660;
90158734;327660;
90159243;327660;
90159751;327660;
90160259;327660;
90160768;327660;
90161276;327660;
90161785;327660;
90162293;327660;
90162801;327660;
90163310;327660;
90163818;327660;
90164327;327660;
90164835;327660;
90165343;327660;
90165852;327660;
90166360;327660;
90166869;327660;
90167377;327660;
90167886;327660;
90168394;327660;
90168902;327660;
90169411;327660;
90169919;327660;
90170428;327660;
90170936;327660;
90171444;327660;
90171953;327660;
90172461;327660;
90172970;327660;
90173478;327660;
90173986;327660;
90174495;327660;
90175003;327660;
90175512;327660;
90176020;327660;
90176529;327660;
90177037;327660;
90177545;327660;
90178054;327660;
90178562;327660;
90179071;327660;
90179579;327660;
90180088;327660;
90180596;327660;
90181104;327660;
90181613;327660;
90182121;327660;
90182630;327660;
90183138;327660;
90183647;327660;
90184155;327660;
90184663;327660;
90185172;327660;
90185680;327660;
90186189;327660;
90186697;327660;
90187205;327660;
90187714;327660;
90188222;327660;
90188731;327660;
90189239;327660;
90189748;327660;
90190256;327660;
90190765;327660;
90191273;327660;
90191781;327660;
90192290;327660;
90192798;327660;
90193307;327660;
90193815;327660;
90194324;327660;
90194832;327660;
90195340;327660;
90195849;327660;
90196357;327660;
90196866;327660;
90197374;327660;
90197883;327660;
90198391;327660;
90198899;327660;
90199408;327660;
90199916;327660;
90200425;327660;
90200933;327660;
90201442;327660;
90201950;327660;
90202458;327660;
90202967;327660;
90203475;327660;
90203984;327660;
90204492;327660;
90205001;327660;
90205509;327660;
90206018;327660;
90206526;327660;
90207034;327660;
90207543;327660;
90208051;327660;
90208560;327660;
90209068;327660;
90209577;327660;
90210085;327660;
90210593;327660;
90211102;327660;
90211610;327660;
90212119;327660;
90212627;327660;
90213135;327660;
90213644;327660;
90214152;327660;
90214661;327660;
90215169;327660;
90215678;327660;
90216186;327660;
90216695;327660;
90217203;327660;
90217711;327660;
90218220;327660;
90218728;327660;
90219237;327660;
90219745;327660;
90220254;327660;
90220762;327660;
90221270;327660;
90221779;327660;
90222287;327660;
90222796;327660;
90223304;327660;
90223813;327660;
90224321;327660;
90224829;327660;
90225338;327660;
90225846;327660;
90226355;327660;
90226863;327660;
90227372;327660;
90227880;327660;
90228389;327660;
90228897;327660;
90229405;327660;
90229914;327660;
90230422;327660;
90230931;327660;
90231439;327660;
90231948;327660;
90232456;327660;
90232964;327660;
90233473;327660;
90233981;327660;
90234490;327660;
90234998;327660;
90235507;327660;
90236015;327660;
90236523;327660;
90237032;327660;
90245167;327660;
90245675;327660;
90246184;327660;
90246692;327660;
90247201;327660;
90247709;327660;
90248217;327660;
90248726;327660;
90249234;327660;
90249743;327660;
90250251;327660;
90250760;327660;
90251268;327660;
90251777;327660;
90252285;327660;
90252794;327660;
90253302;327660;
90253811;327660;
90254319;327660;
90254828;327660;
90255336;327660;
90255845;327660;
90256353;327660;
90256862;327660;
90257370;327660;
90257878;327660;
90258387;327660;
90258895;327660;
90259404;327660;
90259912;327660;
90260421;327660;
90260929;327660;
90261437;327660;
90261946;327660;
90262454;327660;
90262963;327660;
90263471;327660;
90263980;327660;
90264488;327660;
90264997;327660;
90265505;327660;
90266013;327660;
90266522;327660;
90267030;327660;
90267539;327660;
90268047;327660;
90268556;327660;
90269064;327660;
90269572;327660;
90270081;327660;
90270589;327660;
90271098;327660;
90271606;327660;
90272115;327660;
90272623;327660;
90273132;327660;
90273640;327660;
90274149;327660;
90274657;327660;
90275165;327660;
90275674;327660;
90276182;327660;
90276691;327660;
90277199;327660;
90277708;327660;
90278216;327660;
90278725;327660;
90279233;327660;
90279741;327660;
90280250;327660;
90280758;327660;
90281267;327660;
90281775;327660;
90282284;327660;
90282792;327660;
90283301;327660;
90283809;327660;
90284317;327660;
90284826;327660;
90285334;327660;
90285843;327660;
90286351;327660;
90286860;327660;
90287368;327660;
90287877;327660;
90288385;327660;
90288893;327660;
90289402;327660;
90289910;327660;
90290419;327660;
90290927;327660;
90291436;327660;
90291944;327660;
90292453;327660;
90292961;327660;
90293469;327660;
90293978;327660;
90294486;327660;
90294995;327660;
90295503;327660;
90296012;327660;
90296520;327660;
90297029;327660;
90297537;327660;
90298046;327660;
90298554;327660;
90299062;327660;
90299571;327660;
90300079;327660;
90300588;327660;
90301096;327660;
90301605;327660;
90302113;327660;
90302622;327660;
90303130;327660;
90303638;327660;
90304147;327660;
90304655;327660;
90305164;327660;
90305672;327660;
90306181;327660;
90306689;327660;
90307198;327660;
90307706;327660;
90308215;327660;
90308723;327660;
90309231;327660;
90309740;327660;
90310248;327660;
90310757;327660;
90311265;327660;
90311774;327660;
90312282;327660;
90312791;327660;
90313299;327660;
90313807;327660;
90314316;327660;
90314824;327660;
90315333;327660;
90315841;327660;
90316350;327660;
90316858;327660;
90317367;327660;
90317875;327660;
90318384;327660;
90318892;327660;
90319401;327660;
90319909;327660;
90320417;327660;
90320926;327660;
90321434;327660;
90321943;327660;
90322451;327660;
90322960;327660;
90323468;327660;
90323977;327660;
90324485;327660;
90324994;327660;
90325502;327660;
90326011;327660;
90326519;327660;
90327027;327660;
90327536;327660;
90328044;327660;
90328553;327660;
90329061;327660;
90329570;327660;
90330078;327660;
90330587;327660;
90331095;327660;
90331603;327660;
90332112;327660;
90332620;327660;
90333129;327660;
90333637;327660;
90334146;327660;
90334654;327660;
90335163;327660;
90335671;327660;
90336180;327660;
90336688;327660;
90337197;327660;
90337705;327660;
90338214;327660;
90338722;327660;
90339231;327660;
90339739;327660;
90340248;327660;
90340756;327660;
90341264;327660;
90341773;327660;
90342281;327660;
90342790;327660;
90343298;327660;
90343807;327660;
90344315;327660;
90344824;327660;
90345332;327660;
90345841;327660;
90346349;327660;
90346858;327660;
90347366;327660;
90347875;327660;
90348383;327660;
90348892;327660;
90349400;327660;
90349909;327660;
90350417;327660;
90350926;327660;
90351434;327660;
90351942;327660;
90352451;327660;
90352959;327660;
90353468;327660;
90353976;327660;
90354485;327660;
90354993;327660;
90355501;327660;
90356010;327660;
90356518;327660;
90357027;327660;
90357535;327660;
90358044;327660;
90358552;327660;
90359061;327660;
90359569;327660;
90360077;327660;
90360586;327660;
90361094;327660;
90361603;327660;
90362111;327660;
90362620;327660;
90363128;327660;
90363637;327660;
90364145;327660;
90364654;327660;
90365162;327660;
90365671;327660;
90366179;327660;
90366687;327660;
90367196;327660;
90367704;327660;
90368213;327660;
90368721;327660;
90369230;327660;
90369738;327660;
90370247;327660;
90370755;327660;
90371264;327660;
90371772;327660;
90372281;327660;
90372789;327660;
90373298;327660;
90373806;327660;
90374315;327660;
90374823;327660;
90375332;327660;
90375840;327660;
90376349;327660;
90376857;327660;
90377366;327660;
90377874;327660;
90378383;327660;
90378891;327660;
90379400;327660;
90379908;327660;
90380417;327660;
90380925;327660;
90381434;327660;
90381942;327660;
90382450;327660;
90382959;327660;
90383467;327660;
90383976;327660;
90384484;327660;
90384993;327660;
90385501;327660;
90386010;327660;
90386518;327660;
90387027;327660;
90387535;327660;
90388044;327660;
90388552;327660;
90389061;327660;
90389569;327660;
90390078;327660;
90390586;327660;
90391095;327660;
