90452623;327660;
90453132;327660;
90453640;327660;
90454149;327660;
90454657;327660;
90455166;327660;
90455674;327660;
90456183;327660;
90456691;327660;
90457200;327660;
90457708;327660;
90458217;327660;
90458726;327660;
90459234;327660;
90459743;327660;
90460251;327660;
90460760;327660;
90461268;327660;
90461777;327660;
90462285;327660;
90462794;327660;
90463302;327660;
90463811;327660;
90464319;327660;
90464828;327660;
90465336;327660;
90465845;327660;
90466354;327660;
90466862;327660;
90467371;327660;
90467879;327660;
90468388;327660;
90468896;327660;
90469405;327660;
90469913;327660;
90470422;327660;
90470930;327660;
90471439;327660;
90471948;327660;
90472456;327660;
90472965;327660;
90473473;327660;
90473982;327660;
90474490;327660;
90474999;327660;
90475507;327660;
90476016;327660;
90476524;327660;
90477033;327660;
90477541;327660;
90478050;327660;
90478559;327660;
90479067;327660;
90479576;327660;
90480084;327660;
90480593;327660;
90481101;327660;
90481610;327660;
90482118;327660;
90482627;327660;
90483135;327660;
90483644;327660;
90484152;327660;
90484661;327660;
90485169;327660;
90485678;327660;
90486186;327660;
90486695;327660;
90487203;327660;
90487712;327660;
90488221;327660;
90488729;327660;
90489237;327660;
90489746;327660;
90490255;327660;
90490763;327660;
90491272;327660;
90491780;327660;
90492289;327660;
90492797;327660;
90493306;327660;
90493814;327660;
90494323;327660;
90494831;327660;
90495340;327660;
90495848;327660;
90496357;327660;
90496865;327660;
90497374;327660;
90497882;327660;
90498391;327660;
90498899;327660;
90499408;327660;
90499917;327660;
90500425;327660;
90500934;327660;
90501442;327660;
90501951;327660;
90502459;327660;
90502968;327660;
90503476;327660;
90503985;327660;
90504493;327660;
90505002;327660;
90505510;327660;
90506019;327660;
90506528;327660;
90507036;327660;
90507545;327660;
90508053;327660;
90508562;327660;
90509070;327660;
90509579;327660;
90510087;327660;
90510596;327660;
90511104;327660;
90511613;327660;
90512121;327660;
90512630;327660;
90513138;327660;
90513647;327660;
90514155;327660;
90514664;327660;
90515173;327660;
90515681;327660;
90516190;327660;
90516698;327660;
90517207;327660;
90517715;327660;
90518224;327660;
90518732;327660;
90519241;327660;
90519749;327660;
90520258;327660;
90520766;327660;
90521275;327660;
90521784;327660;
90522292;327660;
90522801;327660;
90523309;327660;
90523818;327660;
90524326;327660;
90524835;327660;
90525343;327660;
90525852;327660;
90526361;327660;
90526869;327660;
90527378;327660;
90527886;327660;
90528395;327660;
90528903;327660;
90529412;327660;
90529920;327660;
90530429;327660;
90530938;327660;
90531446;327660;
90531955;327660;
90532463;327660;
90532972;327660;
90533480;327660;
90533989;327660;
90534497;327660;
90535006;327660;
90535514;327660;
90536023;327660;
90536532;327660;
90537040;327660;
90537549;327660;
90538057;327660;
90538566;327660;
90539074;327660;
90539583;327660;
90540091;327660;
90540600;327660;
90541108;327660;
90541617;327660;
90542125;327660;
90542634;327660;
90543142;327660;
90543651;327660;
90544159;327660;
90544668;327660;
90545176;327660;
90545685;327660;
90546193;327660;
90546702;327660;
90547210;327660;
90547719;327660;
90548227;327660;
90548736;327660;
90549245;327660;
90549753;327660;
90550262;327660;
90550770;327660;
90551279;327660;
90551787;327660;
90552296;327660;
90552804;327660;
90553313;327660;
90553821;327660;
90554330;327660;
90554838;327660;
90555347;327660;
90555856;327660;
90556364;327660;
90556873;327660;
90557381;327660;
90557890;327660;
90558398;327660;
90558907;327660;
90559415;327660;
90559924;327660;
90560432;327660;
90560941;327660;
90561449;327660;
90561958;327660;
90562466;327660;
90562975;327660;
90563484;327660;
90563992;327660;
90564501;327660;
90565009;327660;
90565518;327660;
90566026;327660;
90566535;327660;
90567043;327660;
90567552;327660;
90568061;327660;
90568569;327660;
90569078;327660;
90569586;327660;
90570095;327660;
90570603;327660;
90571112;327660;
90571620;327660;
90572129;327660;
90581283;327660;
90581791;327660;
90582300;327660;
90582808;327660;
90583317;327660;
90583825;327660;
90584334;327660;
90584843;327660;
90585351;327660;
90585860;327660;
90586368;327660;
90586877;327660;
90587385;327660;
90587894;327660;
90588402;327660;
90588911;327660;
90589419;327660;
90589928;327660;
90590437;327660;
90590945;327660;
90591454;327660;
90591962;327660;
90592471;327660;
90592979;327660;
90593488;327660;
90593996;327660;
90594505;327660;
90595013;327660;
90595522;327660;
90596031;327660;
90596539;327660;
90597048;327660;
90597556;327660;
90598065;327660;
90598573;327660;
90599082;327660;
90599590;327660;
90600099;327660;
90600607;327660;
90601116;327660;
90601624;327660;
90602133;327660;
90602641;327660;
90603150;327660;
90603658;327660;
90604167;327660;
90604676;327660;
90605184;327660;
90605693;327660;
90606201;327660;
90606710;327660;
90607218;327660;
90607727;327660;
90608235;327660;
90608744;327660;
90609252;327660;
90609761;327660;
90610269;327660;
90610778;327660;
90611286;327660;
90611795;327660;
90612303;327660;
90612812;327660;
90613320;327660;
90613829;327660;
90614338;327660;
90614846;327660;
90615355;327660;
90615863;327660;
90616372;327660;
90616880;327660;
90617389;327660;
90617897;327660;
90618406;327660;
90618914;327660;
90619423;327660;
90619931;327660;
90620440;327660;
90620948;327660;
90621457;327660;
90621966;327660;
90622474;327660;
90622983;327660;
90623491;327660;
90624000;327660;
90624508;327660;
90625017;327660;
90625525;327660;
90626034;327660;
90626542;327660;
90627051;327660;
90627560;327660;
90628068;327660;
90628577;327660;
90629085;327660;
90629594;327660;
90630102;327660;
90630611;327660;
90631119;327660;
90631628;327660;
90632136;327660;
90632645;327660;
90633154;327660;
90633662;327660;
90634171;327660;
90634679;327660;
90635188;327660;
90635696;327660;
90636205;327660;
90636713;327660;
90637222;327660;
90637730;327660;
90638239;327660;
90638747;327660;
90639256;327660;
90639764;327660;
90640273;327660;
90640781;327660;
90641290;327660;
90641798;327660;
90642307;327660;
90642815;327660;
90643324;327660;
90643832;327660;
90644341;327660;
90644850;327660;
90645358;327660;
90645867;327660;
90646375;327660;
90646884;327660;
90647392;327660;
90647901;327660;
90648409;327660;
90648918;327660;
90649426;327660;
90649935;327660;
90650443;327660;
90650952;327660;
90651460;327660;
90651969;327660;
90652477;327660;
90652986;327660;
90653494;327660;
90654003;327660;
90654511;327660;
90655020;327660;
90655528;327660;
90656037;327660;
90656545;327660;
90657054;327660;
90657562;327660;
90658071;327660;
90658579;327660;
90659088;327660;
90659596;327660;
90660105;327660;
90660614;327660;
90661122;327660;
90661631;327660;
90662139;327660;
90662648;327660;
90663156;327660;
90663665;327660;
90664173;327660;
90664682;327660;
90665190;327660;
90665699;327660;
90666207;327660;
90666716;327660;
90667224;327660;
90667733;327660;
90668241;327660;
90668750;327660;
90669258;327660;
90669767;327660;
90670275;327660;
90670784;327660;
90671292;327660;
90671801;327660;
90672309;327660;
90672818;327660;
90673326;327660;
90673835;327660;
90674343;327660;
90674852;327660;
90675361;327660;
90675869;327660;
90676378;327660;
90676886;327660;
90677395;327660;
90677903;327660;
90678412;327660;
90678920;327660;
90679429;327660;
90679937;327660;
90680446;327660;
90680954;327660;
90681463;327660;
90681971;327660;
90682480;327660;
90682988;327660;
90683497;327660;
90684006;327660;
90684514;327660;
90685023;327660;
90685531;327660;
90686040;327660;
90686548;327660;
90687057;327660;
90687565;327660;
90688074;327660;
90688582;327660;
90689091;327660;
90689599;327660;
90690108;327660;
90690617;327660;
90691125;327660;
90691634;327660;
90692142;327660;
90692651;327660;
90693159;327660;
90693668;327660;
90694176;327660;
90694685;327660;
90695193;327660;
90695702;327660;
90696210;327660;
90696719;327660;
90697227;327660;
90697736;327660;
90698244;327660;
90698753;327660;
90699261;327660;
90699770;327660;
90700278;327660;
90700787;327660;
90701295;327660;
90701804;327660;
90702313;327660;
90702821;327660;
90703330;327660;
90703838;327660;
90704347;327660;
90704855;327660;
90705364;327660;
90705872;327660;
90706381;327660;
90706889;327660;
90707398;327660;
90707906;327660;
90708415;327660;
90708923;327660;
90709432;327660;
90709941;327660;
90710449;327660;
90710958;327660;
90711466;327660;
90711975;327660;
90712483;327660;
90712992;327660;
90713500;327660;
90714009;327660;
90714518;327660;
90715026;327660;
90715535;327660;
90716043;327660;
90716552;327660;
90717060;327660;
90717569;327660;
90718077;327660;
90718586;327660;
90719094;327660;
90719603;327660;
90720112;327660;
90720620;327660;
90721129;327660;
90721637;327660;
90722146;327660;
90722654;327660;
90723163;327660;
90723671;327660;
90724180;327660;
90724689;327660;
