90452623;125100;
90453131;125158;
90453640;125139;
90454148;125171;
90454657;125121;
90455165;125217;
90455674;125088;
90456182;125067;
90456691;125122;
90457199;125087;
90457708;125047;
90458217;125080;
90458725;125097;
90459234;125094;
90459742;125073;
90460251;125072;
90460759;125083;
90461268;125074;
90461776;125076;
90462285;125064;
90462793;125069;
90463302;124992;
90463810;125519;
90464319;124913;
90464828;125210;
90465336;124982;
90465845;125130;
90466353;125042;
90466862;125087;
90467370;125066;
90467879;125101;
90468387;125077;
90468896;125115;
90469404;125070;
90469913;125102;
90470421;125110;
90470930;125071;
90471439;125088;
90471947;125071;
90472456;125106;
90472964;125083;
90473473;125074;
90473981;125100;
90474490;125084;
90474998;125103;
90475507;125084;
90476015;125094;
90476524;125088;
90477032;125098;
90477541;125130;
90478049;125058;
90478558;125137;
90479067;124939;
90479575;124815;
90480084;125453;
90480592;125221;
90481101;125207;
90481609;125169;
90482118;125181;
90482626;125159;
90483135;125183;
90483643;125198;
90484152;125145;
90484660;125341;
90485169;125178;
90485677;125050;
90486186;125206;
90486695;125237;
90487203;125287;
90487712;125208;
90488220;125139;
90488729;125166;
90489237;125214;
90489746;125198;
90490254;125222;
90490763;125213;
90491271;125232;
90491780;125193;
90492288;125205;
90492797;125194;
90493305;125199;
90493814;125214;
90494322;125222;
90494831;125225;
90495339;125191;
90495848;125226;
90496356;125215;
90496865;125219;
90497373;125186;
90497882;125201;
90498390;125193;
90498899;125214;
90499408;125224;
90499916;125186;
90500425;125320;
90500933;125031;
90501442;125230;
90501950;125084;
90502459;125204;
90502967;125202;
90503476;125238;
90503984;125229;
90504493;125214;
90505002;125136;
90505510;125583;
90506019;125074;
90506527;125203;
90507036;125174;
90507544;125210;
90508053;125243;
90508561;125229;
90509070;125247;
90509578;125219;
90510087;125220;
90510595;125217;
90511104;125218;
90511612;125234;
90512121;125241;
90512629;125023;
90513138;125224;
90513646;125228;
90514155;125413;
90514664;125175;
90515172;125234;
90515681;125208;
90516189;125234;
90516698;125236;
90517206;125225;
90517715;125240;
90518223;125248;
90518732;125234;
90519240;125236;
90519749;125254;
90520257;125231;
90520766;125236;
90521275;125247;
90521783;125241;
90522292;125252;
90522800;125248;
90523309;125264;
90523817;125264;
90524326;125287;
90524834;125260;
90525343;125248;
90525851;125260;
90526360;125274;
90526869;125230;
90527377;125277;
90527886;125241;
90528394;125234;
90528903;125261;
90529411;125247;
90529920;125251;
90530428;125278;
90530937;125248;
90531446;125246;
90531954;125262;
90532463;125296;
90532971;125255;
90533480;125237;
90533988;125241;
90534497;125417;
90535005;125089;
90535514;125163;
90536022;125248;
90536531;125196;
90537040;125196;
90537548;125167;
90538057;125213;
90538565;125192;
90539074;125214;
90539582;125207;
90540091;125194;
90540599;125210;
90541108;125229;
90541616;125234;
90542125;125328;
90542633;125133;
90543142;125250;
90543650;125185;
90544159;125243;
90544667;125208;
90545176;125196;
90545684;125202;
90546193;125159;
90546701;125096;
90547210;125208;
90547719;125323;
90548227;125225;
90548736;125177;
90549244;124878;
90549753;125275;
90550261;125208;
90550770;125255;
90551278;125246;
90551787;125269;
90552295;125272;
90552804;125215;
90553312;125261;
90553821;125233;
90554329;125222;
90554838;125258;
90555346;125247;
90555855;125289;
90556364;125235;
90556872;125248;
90557381;125249;
90557889;125275;
90558398;125235;
90558906;125177;
90559415;125567;
90559923;125068;
90560432;125312;
90560940;125170;
90561449;125372;
90561957;125082;
90562466;125361;
90562975;125189;
90563483;125240;
90563992;125253;
90564500;125227;
90565009;125252;
90565517;125229;
90566026;125260;
90566534;125235;
90567043;125242;
90567551;125263;
90568060;125226;
90568569;125246;
90569077;125252;
90569586;125256;
90570094;125248;
90570603;125239;
90571111;125244;
90571620;125268;
90572128;125257;
90581282;124833;
90581791;125036;
90582299;124756;
90582808;124819;
90583316;124903;
90583825;124941;
90584334;124877;
90584842;124874;
90585351;124866;
90585859;124844;
90586368;125010;
90586876;124687;
90587385;124887;
90587893;124986;
90588402;124853;
90588910;124919;
90589419;124900;
90589928;124859;
90590436;124895;
90590945;124810;
90591453;124888;
90591962;124830;
90592470;124880;
90592979;124868;
90593487;124842;
90593996;124871;
90594504;124897;
90595013;124944;
90595521;124755;
90596030;124836;
90596539;124794;
90597047;124796;
90597556;124823;
90598064;124772;
90598573;124704;
90599081;124739;
90599590;124858;
90600098;124818;
90600607;124781;
90601115;124758;
90601624;124777;
90602132;124918;
90602641;124734;
90603149;124838;
90603658;124810;
90604167;124829;
90604675;124789;
90605184;124831;
90605692;124830;
90606201;124920;
90606709;124639;
90607218;124921;
90607726;124796;
90608235;124861;
90608743;124824;
90609252;124827;
90609760;124835;
90610269;124816;
90610777;124791;
90611286;124794;
90611794;124882;
90612303;124714;
90612811;124807;
90613320;124862;
90613829;124764;
90614337;124801;
90614846;124841;
90615354;124875;
90615863;124944;
90616371;124958;
90616880;124875;
90617388;124879;
90617897;124834;
90618405;124821;
90618914;124763;
90619422;124846;
90619931;124869;
90620439;124868;
90620948;124806;
90621457;124844;
90621965;124819;
90622474;124806;
90622982;124840;
90623491;124814;
90623999;124830;
90624508;124827;
90625016;124830;
90625525;124825;
90626033;124597;
90626542;124819;
90627051;124788;
90627559;124852;
90628068;124785;
90628576;124849;
90629085;124854;
90629593;124823;
90630102;124856;
90630610;124826;
90631119;124822;
90631627;124815;
90632136;124878;
90632644;124818;
90633153;124821;
90633662;124797;
90634170;124821;
90634679;124820;
90635187;124827;
90635696;124834;
90636204;124853;
90636713;124808;
90637221;124816;
90637730;124885;
90638238;124852;
90638747;124849;
90639255;124817;
90639764;124829;
90640272;124844;
90640781;124844;
90641289;124856;
90641798;124817;
90642306;124813;
90642815;124853;
90643323;124840;
90643832;124848;
90644341;124827;
90644849;124849;
90645358;124879;
90645866;124810;
90646375;124794;
90646883;124850;
90647392;124778;
90647900;124865;
90648409;124802;
90648917;124882;
90649426;124808;
90649934;124886;
90650443;124843;
90650951;124850;
90651460;124795;
90651968;124842;
90652477;124831;
90652985;124814;
90653494;124830;
90654002;124840;
90654511;124827;
90655019;124850;
90655528;124844;
90656036;124809;
90656545;124636;
90657053;124872;
90657562;124817;
90658070;124842;
90658579;124852;
90659088;124841;
90659596;124820;
90660105;124841;
90660613;124836;
90661122;124811;
90661630;124837;
90662139;124867;
90662647;124797;
90663156;124909;
90663664;124789;
90664173;124778;
90664681;124838;
90665190;124829;
90665698;124868;
90666207;124839;
90666715;124862;
90667224;124853;
90667732;124885;
90668241;124927;
90668749;124842;
90669258;124810;
90669766;124847;
90670275;124834;
90670783;124823;
90671292;124866;
90671800;124818;
90672309;124839;
90672817;124812;
90673326;124803;
90673835;124849;
90674343;124859;
90674852;124819;
90675360;124848;
90675869;124853;
90676377;124693;
90676886;124847;
90677394;124801;
90677903;124790;
90678411;124846;
90678920;124847;
90679428;124839;
90679937;124859;
90680445;124856;
90680954;124827;
90681462;124835;
90681971;124846;
90682479;124840;
90682988;124833;
90683497;124828;
90684005;124832;
90684514;124848;
90685022;124869;
90685531;124844;
90686039;124812;
90686548;124882;
90687056;124852;
90687565;124793;
90688073;124909;
90688582;124892;
90689090;124867;
90689599;124811;
90690108;124844;
90690616;124717;
90691125;124656;
90691633;124942;
90692142;124806;
90692650;124779;
90693159;124840;
90693667;124824;
90694176;124798;
90694684;124885;
90695193;124780;
90695701;124833;
90696210;124809;
90696718;124841;
90697227;124817;
90697735;124871;
90698244;124807;
90698752;124854;
90699261;124814;
90699769;124826;
90700278;124802;
90700786;124881;
90701295;124819;
90701803;124756;
90702312;124771;
90702821;124843;
90703329;124864;
90703838;124826;
90704346;124772;
90704855;124858;
90705363;124840;
90705872;124850;
90706380;124839;
90706889;124869;
90707397;124834;
90707906;124861;
90708414;124813;
90708923;124818;
90709432;124847;
90709940;124836;
90710449;124859;
90710957;124840;
90711466;124847;
90711974;124825;
90712483;124844;
90712991;124864;
90713500;124533;
90714009;125091;
90714517;124751;
90715026;124819;
90715534;124897;
90716043;124810;
90716551;124806;
90717060;124831;
90717568;124812;
90718077;124814;
90718585;124825;
90719094;124821;
90719603;124827;
90720111;124813;
90720620;124819;
90721128;124812;
90721637;124836;
90722145;124837;
90722654;124838;
90723162;124830;
90723671;124813;
90724180;124816;
90724688;124807;
