4886238;370547;
4886645;370550;
4887052;370686;
4887459;370651;
4887865;370706;
4888272;370738;
4888679;370683;
4889086;370748;
4889492;370706;
4889899;370815;
4890306;370794;
4890712;370805;
4891119;370862;
4891526;370839;
4891933;370857;
4892339;370876;
4892746;370892;
4893153;370969;
4893560;370955;
4893966;370964;
4894373;370955;
4894780;370964;
4895186;371001;
4895593;370983;
4896000;371023;
4896407;371043;
4896813;371005;
4897220;371023;
4897627;371066;
4898033;371037;
4898440;371054;
4898847;371069;
4899253;371142;
4899660;371082;
4900067;371103;
4900474;371108;
4900880;371103;
4901287;371168;
4901694;371160;
4902101;371135;
4902507;371183;
4902914;371185;
4903321;371141;
4903727;371174;
4904134;371167;
4904541;371180;
4904947;371194;
4905354;371211;
4905761;371199;
4906168;371276;
4906574;371251;
4906981;371190;
4907388;371276;
4907794;371252;
4908201;371244;
4908608;371301;
4909015;371266;
4909421;371308;
4909828;371289;
4910235;371267;
4910641;371228;
4911048;371308;
4911455;371356;
4911862;371302;
4912268;371342;
4912675;371345;
4913082;371314;
4913488;371345;
4913895;371367;
4914302;371389;
4914709;371339;
4915115;371380;
4915522;371374;
4915929;371390;
4916336;371395;
4916742;371379;
4917149;371371;
4917556;371338;
4917963;371375;
4918369;371364;
4918776;371390;
4919183;371409;
4919589;371394;
4919996;371421;
4920403;371404;
4920810;371428;
4921216;371413;
4921623;371418;
4922030;371445;
4922436;371426;
4922843;371420;
4923250;371475;
4923657;371434;
4924063;371455;
4924470;371463;
4924877;371462;
4925284;371461;
4925690;371465;
4926097;371468;
4926504;371479;
4926910;371490;
4927317;371465;
4927724;371453;
4928131;371475;
4928537;371473;
4928944;371494;
4929351;371468;
4929758;371490;
4930164;371478;
4930571;371538;
4930978;371510;
4931385;371457;
4931791;371530;
4932198;371512;
4932605;371489;
4933012;371517;
4933418;371533;
4933825;371546;
4934232;371483;
4934639;371560;
4935045;371481;
4935452;371557;
4935859;371512;
4936265;371494;
4936672;371532;
4937079;371502;
4937486;371540;
4937892;371547;
4938299;371533;
4938706;371564;
4939113;371580;
4939519;371600;
4939926;371541;
4940333;371551;
4940740;371563;
4941146;371552;
4941553;371578;
4941960;371535;
4942367;371596;
4942773;371591;
4943180;371563;
4943587;371576;
4943994;371570;
4944400;371570;
4944807;371609;
4945214;371587;
4945621;371628;
4946027;371570;
4946434;371650;
4946841;371615;
4947248;371617;
4947654;371571;
4948061;371566;
4948468;371574;
4948875;371628;
4949281;371596;
4949688;371610;
4950095;371615;
4950501;371604;
4950908;371627;
4951315;371602;
4951722;371643;
4952128;371638;
4952535;371597;
4952942;371610;
4953348;371605;
4953755;371622;
4954162;371641;
4954569;371609;
4954975;371598;
4955382;371647;
4955789;371604;
4956196;371691;
4956602;371610;
4957009;371665;
4957416;371637;
4957823;371618;
4958229;371643;
4958636;371607;
4959043;371650;
4959450;371642;
4959856;371656;
4960263;371662;
4960670;371652;
4961076;371651;
4961483;371645;
4961890;371692;
4962297;371659;
4962703;371651;
4963110;371658;
4963517;371634;
4963924;371674;
4964330;371647;
4964737;371653;
4965144;371695;
4965551;371707;
4965957;371672;
4966364;371668;
4966771;371691;
4967177;371611;
4967584;371640;
4967991;371691;
4968398;371660;
4968804;371678;
4969211;371632;
4969618;371717;
4970025;371667;
4970431;371672;
4970838;371673;
4971245;371626;
4971651;371664;
4972058;371612;
4972465;371683;
4972872;371663;
4973278;371690;
4973685;371720;
4974092;371704;
4974499;371732;
4974905;371685;
4975312;371690;
4975719;371730;
4976126;371700;
4976532;371746;
4976939;371687;
4977346;371725;
4977753;371694;
4978159;371644;
4978566;371715;
4978973;371668;
4979380;371721;
4979786;371687;
4980193;371699;
4980600;371685;
4981007;371650;
4981413;371704;
4981820;371729;
4982227;371681;
4982633;371718;
4983040;371684;
4983447;371694;
4983854;371637;
4984260;371717;
4984667;371726;
4985074;371728;
4985481;371718;
4985887;371709;
4986294;371744;
4986701;371736;
4987108;371686;
4987514;371679;
4987921;371718;
4988328;371693;
4988735;371695;
4989141;371708;
4989548;371694;
4989955;371687;
4990361;371752;
4990768;371671;
4991175;371699;
4991582;371684;
4991988;371746;
4992395;371702;
4992802;371742;
4993208;371681;
4993615;371682;
4994022;371734;
4994429;371684;
4994835;371765;
4995242;371686;
4995649;371735;
4996055;371740;
4996462;371754;
4996869;371754;
4997276;371723;
4997682;371729;
4998089;371721;
4998496;371707;
4998902;371707;
4999309;371736;
4999716;371727;
5000123;371721;
5000529;371717;
5000936;371725;
5001343;371736;
5001750;371779;
5002156;371729;
5002563;371761;
5002970;371773;
5003376;371669;
5003783;371769;
5004190;371701;
5004597;371750;
5005003;371742;
5005410;371742;
5005817;371762;
5006223;371704;
5006630;371794;
5007037;371745;
5007444;371709;
5007850;371773;
5008257;371738;
5008664;371765;
5009071;371773;
5009477;371770;
5009884;371741;
5010291;371740;
5010697;371760;
5011104;371729;
5011511;371760;
5011918;371826;
5012324;371757;
5012731;371740;
5013138;371763;
5013544;371754;
5013951;371771;
5014358;371732;
5014765;371755;
5015171;371792;
5015578;371772;
5015985;371724;
5016391;371799;
5016798;371740;
5017205;371786;
5017612;371792;
5018018;371804;
5018425;371771;
5018832;371769;
5019238;371753;
5019645;371757;
5020052;371792;
5020458;371774;
5020865;371721;
5021272;371791;
5021679;371700;
5022085;371814;
5022492;371751;
5022899;371765;
5023305;371827;
5023712;371772;
5024119;371795;
5024525;371710;
5024932;371777;
5025339;371768;
5025746;371770;
5026152;371786;
5026559;371758;
5026966;371781;
5027372;371753;
5027779;371736;
5028186;371776;
5028593;371789;
5028999;371764;
5029406;371764;
5029813;371768;
5030220;371764;
5030626;371808;
5031033;371746;
5031440;371797;
5031846;371806;
5032253;371723;
5032660;371795;
5033067;371831;
5033473;371772;
5033880;371839;
5034287;371753;
5034694;371775;
5035100;371713;
5035507;371776;
5035914;371819;
5036320;371767;
5036727;371792;
5037134;371758;
5037541;371741;
5037947;371797;
5038354;371788;
5038761;371801;
5039167;371792;
5039574;371767;
5039981;371773;
5040388;371808;
5040794;371798;
5041201;371778;
5041608;371742;
5042015;371815;
5042421;371821;
5042828;371772;
5043235;371781;
5043642;371861;
5044048;371822;
5044455;371773;
5044862;371780;
5045268;371780;
5045675;371775;
5046082;371754;
5046489;371762;
5046895;371767;
5047302;371786;
5047709;371772;
5048115;371770;
5048522;371779;
5048929;371777;
5049336;371729;
5049742;371777;
5050149;371753;
5050556;371802;
5050963;371806;
5051369;371789;
5051776;371731;
5052183;371835;
5052590;371752;
5052996;371745;
5053403;371772;
5053810;371771;
5054216;371781;
5054623;371808;
5055030;371784;
5055437;371793;
5055843;371789;
5056250;371834;
5056657;371765;
5057064;371773;
5057470;371761;
5057877;371748;
5058284;371806;
5058690;371742;
5059097;371759;
5059504;371775;
5059911;371822;
5060317;371794;
5060724;371786;
5061131;371838;
5061537;371785;
5061944;371797;
5062351;371813;
5062758;371764;
5063164;371803;
5063571;371766;
5063978;371795;
5064385;371755;
5064791;371838;
5065198;371755;
5065605;371833;
5066012;371762;
5066418;371758;
5066825;371781;
5067232;371757;
5067638;371786;
5068045;371795;
5068452;371815;
5068859;371834;
5069265;371784;
5069672;371794;
5070079;371779;
5070486;371799;
5070892;371781;
5071299;371775;
5071706;371807;
5072113;371763;
5072519;371793;
5072926;371804;
5073333;371814;
5073740;371842;
5074146;371784;
5074553;371813;
5074960;371804;
5075367;371794;
5075773;371817;
5076180;371789;
5076587;371857;
5076993;371810;
5077400;371799;
5077807;371787;
5078214;371783;
5078620;371759;
5079027;371723;
5079434;371815;
5079841;371795;
5080247;371800;
5080654;371817;
5081061;371822;
5081468;371822;
5081874;371777;
5082281;371830;
5082688;371784;
5083094;371781;
5083501;371803;
5083908;371769;
5084315;371810;
5084721;371822;
5085128;371780;
5085535;371781;
5085942;371815;
5086348;371837;
5086755;371843;
5087162;371804;
5087569;371809;
5087975;371818;
5088382;371849;
5088789;371755;
5089195;371832;
5089602;371801;
5090009;371763;
5090416;371822;
5090822;371802;
5091229;371796;
5091636;371778;
5092043;371838;
5092449;371813;
5092856;371764;
5093263;371823;
5093669;371762;
5094076;371848;
5094483;371781;
5094890;371795;
5095296;371827;
5095703;371808;
5096110;371786;
5096517;371809;
5096923;371805;
5097330;371808;
5097737;371812;
5098144;371762;
5098550;371838;
5098957;371826;
5099364;371833;
5099770;371749;
5100177;371820;
5100584;371832;
5100990;371814;
5101397;371791;
5101804;371814;
5102211;371862;
5102617;371817;
5103024;371746;
5103431;371788;
5103837;371823;
5104244;371831;
5104651;371840;
5105058;371798;
5105464;371812;
5105871;371835;
5106278;371795;
5106684;371833;
5107091;371810;
5107498;371761;
5107904;371804;
5108311;371790;
5108718;371832;
5109124;371830;
5109531;371843;
5109938;371802;
5110344;371864;
5110751;371839;
5111158;371752;
5111565;371826;
5111971;371830;
5112378;371813;
5112785;371784;
5113191;371858;
5113598;371822;
5114005;371768;
5114411;371787;
5114818;371808;
5115225;371750;
5115632;371809;
5116038;371819;
5116445;371864;
5116852;371808;
5117258;371852;
5117665;371833;
5118072;371820;
5118478;371848;
5118885;371791;
5119292;371779;
5119699;371887;
5120105;371865;
5120512;371797;
5120919;371812;
5121325;371817;
5121732;371820;
5122139;371825;
5122546;371810;
5122952;371838;
5123359;371835;
5123766;371854;
5124172;371843;
5124579;371836;
5124986;371837;
5125393;371840;
5125799;371822;
5126206;371873;
5126613;371862;
5127019;371838;
5127426;371847;
5127833;371820;
5128240;371870;
5128646;371838;
5129053;371853;
5129460;371849;
5129866;371792;
5130273;371829;
5130680;371838;
5131086;371863;
5131493;371835;
5131900;371857;
5132307;371815;
5132713;371833;
5133120;371811;
5133527;371841;
5133933;371821;
5134340;371866;
5134747;371856;
5135153;371833;
5135560;371808;
5135967;371867;
5136373;371823;
5136780;371851;
5137187;371827;
5137594;371792;
5138000;371861;
5138407;371813;
5138814;371831;
5139220;371817;
5139627;371838;
5140034;371831;
5140440;371827;
5140847;371765;
5141254;371801;
5141660;371840;
5142067;371813;
5142474;371764;
5142880;371876;
5143287;371799;
5143694;371819;
5144101;371853;
5144507;371847;
5144914;371820;
5145321;371847;
5145727;371849;
5146134;371822;
5146541;371827;
5146948;371841;
5147354;371855;
5147761;371844;
5148168;371868;
5148574;371855;
5148981;371864;
5149388;371846;
5149795;371807;
5150201;371833;
5150608;371846;
5151015;371821;
5151421;371865;
5151828;371837;
5152235;371887;
5152641;371848;
5153048;371825;
5153455;371822;
5153862;371852;
5154268;371798;
5154675;371819;
5155082;371823;
5155488;371846;
5155895;371911;
5156302;371828;
5156708;371836;
5157115;371863;
5157522;371882;
5157929;371831;
5158335;371879;
5158742;371776;
5159149;371866;
5159555;371807;
5159962;371841;
5160369;371814;
5160776;371852;
5161182;371894;
5161589;371852;
5161996;371855;
5162402;371823;
5162809;371849;
5163216;371893;
5163622;371870;
5164029;371853;
5164436;371832;
5164842;371857;
5165249;371889;
5165656;371821;
5166063;371818;
5166469;371829;
5166876;371854;
5167283;371890;
5167689;371834;
5168096;371816;
5168503;371833;
5168909;371847;
5169316;371801;
5169723;371851;
5170130;371860;
5170536;371824;
5170943;371882;
5171350;371815;
5171756;371771;
5172163;371863;
5172570;371821;
5172977;371863;
5173383;371800;
5173790;371826;
5174197;371865;
5174604;371835;
5175010;371817;
5175417;371841;
5175824;371792;
5176230;371849;
5176637;371845;
5177044;371851;
5177451;371816;
5177857;371820;
5178264;371790;
5178671;371791;
5179077;371814;
5179484;371800;
5179891;371859;
5180298;371806;
5180704;371822;
5181111;371801;
5181518;371848;
5181925;371804;
5182331;371846;
5182738;371839;
5183145;371844;
5183551;371821;
5183958;371841;
5184365;371837;
5184772;371801;
5185178;371816;
5185585;371825;
5185992;371809;
5186398;371852;
5186805;371887;
5187212;371835;
5187619;371829;
5188025;371879;
5188432;371848;
5188839;371778;
5189245;371884;
5189652;371842;
5190059;371830;
5190465;371883;
5190872;371851;
5191279;371857;
5191685;371794;
5192092;371834;
5192499;371846;
5192906;371873;
5193312;371853;
5193719;371834;
5194126;371892;
5194532;371829;
5194939;371873;
5195346;371829;
5195752;371808;
5196159;371847;
5196566;371839;
5196972;371829;
5197379;371800;
5197786;371892;
5198192;371857;
5198599;371864;
5199006;371862;
5199413;371876;
5199819;371853;
5200226;371844;
5200633;371830;
5201039;371848;
5201446;371852;
5201853;371911;
5202259;371866;
5202666;371835;
5203073;371880;
5203479;371829;
5203886;371885;
5204293;371852;
5204699;371921;
5205106;371890;
5205513;371805;
5205920;371887;
5206326;371821;
5206733;371857;
5207140;371858;
5207546;371868;
5207953;371883;
5208360;371865;
5208766;371853;
5209173;371828;
5209580;371881;
5209986;371823;
5210393;371824;
5210800;371829;
5211207;371816;
5211613;371845;
5212020;371830;
5212427;371830;
5212833;371870;
5213240;371845;
5213647;371844;
5214054;371872;
5214460;371851;
5214867;371844;
5215274;371808;
5215680;371868;
5216087;371830;
5216494;371932;
5216901;371862;
5217307;371853;
5217714;371873;
5218121;371805;
5218527;371912;
5218934;371868;
5219341;371874;
5219747;371813;
5220154;371882;
5220561;371883;
5220968;371850;
5221374;371870;
5221781;371871;
5222188;371846;
5222594;371856;
5223001;371838;
5223408;371882;
5223814;371850;
5224221;371845;
5224628;371838;
5225035;371807;
5225441;371846;
5225848;371872;
5226255;371857;
5226661;371850;
5227068;371844;
5227475;371837;
5227881;371848;
5228288;371877;
5228695;371842;
5229102;371822;
5229508;371835;
5229915;371889;
5230322;371869;
5230728;371846;
5231135;371875;
5231542;371858;
5231948;371906;
5232355;371839;
5232762;371870;
5233169;371897;
5233575;371880;
5233982;371877;
5234389;371913;
5234795;371836;
5235202;371846;
5235609;371855;
5236015;371895;
5236422;371865;
5236829;371833;
5237236;371861;
5237642;371833;
5238049;371848;
5238456;371817;
5238862;371867;
5239269;371827;
5239676;371827;
5240082;371855;
5240489;371842;
5240896;371867;
5241302;371889;
5241709;371841;
5242116;371862;
5242522;371805;
5242929;371825;
5243336;371840;
5243742;371820;
5244149;371853;
5244556;371847;
5244962;371871;
5245369;371830;
5245776;371907;
5246183;371842;
5246589;371912;
5246996;371884;
5247403;371806;
5247809;371883;
5248216;371823;
5248623;371873;
5249029;371839;
5249436;371856;
5249843;371846;
5250249;371878;
5250656;371923;
5251063;371857;
5251469;371885;
5251876;371891;
5252283;371809;
5252690;371858;
5253096;371796;
5253503;371863;
5253910;371887;
5254316;371842;
5254723;371867;
5255130;371831;
5255536;371845;
5255943;371850;
5256350;371872;
5256756;371883;
5257163;371862;
5257570;371856;
5257976;371835;
5258383;371865;
5258790;371867;
5259197;371882;
5259603;371916;
5260010;371894;
5260417;371873;
5260823;371876;
5261230;371835;
5261637;371830;
5262043;371866;
5262450;371837;
5262857;371875;
5263263;371891;
5263670;371805;
5264077;371856;
5264484;371888;
5264890;371857;
5265297;371851;
5265704;371841;
5266110;371920;
5266517;371927;
5266924;371875;
5267330;371880;
5267737;371832;
5268144;371896;
5268550;371863;
5268957;371880;
5269364;371832;
5269771;371926;
5270177;371901;
5270584;371921;
5270991;371903;
5271397;371795;
5271804;371895;
5272211;371927;
5272617;371849;
5273024;371882;
5273431;371821;
5273838;371848;
5274244;371843;
5274651;371880;
5275058;371856;
5275464;371838;
5275871;371859;
5276278;371875;
5276684;371901;
5277091;371894;
5277498;371868;
5277905;371873;
5278311;371856;
5278718;371900;
5279125;371896;
5279531;371839;
5279938;371895;
5280345;371830;
5280752;371807;
5281158;371824;
5281565;371891;
5281972;371899;
5282378;371827;
5282785;371846;
5283192;371860;
5283598;371860;
5284005;371844;
5284412;371910;
5284819;371858;
5285225;371862;
5285632;371873;
5286039;371891;
5286445;371891;
5286852;371858;
5287259;371868;
5287666;371893;
5288072;371888;
5288479;371864;
5288886;371913;
5289292;371883;
5289699;371874;
5290106;371830;
5290513;371897;
5290919;371853;
5291326;371961;
5291733;371886;
5292139;371880;
5292546;371878;
5292953;371927;
5293360;371881;
5293766;371864;
5294173;371886;
5294580;371922;
5294986;371901;
5295393;371935;
5295800;371867;
5296206;371880;
5296613;371902;
5297020;371920;
5297427;371898;
5297833;371884;
5298240;371860;
5298647;371879;
5299053;371878;
5299460;371881;
5299867;371852;
5300274;371893;
5300680;371881;
5301087;371883;
5301494;371885;
5301900;371865;
5302307;371918;
5302714;371901;
5303121;371897;
5303527;371851;
5303934;371877;
5304341;371875;
5304747;371890;
5305154;371910;
5305561;371873;
5305968;371887;
5306374;371851;
5306781;371880;
5307188;371894;
5307594;371911;
5308001;371913;
5308408;371913;
5308814;371922;
5309221;371864;
5309628;371873;
5310035;371883;
5310441;371818;
5310848;371953;
5311255;371879;
5311661;371915;
5312068;371930;
5312475;371901;
5312882;371885;
5313288;371930;
5313695;371874;
5314102;371938;
5314508;371928;
5314915;371904;
5315322;371920;
5315729;371887;
5316135;371887;
5316542;371909;
5316949;371879;
5317355;371904;
5317762;371922;
5318169;371866;
5318576;371906;
5318982;371913;
5319389;371902;
5319796;371881;
5320202;371896;
5320609;371875;
5321016;371906;
5321423;371945;
5321829;371879;
5322236;371911;
5322643;371941;
5323050;371913;
5323456;371939;
5323863;371876;
5324270;371892;
5324676;371871;
5325083;371906;
5325490;371899;
5325897;371857;
5326303;371937;
5326710;371876;
5327117;371852;
5327524;371920;
5327930;371862;
5328337;371912;
5328744;371905;
5329150;371883;
5329557;371910;
5329964;371876;
5330371;371897;
5330777;371932;
5331184;371888;
5331591;371870;
5331998;371853;
5332404;371915;
5332811;371889;
5333218;371892;
5333624;371899;
5334031;371925;
5334438;371894;
5334845;371914;
5335251;371932;
5335658;371854;
5336065;371905;
5336471;371811;
5336878;371883;
5337285;371881;
5337692;371902;
5338098;371908;
5338505;371891;
5338912;371903;
5339318;371920;
5339725;371883;
5340132;371904;
5340539;371873;
5340945;371912;
5341352;371866;
5341759;371876;
5342165;371882;
5342572;371851;
5342979;371877;
5343386;371893;
5343792;371925;
5344199;371904;
5344606;371892;
5345012;371921;
5345419;371894;
5345826;371916;
5346233;371886;
5346639;371886;
5347046;371931;
5347453;371919;
5347859;371902;
5348266;371900;
5348673;371918;
5349080;371870;
5349486;371887;
5349893;371919;
5350300;371891;
5350706;371914;
5351113;371893;
5351520;371937;
5351927;371891;
5352333;371912;
5352740;371952;
5353147;371885;
5353553;371908;
5353960;371886;
5354367;371931;
5354774;371923;
5355180;371928;
5355587;371884;
5355994;371963;
5356400;371949;
5356807;371914;
5357214;371877;
5357620;371913;
5358027;371915;
5358434;371917;
5358841;371886;
5359247;371914;
5359654;371881;
5360061;371875;
5360467;371902;
5360874;371892;
5361281;371921;
5361688;371925;
5362094;371956;
5362501;371892;
5362908;371879;
5363314;371915;
5363721;371897;
5364128;371952;
5364535;371912;
5364941;371923;
5365348;371977;
5365755;371889;
5366161;371903;
5366568;371873;
5366975;371893;
5367382;371912;
5367788;371895;
5368195;371906;
5368602;371879;
5369008;371964;
5369415;371908;
5369822;371918;
5370229;371948;
5370635;371887;
5371042;371903;
5371449;371926;
5371855;371912;
5372262;371935;
5372669;371900;
5373075;371914;
5373482;371911;
5373889;371887;
5374296;371891;
5374702;371901;
5375109;371892;
5375516;371891;
5375922;371927;
5376329;371897;
5376736;371913;
5377143;371906;
5377549;371901;
5377956;371879;
5378363;371919;
5378769;371909;
5379176;371918;
5379583;371929;
5379989;371908;
5380396;371893;
5380803;371924;
5381210;371874;
5381616;371932;
5382023;371933;
5382430;371922;
5382836;371949;
5383243;371908;
5383650;371909;
5384056;371894;
5384463;371903;
5384870;371908;
5385276;371916;
5385683;371903;
5386090;371897;
5386497;371888;
5386903;371925;
5387310;371875;
5387717;371921;
5388123;371880;
5388530;371957;
5388937;371941;
5389343;371947;
5389750;371991;
5390157;371915;
5390563;371934;
5390970;371918;
5391377;371889;
5391783;371930;
5392190;371963;
5392597;371925;
5393003;371909;
5393410;371907;
5393817;371944;
5394223;371937;
5394630;371960;
5395037;371895;
5395443;371915;
5395850;371906;
5396257;371927;
5396664;371898;
5397070;371896;
5397477;371890;
5397884;371868;
5398290;371927;
5398697;371933;
5399104;371871;
5399510;371903;
5399917;371887;
5400324;371913;
5400730;371913;
5401137;371924;
5401544;371939;
5401951;371891;
5402357;371945;
5402764;371926;
5403171;371949;
5403577;371928;
5403984;371922;
5404391;371919;
5404798;371930;
5405204;371926;
5405611;371890;
5406018;371970;
5406424;371933;
5406831;371903;
5407238;371905;
5407644;371872;
5408051;371939;
5408458;371914;
5408865;371908;
5409271;371894;
5409678;371889;
5410085;371956;
5410491;371924;
5410898;371916;
5411305;371876;
5411711;371903;
5412118;371910;
5412525;371964;
5412931;371977;
5413338;371865;
5413745;371933;
5414151;371942;
5414558;371903;
5414965;371926;
5415372;371952;
5415778;371930;
5416185;371928;
5416592;371991;
5416998;371928;
5417405;371943;
5417812;371927;
5418218;371896;
5418625;371912;
5419032;371893;
5419438;371912;
5419845;371910;
5420252;371918;
5420658;371973;
5421065;371869;
5421472;371941;
5421879;371938;
5422285;371898;
5422692;371919;
5423099;371903;
5423505;371930;
5423912;371907;
5424319;371947;
5424725;371923;
5425132;371959;
5425539;371927;
5425945;371946;
5426352;371898;
5426759;371902;
5427166;371972;
5427572;371899;
5427979;371882;
5428386;371907;
5428792;371856;
5429199;371918;
5429606;371884;
5430013;371912;
5430419;371933;
5430826;371936;
5431233;371900;
5431639;371914;
5432046;371895;
5432453;371972;
5432860;371918;
5433266;371969;
5433673;371946;
5434080;371974;
5434486;371950;
5434893;371933;
5435300;371945;
5435707;371960;
5436113;371915;
5436520;371902;
5436927;371908;
5437333;371874;
5437740;371960;
5438147;371884;
5438554;371909;
5438960;371925;
5439367;371919;
5439774;371902;
5440181;371927;
5440587;371884;
5440994;371931;
5441401;371927;
5441807;371934;
5442214;371924;
5442621;372005;
5443028;371967;
5443434;371937;
5443841;371995;
5444248;371944;
5444654;371933;
5445061;371932;
5445468;371931;
5445874;371865;
5446281;371904;
5446688;371914;
5447095;371953;
5447501;371909;
5447908;371964;
5448315;371875;
5448721;371928;
5449128;371873;
5449535;371941;
5449941;371877;
5450348;371895;
5450755;371913;
5451161;371936;
5451568;371952;
5451975;371896;
5452382;371928;
5452788;371967;
5453195;371883;
5453602;371969;
5454008;371927;
5454415;371917;
5454822;371955;
5455228;371890;
5455635;371951;
5456042;371879;
5456449;371934;
5456855;371935;
5457262;371929;
5457669;371952;
5458075;371923;
5458482;371930;
5458889;371894;
5459295;371940;
5459702;371902;
5460109;371899;
5460516;371998;
5460922;371919;
5461329;371895;
5461736;371917;
5462142;371955;
5462549;371922;
5462956;371890;
5463362;371958;
5463769;371895;
5464176;371884;
5464582;371942;
5464989;371896;
5465396;371934;
5465802;371918;
5466209;371907;
5466616;371992;
5467022;371939;
5467429;371981;
5467836;371912;
5468243;371950;
5468649;371928;
5469056;371976;
5469463;372009;
5469869;371909;
5470276;371970;
5470683;371911;
5471089;371951;
5471496;371906;
5471903;371943;
5472309;371966;
5472716;371952;
5473123;371948;
5473530;371941;
5473936;371925;
5474343;371912;
5474750;371880;
5475156;371928;
5475563;371961;
5475970;371922;
5476376;371962;
5476783;371923;
5477190;371971;
5477596;371898;
5478003;371942;
5478410;371948;
5478816;371927;
5479223;371888;
5479630;371897;
5480037;371898;
5480443;371889;
5480850;371942;
5481257;371949;
5481663;371947;
5482070;371942;
5482477;371923;
5482883;371928;
5483290;371900;
5483697;371897;
5484104;371936;
5484510;371906;
5484917;371979;
5485324;371914;
5485730;371986;
5486137;371903;
5486544;371953;
5486950;371912;
5487357;371914;
5487764;371940;
5488170;371909;
5488577;371936;
5488984;371899;
5489391;371933;
5489797;371954;
