4886240;502668;
4886647;502639;
4887053;502848;
4887460;502706;
4887867;502866;
4888274;502840;
4888680;502753;
4889087;502941;
4889494;502834;
4889901;502920;
4890307;502940;
4890714;502957;
4891121;503039;
4891527;502964;
4891934;502984;
4892341;503033;
4892748;503057;
4893154;503060;
4893561;503063;
4893968;503070;
4894374;503112;
4894781;503137;
4895188;503123;
4895595;503134;
4896001;503151;
4896408;503134;
4896815;503170;
4897221;503162;
4897628;503151;
4898035;503167;
4898442;503235;
4898848;503221;
4899255;503240;
4899662;503268;
4900068;503207;
4900475;503223;
4900882;503221;
4901289;503297;
4901695;503299;
4902102;503266;
4902509;503340;
4902915;503260;
4903322;503330;
4903729;503363;
4904136;503290;
4904542;503362;
4904949;503331;
4905356;503359;
4905762;503356;
4906169;503347;
4906576;503322;
4906982;503389;
4907389;503376;
4907796;503330;
4908203;503402;
4908609;503400;
4909016;503438;
4909423;503387;
4909829;503373;
4910236;503449;
4910643;503436;
4911050;503414;
4911456;503385;
4911863;503375;
4912270;503481;
4912676;503426;
4913083;503392;
4913490;503521;
4913897;503423;
4914303;503495;
4914710;503413;
4915117;503474;
4915524;503385;
4915930;503489;
4916337;503398;
4916744;503415;
4917151;503511;
4917557;503442;
4917964;503487;
4918371;503470;
4918777;503528;
4919184;503487;
4919591;503457;
4919998;503507;
4920404;503456;
4920811;503549;
4921218;503461;
4921624;503534;
4922031;503493;
4922438;503509;
4922845;503538;
4923251;503480;
4923658;503491;
4924065;503521;
4924472;503480;
4924878;503548;
4925285;503478;
4925692;503509;
4926098;503520;
4926505;503458;
4926912;503517;
4927319;503521;
4927725;503571;
4928132;503570;
4928539;503532;
4928946;503537;
4929352;503461;
4929759;503562;
4930166;503500;
4930573;503554;
4930979;503499;
4931386;503524;
4931793;503546;
4932200;503444;
4932606;503558;
4933013;503523;
4933420;503553;
4933826;503578;
4934233;503498;
4934640;503556;
4935047;503493;
4935453;503586;
4935860;503531;
4936267;503461;
4936674;503567;
4937080;503477;
4937487;503596;
4937894;503463;
4938301;503551;
4938707;503574;
4939114;503495;
4939521;503512;
4939928;503512;
4940334;503580;
4940741;503541;
4941148;503558;
4941555;503564;
4941961;503589;
4942368;503589;
4942775;503540;
4943182;503522;
4943588;503561;
4943995;503526;
4944402;503588;
4944809;503557;
4945215;503569;
4945622;503578;
4946029;503530;
4946436;503601;
4946842;503542;
4947249;503522;
4947656;503515;
4948062;503559;
4948469;503566;
4948876;503546;
4949283;503601;
4949689;503499;
4950096;503542;
4950503;503526;
4950910;503513;
4951316;503537;
4951723;503539;
4952130;503543;
4952536;503577;
4952943;503534;
4953350;503545;
4953757;503504;
4954163;503591;
4954570;503525;
4954977;503572;
4955384;503543;
4955790;503542;
4956197;503584;
4956604;503544;
4957011;503555;
4957417;503465;
4957824;503563;
4958231;503572;
4958637;503498;
4959044;503569;
4959451;503468;
4959858;503582;
4960264;503504;
4960671;503500;
4961078;503551;
4961485;503514;
4961891;503547;
4962298;503494;
4962705;503551;
4963112;503574;
4963518;503513;
4963925;503538;
4964332;503511;
4964738;503567;
4965145;503502;
4965552;503529;
4965959;503544;
4966365;503519;
4966772;503554;
4967179;503513;
4967586;503542;
4967992;503506;
4968399;503481;
4968806;503538;
4969213;503510;
4969619;503538;
4970026;503543;
4970433;503531;
4970839;503546;
4971246;503480;
4971653;503620;
4972060;503487;
4972466;503563;
4972873;503481;
4973280;503541;
4973687;503568;
4974093;503512;
4974500;503511;
4974907;503515;
4975314;503533;
4975720;503521;
4976127;503486;
4976534;503516;
4976941;503471;
4977347;503517;
4977754;503569;
4978161;503485;
4978568;503497;
4978974;503476;
4979381;503509;
4979788;503486;
4980194;503554;
4980601;503503;
4981008;503511;
4981415;503540;
4981821;503505;
4982228;503511;
4982635;503531;
4983042;503555;
4983448;503555;
4983855;503529;
4984262;503527;
4984669;503513;
4985075;503521;
4985482;503544;
4985889;503462;
4986296;503499;
4986702;503508;
4987109;503527;
4987516;503506;
4987923;503489;
4988329;503552;
4988736;503485;
4989143;503566;
4989549;503457;
4989956;503516;
4990363;503557;
4990770;503521;
4991176;503532;
4991583;503459;
4991990;503556;
4992396;503461;
4992803;503517;
4993210;503509;
4993617;503498;
4994023;503478;
4994430;503523;
4994837;503537;
4995243;503518;
4995650;503522;
4996057;503502;
4996464;503510;
4996870;503465;
4997277;503517;
4997684;503467;
4998090;503493;
4998497;503477;
4998904;503519;
4999311;503460;
4999717;503509;
5000124;503492;
5000531;503537;
5000938;503543;
5001344;503460;
5001751;503513;
5002158;503443;
5002564;503472;
5002971;503511;
5003378;503482;
5003785;503498;
5004191;503527;
5004598;503507;
5005005;503511;
5005411;503464;
5005818;503561;
5006225;503468;
5006632;503503;
5007038;503446;
5007445;503474;
5007852;503528;
5008259;503469;
5008665;503523;
5009072;503492;
5009479;503508;
5009885;503455;
5010292;503502;
5010699;503473;
5011106;503457;
5011512;503503;
5011919;503496;
5012326;503458;
5012732;503489;
5013139;503526;
5013546;503456;
5013953;503455;
5014359;503500;
5014766;503472;
5015173;503507;
5015580;503469;
5015986;503452;
5016393;503466;
5016800;503397;
5017206;503491;
5017613;503459;
5018020;503458;
5018426;503554;
5018833;503439;
5019240;503520;
5019646;503424;
5020053;503496;
5020460;503461;
5020867;503445;
5021273;503464;
5021680;503470;
5022087;503484;
5022493;503466;
5022900;503416;
5023307;503511;
5023713;503503;
5024120;503481;
5024527;503422;
5024934;503500;
5025340;503483;
5025747;503427;
5026154;503509;
5026560;503396;
5026967;503499;
5027374;503514;
5027781;503431;
5028187;503470;
5028594;503452;
5029001;503517;
5029408;503438;
5029814;503475;
5030221;503454;
5030628;503448;
5031034;503467;
5031441;503407;
5031848;503468;
5032255;503438;
5032661;503514;
5033068;503433;
5033475;503420;
5033881;503463;
5034288;503475;
5034695;503452;
5035102;503484;
5035508;503445;
5035915;503475;
5036322;503405;
5036729;503488;
5037135;503459;
5037542;503445;
5037949;503487;
5038355;503416;
5038762;503506;
5039169;503465;
5039576;503479;
5039982;503462;
5040389;503460;
5040796;503446;
5041203;503428;
5041609;503422;
5042016;503424;
5042423;503456;
5042829;503470;
5043236;503401;
5043643;503413;
5044050;503430;
5044456;503412;
5044863;503431;
5045270;503407;
5045677;503384;
5046083;503457;
5046490;503485;
5046897;503387;
5047304;503427;
5047710;503481;
5048117;503439;
5048524;503438;
5048930;503403;
5049337;503388;
5049744;503460;
5050151;503429;
5050557;503424;
5050964;503383;
5051371;503459;
5051777;503374;
5052184;503459;
5052591;503417;
5052998;503390;
5053404;503440;
5053811;503440;
5054218;503437;
5054625;503382;
5055031;503409;
5055438;503454;
5055845;503378;
5056252;503443;
5056658;503392;
5057065;503434;
5057472;503398;
5057878;503409;
5058285;503416;
5058692;503439;
5059099;503481;
5059505;503336;
5059912;503427;
5060319;503459;
5060725;503285;
5061132;503510;
5061539;503351;
5061946;503453;
5062352;503389;
5062759;503371;
5063166;503438;
5063573;503356;
5063979;503439;
5064386;503384;
5064793;503439;
5065200;503416;
5065606;503419;
5066013;503371;
5066420;503408;
5066826;503428;
5067233;503428;
5067640;503415;
5068047;503408;
5068453;503386;
5068860;503421;
5069267;503393;
5069674;503419;
5070080;503419;
5070487;503385;
5070894;503421;
5071301;503410;
5071707;503426;
5072114;503343;
5072521;503402;
5072928;503403;
5073334;503368;
5073741;503414;
5074148;503379;
5074555;503408;
5074961;503392;
5075368;503385;
5075775;503410;
5076181;503385;
5076588;503406;
5076995;503343;
5077402;503375;
5077808;503362;
5078215;503390;
5078622;503422;
5079029;503342;
5079435;503422;
5079842;503389;
5080249;503372;
5080656;503402;
5081062;503327;
5081469;503426;
5081876;503387;
5082282;503365;
5082689;503407;
5083096;503419;
5083503;503402;
5083909;503367;
5084316;503404;
5084723;503359;
5085130;503417;
5085536;503442;
5085943;503316;
5086350;503397;
5086756;503355;
5087163;503371;
5087570;503403;
5087977;503369;
5088383;503408;
5088790;503360;
5089197;503420;
5089604;503418;
5090010;503385;
5090417;503405;
5090824;503362;
5091231;503360;
5091637;503341;
5092044;503368;
5092451;503377;
5092857;503393;
5093264;503349;
5093671;503326;
5094078;503450;
5094484;503357;
5094891;503370;
5095298;503353;
5095705;503383;
5096111;503366;
5096518;503349;
5096925;503357;
5097332;503406;
5097738;503346;
5098145;503417;
5098552;503345;
5098958;503395;
5099365;503376;
5099772;503386;
5100178;503357;
5100585;503377;
5100992;503439;
5101399;503356;
5101805;503396;
5102212;503369;
5102619;503361;
5103025;503356;
5103432;503361;
5103839;503374;
5104246;503341;
5104652;503399;
5105059;503306;
5105466;503361;
5105872;503355;
5106279;503338;
5106686;503394;
5107092;503350;
5107499;503310;
5107906;503356;
5108312;503295;
5108719;503435;
5109126;503290;
5109532;503369;
5109939;503321;
5110346;503328;
5110753;503342;
5111159;503322;
5111566;503409;
5111973;503347;
5112379;503341;
5112786;503392;
5113193;503350;
5113344;503394;
5114006;503306;
5114413;503343;
5114820;503347;
5115226;503356;
5115633;503350;
5116040;503303;
5116446;503365;
5116853;503326;
5117260;503362;
5117666;503362;
5118073;503332;
5118480;503352;
5118887;503325;
5119293;503355;
5119700;503359;
5120107;503388;
5120513;503342;
5120920;503304;
5121327;503353;
5121734;503396;
5122140;503418;
5122547;503341;
5122954;503379;
5123360;503368;
5123767;503283;
5124174;503367;
5124581;503299;
5124987;503313;
5125394;503359;
5125801;503283;
5126207;503381;
5126614;503297;
5127021;503331;
5127428;503328;
5127834;503360;
5128241;503390;
5128648;503348;
5129054;503359;
5129461;503338;
5129868;503360;
5130274;503343;
5130681;503287;
5131088;503366;
5131495;503311;
5131901;503343;
5132308;503335;
5132715;503381;
5133121;503326;
5133528;503291;
5133935;503329;
5134341;503319;
5134748;503342;
5135155;503322;
5135562;503285;
5135968;503340;
5136375;503332;
5136782;503340;
5137188;503356;
5137595;503350;
5138002;503372;
5138408;503306;
5138815;503385;
5139222;503311;
5139628;503313;
5140035;503345;
5140442;503333;
5140848;503314;
5141255;503318;
5141662;503359;
5142069;503316;
5142475;503317;
5142882;503380;
5143289;503302;
5143695;503345;
5144102;503368;
5144509;503312;
5144915;503328;
5145322;503299;
5145729;503323;
5146136;503313;
5146542;503330;
5146949;503362;
5147356;503294;
5147762;503378;
5148169;503290;
5148576;503330;
5148983;503322;
5149389;503397;
5149796;503412;
5150203;503318;
5150609;503348;
5151016;503313;
5151423;503348;
5151829;503288;
5152236;503333;
5152643;503346;
5153050;503256;
5153456;503349;
5153863;503361;
5154270;503317;
5154676;503348;
5155083;503348;
5155490;503390;
5155896;503295;
5156303;503332;
5156710;503330;
5157117;503333;
5157523;503294;
5157930;503324;
5158337;503367;
5158743;503299;
5159150;503377;
5159557;503336;
5159964;503395;
5160370;503362;
5160777;503303;
5161184;503348;
5161590;503306;
5161997;503356;
5162404;503270;
5162810;503350;
5163217;503322;
5163624;503257;
5164031;503321;
5164437;503304;
5164844;503297;
5165251;503299;
5165657;503326;
5166064;503337;
5166471;503271;
5166877;503367;
5167284;503286;
5167691;503361;
5168097;503344;
5168504;503341;
5168911;503323;
5169318;503309;
5169724;503299;
5170131;503300;
5170538;503303;
5170944;503350;
5171351;503304;
5171758;503301;
5172165;503308;
5172571;503298;
5172978;503378;
5173385;503288;
5173792;503320;
5174198;503298;
5174605;503378;
5175012;503329;
5175418;503278;
5175825;503297;
5176232;503324;
5176639;503307;
5177045;503339;
5177452;503321;
5177859;503311;
5178266;503349;
5178672;503345;
5179079;503312;
5179486;503343;
5179892;503328;
5180299;503295;
5180706;503332;
5181113;503290;
5181519;503349;
5181926;503313;
5182333;503301;
5182739;503350;
5183146;503293;
5183553;503332;
5183960;503344;
5184366;503328;
5184773;503309;
5185180;503335;
5185587;503286;
5185993;503313;
5186400;503345;
5186807;503355;
5187213;503304;
5187620;503293;
5188027;503266;
5188433;503293;
5188840;503299;
5189247;503307;
5189653;503295;
5190060;503287;
5190467;503345;
5190873;503333;
5191280;503321;
5191687;503328;
5192094;503338;
5192500;503331;
5192907;503286;
5193314;503339;
5193720;503302;
5194127;503300;
5194534;503288;
5194940;503274;
5195347;503354;
5195754;503250;
5196160;503362;
5196567;503260;
5196974;503331;
5197381;503290;
5197787;503308;
5198194;503311;
5198601;503281;
5199007;503331;
5199414;503327;
5199821;503308;
5200227;503338;
5200634;503284;
5201041;503371;
5201447;503245;
5201854;503294;
5202261;503314;
5202667;503273;
5203074;503281;
5203481;503268;
5203888;503319;
5204294;503349;
5204701;503338;
5205108;503354;
5205514;503291;
5205921;503346;
5206328;503284;
5206734;503401;
5207141;503328;
5207548;503258;
5207954;503287;
5208361;503234;
5208768;503347;
5209175;503239;
5209581;503297;
5209988;503290;
5210395;503327;
5210801;503345;
5211208;503314;
5211615;503339;
5212021;503304;
5212428;503276;
5212835;503401;
5213242;503297;
5213648;503355;
5214055;503287;
5214462;503333;
5214868;503363;
5215275;503220;
5215682;503334;
5216089;503223;
5216495;503370;
5216902;503287;
5217309;503288;
5217715;503285;
5218122;503279;
5218529;503316;
5218935;503301;
5219342;503277;
5219749;503324;
5220156;503297;
5220562;503373;
5220969;503253;
5221376;503283;
5221782;503270;
5222189;503275;
5222596;503277;
5223002;503323;
5223409;503329;
5223816;503322;
5224223;503328;
5224629;503321;
5225036;503266;
5225443;503351;
5225849;503282;
5226256;503296;
5226663;503296;
5227069;503279;
5227476;503280;
5227883;503332;
5228290;503328;
5228696;503281;
5229103;503276;
5229510;503316;
5229916;503327;
5230323;503318;
5230730;503275;
5231137;503334;
5231543;503259;
5231950;503290;
5232357;503302;
5232763;503273;
5233170;503356;
5233577;503321;
5233983;503340;
5234390;503376;
5234797;503244;
5235204;503286;
5235610;503265;
5236017;503341;
5236424;503304;
5236830;503300;
5237237;503305;
5237644;503298;
5238050;503313;
5238457;503275;
5238864;503299;
5239270;503315;
5239677;503306;
5240084;503313;
5240490;503284;
5240897;503296;
5241304;503317;
5241710;503321;
5242117;503287;
5242524;503299;
5242930;503338;
5243337;503272;
5243744;503357;
5244151;503283;
5244557;503311;
5244964;503363;
5245371;503299;
5245777;503325;
5246184;503286;
5246591;503312;
5246997;503337;
5247404;503320;
5247811;503345;
5248217;503261;
5248624;503316;
5249031;503262;
5249438;503324;
5249844;503270;
5250251;503275;
5250658;503332;
5251064;503297;
5251471;503305;
5251878;503202;
5252284;503289;
5252691;503311;
5253098;503227;
5253504;503316;
5253911;503211;
5254318;503345;
5254724;503248;
5255131;503342;
5255538;503359;
5255944;503285;
5256351;503317;
5256758;503329;
5257165;503328;
5257571;503315;
5257978;503226;
5258385;503321;
5258791;503341;
5259198;503310;
5259605;503300;
5260011;503284;
5260418;503372;
5260825;503261;
5261231;503288;
5261638;503300;
5262045;503288;
5262451;503324;
5262858;503251;
5263265;503303;
5263672;503286;
5264078;503332;
5264485;503284;
5264892;503318;
5265298;503340;
5265705;503309;
5266112;503310;
5266518;503259;
5266925;503312;
5267332;503286;
5267739;503278;
5268145;503311;
5268552;503289;
5268959;503328;
5269365;503303;
5269772;503310;
5270179;503328;
5270585;503331;
5270992;503377;
5271399;503308;
5271806;503329;
5272212;503302;
5272619;503303;
5273026;503298;
5273432;503293;
5273839;503343;
5274246;503260;
5274652;503299;
5275059;503283;
5275466;503314;
5275873;503323;
5276279;503302;
5276686;503305;
5277093;503275;
5277499;503270;
5277906;503323;
5278313;503318;
5278719;503306;
5279126;503315;
5279533;503304;
5279940;503277;
5280346;503317;
5280753;503317;
5281160;503255;
5281566;503323;
5281973;503251;
5282380;503299;
5282786;503317;
5283193;503332;
5283600;503331;
5284007;503295;
5284413;503365;
5284820;503308;
5285227;503272;
5285633;503290;
5286040;503226;
5286447;503347;
5286854;503291;
5287260;503326;
5287667;503313;
5288074;503277;
5288480;503336;
5288887;503301;
5289294;503345;
5289701;503360;
5290107;503281;
5290514;503296;
5290921;503264;
5291327;503345;
5291734;503283;
5292141;503318;
5292548;503374;
5292954;503241;
5293361;503301;
5293768;503284;
5294174;503312;
5294581;503340;
5294988;503296;
5295395;503327;
5295801;503293;
5296208;503326;
5296615;503295;
5297021;503362;
5297428;503305;
5297835;503291;
5298241;503353;
5298648;503337;
5299055;503364;
5299462;503312;
5299868;503267;
5300275;503331;
5300682;503311;
5301088;503299;
5301495;503320;
5301902;503363;
5302309;503295;
5302715;503309;
5303122;503311;
5303529;503324;
5303935;503377;
5304342;503369;
5304749;503306;
5305156;503281;
5305562;503312;
5305969;503318;
5306376;503252;
5306782;503293;
5307189;503315;
5307596;503335;
5308002;503385;
5308409;503288;
5308816;503329;
5309223;503320;
5309629;503296;
5310036;503357;
5310443;503319;
5310850;503324;
5311256;503320;
5311663;503296;
5312070;503332;
5312476;503307;
5312883;503318;
5313290;503310;
5313696;503323;
5314103;503347;
5314510;503309;
5314917;503321;
5315323;503283;
5315730;503280;
5316137;503367;
5316544;503320;
5316950;503272;
5317357;503316;
5317764;503346;
5318170;503315;
5318577;503326;
5318984;503315;
5319390;503368;
5319797;503304;
5320204;503334;
5320611;503339;
5321017;503289;
5321424;503388;
5321831;503293;
5322238;503314;
5322644;503320;
5323051;503253;
5323458;503350;
5323864;503298;
5324271;503291;
5324678;503347;
5325085;503274;
5325491;503387;
5325898;503243;
5326305;503357;
5326712;503299;
5327118;503292;
5327525;503297;
5327932;503290;
5328338;503310;
5328745;503252;
5329152;503290;
5329559;503303;
5329965;503293;
5330372;503304;
5330779;503313;
5331186;503335;
5331592;503350;
5331999;503353;
5332406;503316;
5332812;503277;
5333219;503343;
5333626;503312;
5334033;503312;
5334439;503293;
5334846;503277;
5335253;503342;
5335659;503299;
5336066;503310;
5336473;503313;
5336880;503352;
5337286;503318;
5337693;503280;
5338100;503329;
5338506;503291;
5338913;503368;
5339320;503337;
5339727;503316;
5340133;503310;
5340540;503308;
5340947;503378;
5341353;503324;
5341760;503336;
5342167;503312;
5342574;503297;
5342980;503334;
5343387;503284;
5343794;503308;
5344200;503271;
5344607;503353;
5345014;503359;
5345421;503303;
5345827;503308;
5346234;503291;
5346641;503350;
5347047;503303;
5347454;503337;
5347861;503379;
5348268;503318;
5348674;503355;
5349081;503322;
5349488;503346;
5349894;503327;
5350301;503272;
5350708;503330;
5351115;503273;
5351521;503363;
5351928;503332;
5352335;503341;
5352741;503336;
5353148;503286;
5353555;503362;
5353962;503281;
5354368;503311;
5354775;503271;
5355182;503301;
5355588;503324;
5355995;503312;
5356402;503360;
5356808;503336;
5357215;503264;
5357622;503344;
5358029;503317;
5358435;503341;
5358842;503309;
5359249;503339;
5359656;503392;
5360062;503332;
5360469;503360;
5360876;503241;
5361282;503328;
5361689;503342;
5362096;503352;
5362502;503332;
5362909;503291;
5363316;503360;
5363723;503334;
5364129;503316;
5364536;503326;
5364943;503301;
5365350;503294;
5365756;503302;
5366163;503355;
5366570;503328;
5366976;503309;
5367383;503379;
5367790;503309;
5368196;503271;
5368603;503330;
5369010;503328;
5369417;503376;
5369823;503329;
5370230;503323;
5370637;503312;
5371043;503346;
5371450;503356;
5371857;503255;
5372264;503324;
5372670;503302;
5373077;503414;
5373484;503325;
5373890;503370;
5374297;503286;
5374704;503331;
5375110;503291;
5375517;503335;
5375924;503338;
5376331;503359;
5376737;503279;
5377144;503313;
5377551;503339;
5377957;503346;
5378364;503280;
5378771;503377;
5379177;503358;
5379584;503330;
5379991;503320;
5380398;503329;
5380804;503376;
5381211;503288;
5381618;503359;
5382024;503320;
5382431;503317;
5382838;503341;
5383244;503324;
5383651;503357;
5384058;503328;
5384465;503335;
5384871;503392;
5385278;503294;
5385685;503344;
5386091;503315;
5386498;503338;
5386905;503403;
5387311;503270;
5387718;503393;
5388125;503301;
5388531;503408;
5388938;503341;
5389345;503346;
5389751;503319;
5390158;503326;
5390565;503359;
5390971;503278;
5391378;503361;
5391785;503346;
5392191;503326;
5392598;503367;
5393005;503353;
5393412;503371;
5393818;503306;
5394225;503339;
5394632;503314;
5395038;503267;
5395445;503387;
5395852;503234;
5396258;503356;
5396665;503307;
5397072;503306;
5397478;503327;
5397885;503275;
5398292;503358;
5398698;503309;
5399105;503354;
5399512;503282;
5399919;503303;
5400325;503327;
5400732;503316;
5401139;503332;
5401545;503321;
5401952;503308;
5402359;503327;
5402765;503340;
5403172;503311;
5403579;503280;
5403986;503305;
5404392;503288;
5404799;503364;
5405206;503338;
5405612;503284;
5406019;503347;
5406426;503315;
5406833;503321;
5407239;503259;
5407646;503270;
5408053;503367;
5408459;503240;
5408866;503404;
5409273;503350;
5409679;503347;
5410086;503319;
5410493;503258;
5410899;503413;
5411306;503283;
5411713;503330;
5412119;503308;
5412526;503347;
5412933;503330;
5413340;503359;
5413746;503337;
5414153;503291;
5414560;503295;
5414966;503380;
5415373;503294;
5415780;503346;
5416186;503357;
5416593;503332;
5417000;503340;
5417406;503287;
5417813;503390;
5418220;503267;
5418626;503344;
5419033;503270;
5419440;503360;
5419847;503343;
5420253;503283;
5420660;503344;
5421067;503334;
5421473;503349;
5421880;503337;
5422287;503293;
5422693;503377;
5423100;503316;
5423507;503357;
5423913;503310;
5424320;503280;
5424727;503321;
5425134;503328;
5425540;503363;
5425947;503284;
5426354;503329;
5426760;503373;
5427167;503418;
5427574;503323;
5427980;503344;
5428387;503353;
5428794;503335;
5429200;503318;
5429607;503361;
5430014;503324;
5430421;503397;
5430827;503324;
5431234;503341;
5431641;503315;
5432048;503264;
5432454;503425;
5432861;503229;
5433268;503400;
5433674;503281;
5434081;503328;
5434488;503355;
5434895;503325;
5435301;503332;
5435708;503342;
5436115;503374;
5436521;503374;
5436928;503308;
5437335;503341;
5437742;503335;
5438148;503349;
5438555;503378;
5438962;503310;
5439369;503303;
5439775;503317;
5440182;503406;
5440589;503297;
5440995;503369;
5441402;503320;
5441809;503382;
5442216;503359;
5442622;503350;
5443029;503333;
5443436;503355;
5443842;503372;
5444249;503359;
5444656;503346;
5445063;503400;
5445469;503341;
5445876;503434;
5446283;503298;
5446689;503340;
5447096;503361;
5447503;503282;
5447909;503395;
5448316;503295;
5448723;503326;
5449129;503305;
5449536;503352;
5449943;503362;
5450350;503351;
5450756;503284;
5451163;503356;
5451570;503364;
5451976;503287;
5452383;503377;
5452790;503370;
5453196;503330;
5453603;503374;
5454010;503348;
5454416;503306;
5454823;503388;
5455230;503372;
5455637;503375;
5456043;503217;
5456450;503340;
5456857;503323;
5457263;503339;
5457670;503357;
5458077;503325;
5458483;503333;
5458890;503303;
5459297;503339;
5459704;503362;
5460110;503289;
5460517;503350;
5460924;503342;
5461330;503362;
5461737;503382;
5462144;503300;
5462550;503407;
5462957;503268;
5463364;503403;
5463770;503303;
5464177;503306;
5464584;503309;
5464990;503270;
5465397;503339;
5465804;503319;
5466211;503308;
5466617;503356;
5467024;503306;
5467431;503421;
5467837;503252;
5468244;503386;
5468651;503330;
5469057;503340;
5469464;503331;
5469871;503280;
5470277;503413;
5470684;503309;
5471091;503376;
5471498;503304;
5471904;503352;
5472311;503358;
5472718;503398;
5473124;503339;
5473531;503299;
5473938;503339;
5474344;503387;
5474751;503337;
5475158;503318;
5475564;503289;
5475971;503359;
5476378;503372;
5476785;503292;
5477191;503350;
5477598;503249;
5478005;503417;
5478411;503262;
5478818;503316;
5479225;503363;
5479631;503300;
5480038;503350;
5480445;503296;
5480851;503342;
5481258;503289;
5481665;503401;
5482071;503333;
5482478;503352;
5482885;503330;
5483292;503333;
5483698;503315;
5484105;503304;
5484512;503300;
5484918;503377;
5485325;503259;
5485732;503351;
5486138;503311;
5486545;503362;
5486952;503345;
5487359;503341;
5487765;503352;
5488172;503330;
5488579;503378;
5488985;503322;
5489392;503327;
5489799;503346;
