4068758;283778;
4069165;283746;
4069571;283720;
4069978;283758;
4070385;283782;
4070791;283750;
4071198;283740;
4071605;283762;
4072011;283745;
4072418;283715;
4072825;283773;
4073231;283748;
4073638;283755;
4074045;283756;
4074451;283711;
4074858;283750;
4075265;283753;
4075671;283794;
4076078;283721;
4076485;283780;
4076891;283740;
4077298;283752;
4077705;283708;
4078111;283796;
4078518;283764;
4078924;283735;
4079331;283784;
4079738;283728;
4080144;283747;
4080551;283803;
4080958;283754;
4081364;283779;
4081771;283712;
4082178;283766;
4082584;283765;
4082991;283756;
4083398;283760;
4083804;283779;
4084211;283780;
4084618;283761;
4085024;283763;
4085431;283837;
4085838;283745;
4086244;283734;
4086651;283731;
4087058;283745;
4087464;283745;
4087871;283765;
4088278;283793;
4088684;283735;
4089091;283754;
4089498;283784;
4089905;283724;
4090311;283741;
4090718;283749;
4091125;283764;
4091531;283783;
4091938;283775;
4092345;283740;
4092751;283782;
4093158;283806;
4093565;283699;
4093971;283785;
4094378;283788;
4094785;283771;
4095191;283743;
4095598;283692;
4096005;283819;
4096411;283750;
4096818;283744;
4097225;283759;
4097632;283767;
4098038;283802;
4098445;283767;
4098852;283765;
4099258;283761;
4099665;283770;
4100072;283756;
4100478;283763;
4100885;283789;
4101292;283753;
4101699;283810;
4102105;283732;
4102512;283756;
4102919;283796;
4103325;283774;
4103732;283782;
4104139;283731;
4104545;283760;
4104952;283754;
4105359;283768;
4105765;283757;
4106172;283793;
4106579;283764;
4106985;283730;
4107392;283738;
4107799;283779;
4108205;283772;
4108612;283827;
4109019;283746;
4109425;283778;
4109832;283762;
4110239;283758;
4110645;283775;
4111052;283735;
4111459;283813;
4111866;283760;
4112272;283808;
4112679;283777;
4113086;283758;
4113492;283775;
4113899;283754;
4114306;283806;
4114712;283758;
4115119;283743;
4115526;283775;
4115932;283814;
4116339;283749;
4116746;283765;
4117152;283752;
4117559;283757;
4117966;283767;
4118372;283746;
4118779;283774;
4119186;283765;
4119592;283706;
4119999;283800;
4120406;283762;
4120812;283779;
4121219;283770;
4121626;283766;
4122033;283779;
4122439;283762;
4122846;283753;
4123253;283747;
4123659;283768;
4124066;283784;
4124473;283780;
4124879;283738;
4125286;283739;
4125693;283781;
4126099;283753;
4126506;283738;
4126913;283791;
4127319;283740;
4127726;283801;
4128133;283768;
4128539;283775;
4128946;283775;
4129353;283768;
4129759;283777;
4130166;283751;
4130573;283744;
4130979;283822;
4131386;283714;
4131793;283807;
4132199;283819;
4132606;283779;
4133013;283803;
4133419;283739;
4133826;283773;
4134233;283771;
4134639;283764;
4135046;283764;
4135453;283819;
4135859;283780;
4136266;283744;
4136673;283776;
4137079;283734;
4137486;283794;
4137893;283760;
4138299;283783;
4138706;283804;
4139113;283770;
4139519;283801;
4139926;283770;
4140333;283770;
4140739;283716;
4141146;283756;
4141553;283821;
4141959;283773;
4142366;283824;
4142773;283774;
4143179;283740;
4143586;283811;
4143993;283741;
4144399;283818;
4144806;283770;
4145213;283783;
4145620;283830;
4146026;283743;
4146433;283794;
4146840;283782;
4147246;283808;
4147653;283779;
4148060;283845;
4148466;283792;
4148873;283747;
4149280;283792;
4149686;283737;
4150093;283824;
4150500;283780;
4150906;283795;
4151313;283738;
4151720;283786;
4152126;283812;
4152533;283767;
4152940;283793;
4153346;283818;
4153753;283806;
4154160;283769;
4154566;283759;
4154973;283782;
4155380;283796;
4155786;283739;
4156193;283795;
4156600;283744;
4157007;283827;
4157413;283763;
4157820;283810;
4158227;283749;
4158633;283773;
4159040;283812;
4159447;283762;
4159853;283821;
4160260;283778;
4160667;283796;
4161073;283778;
4161480;283767;
4161887;283809;
4162293;283751;
4162700;283767;
4163107;283739;
4163513;283825;
4163920;283782;
4164327;283808;
4164733;283763;
4165140;283771;
4165547;283816;
4165953;283800;
4166360;283738;
4166767;283829;
4167173;283780;
4167580;283765;
4167987;283786;
4168394;283783;
4168800;283803;
4169207;283781;
4169614;283842;
4170020;283761;
4170427;283789;
4170834;283770;
4171240;283773;
4171647;283829;
4172054;283808;
4172460;283779;
4172867;283795;
4173274;283824;
4173680;283793;
4174087;283796;
4174494;283834;
4174901;283808;
4175307;283802;
4175714;283754;
4176121;283776;
4176527;283774;
4176934;283762;
4177341;283822;
4177747;283765;
4178154;283752;
4178561;283765;
4178967;283781;
4179374;283766;
4179781;283840;
4180187;283785;
4180594;283761;
4181001;283827;
4181407;283807;
4181814;283763;
4182221;283761;
4182628;283763;
4183034;283800;
4183441;283812;
4183848;283764;
4184254;283792;
4184661;283811;
4185068;283800;
4185474;283783;
4185881;283769;
4186288;283801;
4186694;283770;
4187101;283804;
4187508;283793;
4187915;283784;
4188321;283815;
4188728;283788;
4189135;283844;
4189541;283782;
4189948;283816;
4190355;283852;
4190761;283778;
4191168;283788;
4191575;283805;
4191982;283806;
4192388;283780;
4192795;283791;
4193202;283834;
4193608;283817;
4194015;283832;
4194422;283747;
4194828;283746;
4195235;283784;
4195642;283784;
4196048;283835;
4196455;283757;
4196862;283785;
4197269;283853;
4197675;283776;
4198082;283770;
4198489;283853;
4198895;283796;
4199302;283811;
4199709;283813;
4200115;283764;
4200522;283786;
4200929;283842;
4201335;283782;
4201742;283800;
4202149;283800;
4202555;283805;
4202962;283779;
4203369;283795;
4203776;283806;
4204182;283793;
4204589;283845;
4204996;283749;
4205402;283825;
4205809;283780;
4206216;283763;
4206622;283847;
4207029;283809;
4207436;283760;
4207843;283840;
4208249;283842;
4208656;283819;
4209063;283777;
4209469;283772;
4209876;283769;
4210283;283787;
4210689;283757;
4211096;283755;
4211503;283784;
4211910;283799;
4212316;283801;
4212723;283792;
4213130;283775;
4213537;283814;
4213943;283795;
4214350;283768;
4214757;283741;
4215163;283799;
4215570;283781;
4215977;283815;
4216384;283796;
4216790;283747;
4217197;283792;
4217604;283815;
4218010;283772;
4218417;283807;
4218824;283776;
4219231;283808;
4219637;283798;
4220044;283791;
4220451;283813;
4220857;283777;
4221264;283814;
4221671;283822;
4222078;283822;
4222484;283775;
4222891;283836;
4223298;283810;
4223705;283789;
4224111;283827;
4224518;283812;
4224925;283779;
4225331;283785;
4225738;283810;
4226145;283833;
4226551;283786;
4226958;283838;
4227365;283756;
4227772;283843;
4228178;283834;
4228585;283784;
4228992;283872;
4229398;283759;
4229805;283782;
4230212;283827;
4230618;283797;
4231025;283826;
4231432;283784;
4231839;283795;
4232245;283786;
4232652;283793;
4233059;283790;
4233465;283784;
4233872;283826;
4234279;283780;
4234686;283847;
4235092;283807;
4235499;283822;
4235906;283780;
4236312;283823;
4236719;283791;
4237126;283806;
4237533;283769;
4237939;283804;
4238346;283778;
4238753;283841;
4239160;283831;
4239566;283855;
4239973;283773;
4240380;283818;
4240786;283863;
4241193;283776;
4241600;283794;
4242007;283797;
4242413;283800;
4242820;283788;
4243227;283774;
4243634;283801;
4244040;283797;
4244447;283838;
4244854;283832;
4245260;283847;
4245667;283864;
4246074;283791;
4246481;283843;
4246887;283807;
4247294;283833;
4247701;283819;
4248107;283808;
4248514;283775;
4248921;283803;
4249328;283856;
4249734;283831;
4250141;283826;
4250548;283823;
4250955;283788;
4251361;283842;
4251768;283779;
4252175;283828;
4252581;283850;
4252988;283801;
4253395;283857;
4253802;283770;
4254208;283842;
4254615;283808;
4255022;283854;
4255428;283812;
4255835;283805;
4256242;283859;
4256649;283795;
4257055;283875;
4257462;283825;
4257869;283764;
4258275;283831;
4258682;283821;
4259089;283831;
4259495;283784;
4259902;283828;
4260309;283809;
4260716;283797;
4261122;283788;
4261529;283804;
4261936;283812;
4262342;283770;
4262749;283829;
4263156;283806;
4263562;283782;
4263969;283813;
4264376;283817;
4264782;283788;
4265189;283842;
4265596;283824;
4266003;283819;
4266409;283771;
4266816;283788;
4267223;283818;
4267629;283774;
4268036;283811;
4268443;283822;
4268849;283826;
4269256;283787;
4269663;283796;
4270070;283848;
4270476;283791;
4270883;283813;
4271290;283881;
4271696;283831;
4272103;283820;
4272510;283806;
4272916;283834;
4273323;283770;
4273730;283844;
4274137;283816;
4274543;283865;
4274950;283804;
4275357;283840;
4275763;283828;
4276170;283841;
4276577;283847;
4276984;283802;
4277390;283807;
4277797;283801;
4278204;283823;
4278610;283805;
4279017;283821;
4279424;283833;
4279830;283792;
4280237;283814;
4280644;283858;
4281050;283766;
4281457;283796;
4281864;283780;
4282271;283865;
4282677;283799;
4283084;283761;
4283491;283802;
4283897;283796;
4284304;283803;
4284711;283821;
4285118;283828;
4285524;283832;
4285931;283802;
4286338;283852;
4286744;283807;
4287151;283850;
4287558;283845;
4287964;283794;
4288371;283837;
4288778;283820;
4289184;283840;
4289591;283813;
4289998;283839;
4290404;283822;
4290811;283816;
4291218;283822;
4291625;283806;
4292031;283824;
4292438;283843;
4292845;283851;
4293251;283832;
4293658;283833;
4294065;283839;
4294471;283807;
4294878;283847;
4295285;283850;
4295691;283795;
4296098;283844;
4296505;283788;
4296912;283806;
4297318;283819;
4297725;283842;
4298132;283829;
4298538;283804;
4298945;283823;
4299352;283831;
4299758;283829;
4300165;283808;
4300572;283850;
4300979;283827;
4301385;283804;
4301792;283851;
4302199;283811;
4302605;283845;
4303012;283796;
4303419;283789;
4303826;283837;
4304232;283801;
4304639;283859;
4305046;283781;
4305452;283831;
4305859;283845;
4306266;283821;
4306672;283850;
4307079;283867;
4307486;283818;
4307893;283865;
4308299;283830;
4308706;283819;
4309113;283827;
4309519;283760;
4309926;283852;
4310333;283862;
4310739;283807;
4311146;283857;
4311553;283800;
4311960;283827;
4312366;283822;
4312773;283793;
4313180;283814;
4313586;283844;
4313993;283791;
4314400;283862;
4314806;283868;
4315213;283826;
4315620;283839;
4316027;283794;
4316433;283822;
4316840;283781;
4317247;283856;
4317653;283875;
4318060;283802;
4318467;283800;
4318874;283810;
4319280;283885;
4319687;283834;
4320094;283834;
4320500;283829;
4320907;283784;
4321314;283871;
4321721;283787;
4322127;283817;
4322534;283808;
4322941;283850;
4323347;283835;
4323754;283818;
4324161;283849;
4324567;283816;
4324974;283870;
4325381;283852;
4325788;283841;
4326194;283873;
4326601;283828;
4327008;283866;
4327414;283830;
4327821;283841;
4328228;283824;
4328634;283789;
4329041;283836;
4329448;283851;
4329855;283867;
4330261;283815;
4330668;283830;
4331075;283874;
4331481;283797;
4331888;283848;
4332295;283848;
4332701;283839;
4333108;283834;
4333515;283882;
4333922;283826;
4334328;283771;
4334735;283819;
4335142;283787;
4335548;283809;
4335955;283836;
4336362;283826;
4336768;283866;
4337175;283810;
4337582;283859;
4337989;283838;
4338395;283813;
4338802;283813;
4339209;283894;
4339615;283874;
4340022;283852;
4340429;283848;
4340835;283869;
4341242;283794;
4341649;283857;
4342056;283823;
4342462;283805;
4342869;283800;
4343276;283818;
4343682;283836;
4344089;283790;
4344496;283846;
4344903;283843;
4345309;283809;
4345716;283873;
4346123;283806;
4346529;283857;
4346936;283793;
4347343;283831;
4347750;283842;
4348156;283801;
4348563;283854;
4348970;283836;
4349376;283865;
4349783;283807;
4350190;283829;
4350597;283869;
4351003;283818;
4351410;283866;
4351817;283826;
4352223;283830;
4352630;283831;
4353037;283892;
4353443;283871;
4353850;283840;
4354257;283864;
4354664;283785;
4355070;283848;
4355477;283812;
4355884;283831;
4356290;283883;
4356697;283822;
4357104;283867;
4357510;283816;
4357917;283811;
4358324;283873;
4358730;283854;
4359137;283840;
4359544;283806;
4359950;283832;
4360357;283838;
4360764;283846;
4361170;283833;
4361577;283831;
4361984;283845;
4362391;283835;
4362797;283877;
4363204;283900;
4363611;283806;
4364017;283830;
4364424;283875;
4364831;283833;
4365237;283848;
4365644;283831;
4366051;283849;
4366457;283809;
4366864;283822;
4367271;283797;
4367677;283836;
4368084;283841;
4368491;283831;
4368898;283865;
4369304;283823;
4369711;283806;
4370118;283855;
4370524;283835;
4370931;283853;
4371338;283836;
4371744;283827;
4372151;283803;
4372558;283840;
4372964;283889;
4373371;283818;
4373778;283863;
4374185;283822;
4374591;283818;
4374998;283856;
4375405;283855;
4375811;283868;
4376218;283831;
4376625;283863;
4377031;283834;
4377438;283869;
4377845;283851;
4378251;283858;
4378658;283860;
4379065;283819;
4379471;283870;
4379878;283829;
4380285;283808;
4380691;283770;
4381098;283795;
4381505;283859;
4381911;283837;
4382318;283824;
4382725;283841;
4383132;283819;
4383538;283857;
4383945;283852;
4384352;283852;
4384758;283872;
4385165;283817;
4385572;283846;
4385978;283883;
4386385;283858;
4386792;283833;
4387198;283849;
4387605;283833;
4388012;283835;
4388418;283857;
4388825;283808;
4389232;283868;
4389639;283826;
4390045;283876;
4390452;283833;
4390859;283813;
4391265;283859;
4391672;283812;
4392079;283841;
4392485;283810;
4392892;283818;
4393299;283866;
4393706;283868;
4394112;283839;
4394519;283845;
4394926;283843;
4395332;283843;
4395739;283793;
4396146;283839;
4396553;283826;
4396959;283872;
4397366;283821;
4397773;283861;
4398179;283848;
4398586;283861;
4398993;283813;
4399399;283844;
4399806;283841;
4400213;283860;
4400619;283835;
4401026;283857;
4401433;283819;
4401840;283850;
4402246;283841;
4402653;283855;
4403060;283859;
4403466;283795;
4403873;283828;
4404280;283818;
4404687;283817;
4405093;283864;
4405500;283852;
4405907;283896;
4406313;283821;
4406720;283851;
4407127;283815;
4407534;283918;
4407940;283882;
4408347;283807;
4408754;283812;
4409160;283849;
4409567;283862;
4409974;283840;
4410380;283864;
4410787;283876;
4411194;283816;
4411601;283876;
4412007;283868;
4412414;283899;
4412821;283909;
4413227;283847;
4413634;283899;
4414041;283822;
4414448;283848;
4414854;283874;
4415261;283882;
4415668;283853;
4416074;283849;
4416481;283875;
4416888;283862;
4417295;283816;
4417701;283850;
4418108;283826;
4418515;283870;
4418921;283795;
4419328;283871;
4419735;283792;
4420141;283847;
4420548;283858;
4420955;283814;
4421362;283875;
4421768;283871;
4422175;283872;
4422582;283889;
4422988;283849;
4423395;283911;
4423802;283849;
4424208;283861;
4424615;283820;
4425022;283868;
4425428;283826;
4425835;283869;
4426242;283862;
4426648;283881;
4427055;283854;
4427462;283837;
4427869;283874;
4428275;283830;
4428682;283839;
4429089;283876;
4429495;283890;
4429902;283842;
4430309;283868;
4430715;283827;
4431122;283850;
4431529;283828;
4431935;283868;
4432342;283807;
4432749;283836;
4433155;283841;
4433562;283812;
4433969;283851;
4434376;283820;
4434782;283816;
4435189;283828;
4435596;283833;
4436002;283873;
4436409;283836;
4436816;283853;
4437222;283886;
4437629;283841;
4438036;283873;
4438442;283830;
4438849;283915;
4439256;283862;
4439662;283870;
4440069;283848;
4440476;283874;
4440882;283862;
4441289;283805;
4441696;283851;
4442102;283824;
4442509;283836;
4442916;283870;
4443323;283846;
4443729;283865;
4444136;283824;
4444543;283829;
4444949;283838;
4445356;283846;
4445763;283823;
4446169;283815;
4446576;283832;
4446983;283859;
4447389;283845;
4447796;283850;
4448203;283840;
4448609;283892;
4449016;283833;
4449423;283832;
4449829;283842;
4450236;283790;
4450643;283849;
4451049;283861;
4451456;283867;
4451863;283862;
4452269;283855;
4452676;283838;
4453083;283896;
4453489;283864;
4453896;283867;
4454303;283838;
4454710;283850;
4455116;283842;
4455523;283873;
4455930;283825;
4456336;283867;
4456743;283844;
4457150;283824;
4457556;283889;
4457963;283852;
4458370;283888;
4458776;283819;
4459183;283870;
4459590;283810;
4459996;283849;
4460403;283847;
4460810;283841;
4461216;283863;
4461623;283845;
4462030;283842;
4462436;283832;
4462843;283853;
4463250;283888;
4463657;283852;
4464063;283887;
4464470;283879;
4464877;283841;
4465283;283853;
4465690;283824;
4466097;283853;
4466503;283852;
4466910;283857;
4467317;283845;
4467724;283912;
4468130;283908;
4468537;283857;
4468944;283910;
4469350;283816;
4469757;283848;
4470164;283914;
4470571;283848;
4470977;283861;
4471384;283832;
4471791;283860;
4472197;283850;
4472604;283862;
4473011;283925;
4473417;283881;
4473824;283856;
4474231;283889;
4474638;283877;
4475044;283846;
4475451;283856;
4475858;283851;
4476264;283859;
4476671;283865;
4477078;283849;
4477485;283831;
4477891;283898;
4478298;283826;
4478705;283859;
4479111;283848;
4479518;283835;
4479925;283868;
4480332;283844;
4480738;283852;
4481145;283838;
4481552;283866;
4481958;283829;
4482365;283799;
4482772;283865;
4483178;283845;
4483585;283874;
4483992;283871;
4484399;283839;
4484805;283887;
4485212;283857;
4485619;283849;
4486026;283820;
4486432;283835;
4486839;283845;
4487246;283888;
4487652;283841;
4488059;283898;
4488466;283892;
4488873;283852;
4489279;283894;
4489686;283815;
4490093;283918;
4490499;283849;
4490906;283825;
4491313;283898;
4491720;283824;
4492126;283892;
4492533;283829;
4492940;283818;
4493346;283871;
4493753;283861;
4494160;283810;
4494566;283878;
4494973;283884;
4495380;283896;
4495787;283854;
4496193;283853;
4496600;283874;
4497007;283880;
4497413;283924;
4497820;283850;
4498227;283859;
4498633;283837;
4499040;283838;
4499447;283852;
4499854;283865;
4500260;283897;
4500667;283922;
4501074;283899;
4501480;283881;
4501887;283875;
4502294;283861;
4502700;283849;
4503107;283861;
4503514;283863;
4503921;283835;
4504327;283880;
4504734;283812;
4505141;283835;
4505547;283859;
4505954;283902;
4506361;283887;
4506768;283869;
4507174;283846;
4507581;283836;
4507988;283850;
4508394;283855;
4508801;283895;
4509208;283855;
4509614;283893;
4510021;283868;
4510428;283786;
4510835;283898;
4511241;283873;
4511648;283857;
4512055;283847;
4512461;283880;
4512868;283891;
4513275;283839;
4513681;283893;
4514088;283835;
4514495;283862;
4514901;283873;
4515308;283857;
4515715;283865;
4516122;283840;
4516528;283870;
4516935;283907;
4517342;283848;
4517748;283844;
4518155;283854;
4518562;283888;
4518969;283832;
4519375;283857;
4519782;283882;
4520189;283874;
4520595;283878;
4521002;283853;
4521409;283874;
4521815;283906;
4522222;283860;
4522629;283867;
4523036;283855;
4523442;283881;
4523849;283811;
4524256;283865;
4524662;283884;
4525069;283886;
4525476;283861;
4525882;283832;
4526289;283859;
4526696;283868;
4527102;283885;
4527509;283878;
4527916;283853;
4528323;283844;
4528729;283835;
4529136;283869;
4529543;283813;
4529950;283863;
4530356;283891;
4530763;283831;
4531170;283893;
4531576;283842;
4531983;283913;
4532390;283821;
4532796;283868;
4533203;283882;
4533610;283869;
4534017;283859;
4534423;283842;
4534830;283893;
4535237;283890;
4535643;283877;
4536050;283892;
4536457;283870;
4536863;283873;
4537270;283853;
4537677;283876;
4538083;283882;
4538490;283853;
4538897;283887;
4539304;283868;
4539710;283840;
4540117;283889;
4540524;283851;
4540930;283898;
4541337;283874;
4541744;283863;
4542150;283867;
4542557;283901;
4542964;283896;
4543371;283865;
4543777;283876;
4544184;283873;
4544591;283872;
4544997;283850;
4545404;283849;
4545811;283867;
4546217;283844;
4546624;283857;
4547031;283875;
4547438;283859;
4547844;283862;
4548251;283826;
4548658;283888;
4549064;283818;
4549471;283857;
4549878;283891;
4550285;283859;
4550691;283869;
4551098;283811;
4551505;283842;
4551911;283815;
4552318;283875;
4552725;283875;
4553131;283849;
4553538;283880;
4553945;283854;
4554352;283868;
4554758;283867;
4555165;283844;
4555572;283879;
4555978;283854;
4556385;283865;
4556792;283858;
4557198;283893;
4557605;283904;
4558012;283854;
4558419;283952;
4558825;283874;
4559232;283840;
4559639;283886;
4560045;283878;
4560452;283862;
4560859;283881;
4561266;283847;
4561672;283863;
4562079;283866;
4562486;283875;
4562892;283884;
4563299;283874;
4563706;283871;
4564113;283878;
4564519;283847;
4564926;283908;
4565333;283891;
4565739;283865;
4566146;283863;
4566553;283779;
4566960;283897;
4567366;283901;
4567773;283852;
4568180;283880;
4568586;283849;
4568993;283842;
4569400;283855;
4569807;283903;
4570213;283865;
4570620;283912;
4571027;283873;
4571433;283840;
4571840;283870;
4572247;283868;
4572654;283834;
4573060;283888;
4573467;283854;
4573874;283902;
4574280;283861;
4574687;283889;
4575094;283907;
4575501;283876;
4575907;283881;
4576314;283926;
4576721;283907;
4577127;283875;
4577534;283869;
4577941;283833;
4578348;283828;
4578754;283878;
4579161;283841;
4579568;283866;
4579974;283895;
4580381;283859;
4580788;283897;
4581194;283847;
4581601;283920;
4582008;283839;
4582415;283867;
4582821;283826;
4583228;283844;
4583635;283879;
4584041;283866;
4584448;283886;
4584855;283878;
4585262;283837;
4585668;283891;
4586075;283852;
4586482;283854;
4586888;283801;
4587295;283908;
4587702;283889;
4588108;283866;
4588515;283870;
4588922;283853;
4589329;283847;
4589735;283839;
4590142;283912;
4590549;283840;
4590955;283848;
4591362;283865;
4591769;283838;
4592175;283898;
4592582;283865;
4592989;283886;
4593396;283899;
4593802;283856;
4594209;283891;
4594616;283873;
4595023;283937;
4595429;283902;
4595836;283872;
4596243;283909;
4596649;283826;
4597056;283858;
4597463;283880;
4597869;283873;
4598276;283863;
4598683;283895;
4599090;283914;
4599496;283832;
4599903;283859;
4600310;283876;
4600716;283842;
4601123;283847;
4601530;283849;
4601936;283874;
4602343;283890;
4602750;283865;
4603157;283830;
4603563;283893;
4603970;283869;
4604377;283900;
4604783;283849;
4605190;283879;
4605597;283825;
4606004;283901;
4606410;283937;
4606817;283909;
4607224;283886;
4607631;283849;
4608037;283884;
4608444;283825;
4608851;283914;
4609257;283870;
4609664;283858;
4610071;283905;
4610477;283870;
4610884;283920;
4611291;283838;
4611697;283867;
4612104;283881;
4612511;283898;
4612918;283867;
4613324;283894;
4613731;283850;
4614138;283881;
4614544;283871;
4614951;283879;
4615358;283819;
4615764;283891;
4616171;283883;
4616578;283894;
4616984;283881;
4617391;283870;
4617798;283900;
4618205;283865;
4618611;283868;
4619018;283860;
4619425;283908;
4619831;283864;
4620238;283853;
4620645;283904;
4621052;283860;
4621458;283878;
4621865;283840;
4622272;283865;
4622678;283867;
4623085;283855;
4623492;283858;
4623899;283911;
4624305;283883;
4624712;283858;
4625119;283845;
4625525;283882;
4625932;283828;
4626339;283912;
4626746;283882;
4627152;283858;
4627559;283889;
4627966;283925;
4628373;283865;
4628779;283867;
4629186;283879;
4629593;283861;
4629999;283889;
4630406;283859;
4630813;283888;
4631220;283879;
4631626;283870;
4632033;283902;
4632440;283848;
4632846;283888;
4633253;283887;
4633660;283880;
4634067;283879;
4634473;283872;
4634880;283892;
4635287;283872;
4635694;283897;
4636100;283919;
4636507;283857;
4636914;283885;
4637320;283862;
4637727;283883;
4638134;283857;
4638540;283878;
4638947;283897;
4639354;283898;
4639761;283889;
4640167;283893;
4640574;283862;
4640981;283902;
4641387;283893;
4641794;283911;
4642201;283882;
4642608;283885;
4643014;283918;
4643421;283835;
4643828;283870;
4644234;283874;
4644641;283850;
4645048;283941;
4645455;283835;
4645861;283905;
4646268;283836;
4646675;283883;
4647081;283888;
4647488;283865;
4647895;283915;
4648301;283867;
4648708;283851;
4649115;283881;
4649521;283860;
4649928;283922;
4650335;283864;
4650742;283887;
4651148;283853;
4651555;283878;
4651962;283864;
4652368;283868;
4652775;283895;
4653182;283871;
4653588;283873;
4653995;283912;
4654402;283902;
4654809;283893;
4655215;283868;
4655622;283858;
4656029;283865;
4656435;283897;
4656842;283878;
4657249;283896;
4657655;283879;
4658062;283891;
4658469;283867;
4658875;283870;
4659282;283847;
4659689;283869;
4660096;283862;
4660502;283908;
4660909;283890;
4661316;283881;
4661722;283871;
4662129;283883;
4662536;283853;
4662943;283900;
4663349;283876;
4663756;283861;
4664163;283836;
4664569;283872;
4664976;283874;
4665383;283908;
4665789;283880;
4666196;283863;
4666603;283875;
4667010;283847;
4667416;283908;
4667823;283873;
4668230;283807;
4668636;283892;
4669043;283875;
4669450;283855;
4669856;283877;
4670263;283902;
4670670;283869;
4671077;283915;
4671483;283855;
4671890;283843;
4672297;283873;
4672703;283887;
4673110;283879;
4673517;283909;
4673923;283907;
4674330;283859;
4674737;283884;
4675143;283863;
4675550;283899;
4675957;283941;
4676364;283866;
4676770;283917;
4677177;283865;
4677584;283870;
4677990;283901;
4678397;283869;
4678804;283911;
4679211;283841;
4679617;283877;
4680024;283918;
4680431;283916;
4680838;283920;
4681244;283840;
4681651;283860;
4682058;283894;
4682464;283878;
