4068759;496584;
4069166;496528;
4069572;496490;
4069979;496539;
4070386;496526;
4070792;496590;
4071199;496499;
4071606;496571;
4072012;496492;
4072419;496564;
4072826;496572;
4073232;496474;
4073639;496588;
4074046;496533;
4074452;496596;
4074859;496523;
4075266;496605;
4075672;496553;
4076079;496481;
4076485;496621;
4076892;496569;
4077299;496544;
4077705;496525;
4078112;496498;
4078519;496579;
4078925;496480;
4079332;496610;
4079739;496549;
4080145;496531;
4080552;496537;
4080959;496511;
4081365;496546;
4081772;496502;
4082179;496557;
4082585;496577;
4082992;496527;
4083399;496599;
4083805;496478;
4084212;496542;
4084619;496581;
4085025;496499;
4085432;496558;
4085839;496522;
4086245;496513;
4086652;496552;
4087059;496532;
4087465;496545;
4087872;496524;
4088279;496568;
4088685;496474;
4089092;496583;
4089499;496506;
4089906;496528;
4090312;496575;
4090719;496540;
4091126;496616;
4091532;496530;
4091939;496587;
4092346;496526;
4092752;496510;
4093159;496648;
4093566;496535;
4093972;496541;
4094379;496562;
4094786;496586;
4095192;496584;
4095599;496526;
4096006;496565;
4096412;496510;
4096819;496532;
4097226;496567;
4097633;496584;
4098039;496597;
4098446;496501;
4098853;496553;
4099259;496539;
4099666;496560;
4100073;496585;
4100479;496542;
4100886;496524;
4101293;496498;
4101699;496608;
4102106;496504;
4102513;496567;
4102920;496628;
4103326;496524;
4103733;496596;
4104140;496531;
4104546;496589;
4104953;496564;
4105360;496590;
4105766;496610;
4106173;496547;
4106580;496587;
4106986;496560;
4107393;496570;
4107800;496579;
4108206;496566;
4108613;496625;
4109020;496537;
4109426;496572;
4109833;496556;
4110240;496542;
4110646;496579;
4111053;496530;
4111460;496579;
4111867;496567;
4112273;496594;
4112680;496579;
4113087;496535;
4113493;496626;
4113900;496533;
4114307;496578;
4114713;496570;
4115120;496594;
4115527;496591;
4115933;496535;
4116340;496625;
4116747;496573;
4117153;496607;
4117560;496537;
4117967;496565;
4118373;496594;
4118780;496529;
4119187;496661;
4119593;496562;
4120000;496562;
4120407;496570;
4120813;496575;
4121220;496634;
4121627;496507;
4122033;496629;
4122440;496590;
4122847;496544;
4123254;496619;
4123660;496553;
4124067;496589;
4124474;496615;
4124880;496563;
4125287;496644;
4125694;496559;
4126100;496639;
4126507;496564;
4126914;496543;
4127320;496557;
4127727;496605;
4128134;496567;
4128540;496521;
4128947;496629;
4129354;496569;
4129760;496557;
4130167;496557;
4130574;496565;
4130980;496599;
4131387;496594;
4131794;496605;
4132200;496576;
4132607;496579;
4133014;496583;
4133420;496545;
4133827;496662;
4134234;496573;
4134640;496583;
4135047;496599;
4135454;496538;
4135860;496628;
4136267;496567;
4136674;496582;
4137080;496556;
4137487;496666;
4137894;496613;
4138300;496564;
4138707;496595;
4139114;496536;
4139520;496602;
4139927;496601;
4140334;496575;
4140740;496574;
4141147;496544;
4141554;496644;
4141960;496584;
4142367;496560;
4142774;496606;
4143180;496578;
4143587;496631;
4143994;496541;
4144400;496561;
4144807;496597;
4145214;496557;
4145621;496607;
4146027;496593;
4146434;496598;
4146841;496570;
4147247;496602;
4147654;496605;
4148061;496571;
4148467;496623;
4148874;496597;
4149281;496590;
4149687;496562;
4150094;496618;
4150501;496593;
4150907;496548;
4151314;496569;
4151721;496595;
4152127;496654;
4152534;496561;
4152941;496601;
4153347;496644;
4153754;496558;
4154161;496607;
4154567;496608;
4154974;496652;
4155381;496632;
4155787;496584;
4156194;496638;
4156601;496547;
4157007;496642;
4157414;496603;
4157821;496621;
4158228;496606;
4158634;496576;
4159041;496656;
4159448;496570;
4159854;496610;
4160261;496619;
4160668;496546;
4161074;496638;
4161481;496577;
4161888;496585;
4162294;496533;
4162701;496584;
4163108;496643;
4163514;496594;
4163921;496599;
4164328;496576;
4164734;496651;
4165141;496605;
4165548;496519;
4165954;496616;
4166361;496585;
4166768;496625;
4167174;496576;
4167581;496594;
4167988;496577;
4168394;496599;
4168801;496564;
4169208;496604;
4169615;496622;
4170021;496554;
4170428;496603;
4170835;496602;
4171241;496529;
4171648;496569;
4172055;496574;
4172461;496602;
4172868;496602;
4173275;496588;
4173681;496622;
4174088;496572;
4174495;496617;
4174901;496620;
4175308;496597;
4175715;496643;
4176122;496595;
4176528;496691;
4176935;496552;
4177342;496662;
4177748;496550;
4178155;496604;
4178562;496601;
4178968;496582;
4179375;496602;
4179782;496566;
4180188;496665;
4180595;496592;
4181002;496626;
4181408;496659;
4181815;496577;
4182222;496612;
4182629;496630;
4183035;496624;
4183442;496656;
4183849;496569;
4184255;496601;
4184662;496624;
4185069;496631;
4185475;496656;
4185882;496573;
4186289;496619;
4186695;496575;
4187102;496655;
4187509;496620;
4187915;496591;
4188322;496638;
4188729;496585;
4189136;496673;
4189542;496594;
4189949;496661;
4190356;496654;
4190762;496612;
4191169;496641;
4191576;496645;
4191982;496653;
4192389;496652;
4192796;496545;
4193203;496635;
4193609;496638;
4194016;496625;
4194423;496607;
4194829;496603;
4195236;496577;
4195643;496564;
4196049;496645;
4196456;496574;
4196863;496618;
4197270;496626;
4197676;496634;
4198083;496595;
4198490;496597;
4198896;496655;
4199303;496612;
4199710;496677;
4200116;496608;
4200523;496628;
4200930;496648;
4201336;496530;
4201743;496700;
4202150;496604;
4202556;496595;
4202963;496660;
4203370;496614;
4203776;496641;
4204183;496528;
4204590;496638;
4204997;496583;
4205403;496593;
4205810;496668;
4206217;496589;
4206623;496615;
4207030;496600;
4207437;496667;
4207844;496631;
4208250;496623;
4208657;496596;
4209064;496614;
4209470;496631;
4209877;496596;
4210284;496605;
4210690;496618;
4211097;496615;
4211504;496646;
4211911;496615;
4212317;496642;
4212724;496654;
4213131;496620;
4213538;496655;
4213944;496565;
4214351;496591;
4214758;496651;
4215164;496652;
4215571;496613;
4215978;496654;
4216385;496628;
4216791;496561;
4217198;496662;
4217605;496605;
4218011;496661;
4218418;496693;
4218825;496597;
4219232;496683;
4219638;496640;
4220045;496629;
4220452;496648;
4220858;496624;
4221265;496626;
4221672;496602;
4222079;496592;
4222485;496654;
4222892;496636;
4223299;496684;
4223705;496612;
4224112;496678;
4224519;496636;
4224926;496674;
4225332;496631;
4225739;496576;
4226146;496654;
4226552;496587;
4226959;496712;
4227366;496645;
4227772;496644;
4228179;496694;
4228586;496588;
4228993;496707;
4229399;496618;
4229806;496682;
4230213;496642;
4230619;496626;
4231026;496658;
4231433;496576;
4231840;496646;
4232246;496604;
4232653;496602;
4233060;496642;
4233466;496627;
4233873;496664;
4234280;496576;
4234687;496666;
4235093;496618;
4235500;496606;
4235907;496708;
4236313;496667;
4236720;496650;
4237127;496668;
4237534;496671;
4237940;496656;
4238347;496591;
4238754;496693;
4239161;496579;
4239567;496648;
4239974;496647;
4240381;496659;
4240787;496700;
4241194;496580;
4241601;496679;
4242008;496635;
4242414;496630;
4242821;496623;
4243228;496631;
4243635;496684;
4244041;496599;
4244448;496683;
4244855;496622;
4245261;496604;
4245668;496727;
4246075;496593;
4246482;496704;
4246888;496647;
4247295;496666;
4247702;496673;
4248108;496660;
4248515;496636;
4248922;496598;
4249329;496667;
4249735;496636;
4250142;496667;
4250549;496684;
4250955;496680;
4251362;496711;
4251769;496642;
4252176;496654;
4252582;496702;
4252989;496617;
4253396;496716;
4253802;496644;
4254209;496709;
4254616;496675;
4255023;496623;
4255429;496655;
4255836;496661;
4256243;496694;
4256650;496688;
4257056;496725;
4257463;496654;
4257870;496663;
4258276;496674;
4258683;496603;
4259090;496681;
4259496;496623;
4259903;496653;
4260310;496629;
4260717;496653;
4261123;496691;
4261530;496613;
4261937;496680;
4262343;496632;
4262750;496628;
4263157;496657;
4263563;496619;
4263970;496658;
4264377;496602;
4264783;496663;
4265190;496624;
4265597;496596;
4266003;496684;
4266410;496615;
4266817;496644;
4267224;496621;
4267630;496658;
4268037;496713;
4268444;496662;
4268850;496653;
4269257;496598;
4269664;496650;
4270070;496666;
4270477;496681;
4270884;496738;
4271291;496638;
4271697;496669;
4272104;496598;
4272511;496622;
4272917;496596;
4273324;496678;
4273731;496748;
4274138;496658;
4274544;496705;
4274951;496619;
4275358;496679;
4275764;496733;
4276171;496628;
4276578;496726;
4276984;496688;
4277391;496730;
4277798;496712;
4278205;496622;
4278611;496698;
4279018;496587;
4279425;496618;
4279831;496694;
4280238;496610;
4280645;496728;
4281051;496679;
4281458;496700;
4281865;496618;
4282272;496664;
4282678;496666;
4283085;496663;
4283492;496646;
4283898;496618;
4284305;496662;
4284712;496627;
4285119;496678;
4285525;496736;
4285932;496636;
4286339;496733;
4286745;496659;
4287152;496645;
4287559;496657;
4287965;496704;
4288372;496693;
4288779;496639;
4289185;496671;
4289592;496711;
4289999;496630;
4290405;496664;
4290812;496609;
4291219;496677;
4291626;496663;
4292032;496668;
4292439;496657;
4292846;496619;
4293252;496687;
4293659;496666;
4294066;496681;
4294472;496692;
4294879;496681;
4295286;496678;
4295692;496656;
4296099;496646;
4296506;496658;
4296912;496656;
4297319;496680;
4297726;496589;
4298133;496650;
4298539;496619;
4298946;496695;
4299353;496720;
4299759;496714;
4300166;496681;
4300573;496652;
4300980;496679;
4301386;496601;
4301793;496741;
4302200;496632;
4302606;496666;
4303013;496650;
4303420;496656;
4303827;496735;
4304233;496604;
4304640;496700;
4305047;496649;
4305453;496646;
4305860;496695;
4306267;496629;
4306673;496711;
4307080;496653;
4307487;496684;
4307894;496681;
4308300;496693;
4308707;496680;
4309114;496685;
4309520;496678;
4309927;496634;
4310334;496686;
4310740;496719;
4311147;496636;
4311554;496694;
4311960;496659;
4312367;496653;
4312774;496634;
4313181;496658;
4313587;496707;
4313994;496660;
4314401;496665;
4314807;496645;
4315214;496666;
4315621;496718;
4316028;496692;
4316434;496705;
4316841;496612;
4317248;496708;
4317654;496671;
4318061;496684;
4318468;496706;
4318875;496635;
4319281;496703;
4319688;496652;
4320095;496658;
4320501;496656;
4320908;496642;
4321315;496752;
4321722;496648;
4322128;496692;
4322535;496729;
4322942;496619;
4323348;496695;
4323755;496646;
4324162;496707;
4324568;496629;
4324975;496689;
4325382;496700;
4325789;496665;
4326195;496708;
4326602;496646;
4327009;496691;
4327415;496646;
4327822;496636;
4328229;496704;
4328635;496694;
4329042;496722;
4329449;496706;
4329855;496681;
4330262;496714;
4330669;496651;
4331076;496714;
4331482;496715;
4331889;496660;
4332296;496671;
4332702;496687;
4333109;496741;
4333516;496660;
4333923;496703;
4334329;496654;
4334736;496725;
4335143;496690;
4335549;496648;
4335956;496694;
4336363;496648;
4336769;496708;
4337176;496705;
4337583;496669;
4337990;496736;
4338396;496693;
4338803;496715;
4339210;496620;
4339616;496718;
4340023;496692;
4340430;496696;
4340836;496785;
4341243;496642;
4341650;496700;
4342057;496680;
4342463;496718;
4342870;496727;
4343277;496675;
4343683;496783;
4344090;496655;
4344497;496704;
4344904;496663;
4345310;496659;
4345717;496727;
4346124;496720;
4346530;496752;
4346937;496691;
4347344;496696;
4347751;496693;
4348157;496687;
4348564;496699;
4348971;496662;
4349377;496720;
4349784;496617;
4350191;496663;
4350597;496712;
4351004;496616;
4351411;496692;
4351818;496639;
4352224;496729;
4352631;496689;
4353038;496662;
4353444;496711;
4353851;496629;
4354258;496678;
4354664;496640;
4355071;496705;
4355478;496655;
4355885;496698;
4356291;496736;
4356698;496659;
4357105;496695;
4357511;496683;
4357918;496713;
4358325;496722;
4358731;496702;
4359138;496705;
4359545;496683;
4359951;496705;
4360358;496662;
4360765;496723;
4361171;496735;
4361578;496681;
4361985;496668;
4362391;496723;
4362798;496686;
4363205;496766;
4363612;496660;
4364018;496712;
4364425;496721;
4364832;496654;
4365238;496749;
4365645;496665;
4366052;496737;
4366458;496669;
4366865;496684;
4367272;496711;
4367678;496656;
4368085;496678;
4368492;496699;
4368899;496734;
4369305;496683;
4369712;496707;
4370119;496703;
4370525;496655;
4370932;496709;
4371339;496667;
4371745;496665;
4372152;496731;
4372559;496632;
4372965;496764;
4373372;496660;
4373779;496764;
4374186;496681;
4374592;496668;
4374999;496706;
4375406;496656;
4375812;496687;
4376219;496662;
4376626;496754;
4377032;496650;
4377439;496663;
4377846;496715;
4378252;496710;
4378659;496758;
4379066;496667;
4379472;496699;
4379879;496690;
4380286;496681;
4380692;496747;
4381099;496637;
4381506;496702;
4381912;496742;
4382319;496736;
4382726;496694;
4383132;496641;
4383539;496742;
4383946;496693;
4384353;496720;
4384759;496732;
4385166;496688;
4385573;496774;
4385979;496644;
4386386;496805;
4386793;496690;
4387199;496722;
4387606;496701;
4388013;496719;
4388419;496768;
4388826;496658;
4389233;496777;
4389640;496697;
4390046;496672;
4390453;496747;
4390860;496646;
4391266;496783;
4391673;496698;
4392080;496742;
4392486;496690;
4392893;496674;
4393300;496766;
4393707;496696;
4394113;496740;
4394520;496706;
4394927;496649;
4395333;496733;
4395740;496693;
4396147;496796;
4396553;496666;
4396960;496711;
4397367;496720;
4397774;496710;
4398180;496680;
4398587;496667;
4398994;496745;
4399400;496743;
4399807;496682;
4400214;496740;
4400621;496737;
4401027;496744;
4401434;496714;
4401841;496709;
4402247;496702;
4402654;496773;
4403061;496767;
4403467;496646;
4403874;496701;
4404281;496679;
4404687;496747;
4405094;496675;
4405501;496699;
4405908;496706;
4406314;496706;
4406721;496770;
4407128;496656;
4407535;496724;
4407941;496744;
4408348;496753;
4408755;496754;
4409161;496743;
4409568;496777;
4409975;496724;
4410381;496688;
4410788;496786;
4411195;496709;
4411602;496739;
4412008;496691;
4412415;496747;
4412822;496784;
4413228;496703;
4413635;496786;
4414042;496717;
4414449;496775;
4414855;496705;
4415262;496711;
4415669;496708;
4416075;496708;
4416482;496746;
4416889;496734;
4417296;496765;
4417702;496765;
4418109;496678;
4418516;496748;
4418922;496691;
4419329;496774;
4419736;496679;
4420142;496749;
4420549;496749;
4420956;496623;
4421363;496760;
4421769;496700;
4422176;496745;
4422583;496743;
4422989;496717;
4423396;496769;
4423803;496715;
4424209;496753;
4424616;496710;
4425023;496702;
4425429;496735;
4425836;496793;
4426243;496754;
4426649;496753;
4427056;496772;
4427463;496694;
4427869;496659;
4428276;496702;
4428683;496743;
4429090;496744;
4429496;496735;
4429903;496705;
4430310;496836;
4430716;496687;
4431123;496740;
4431530;496684;
4431936;496747;
4432343;496718;
4432750;496717;
4433156;496741;
4433563;496692;
4433970;496758;
4434376;496733;
4434783;496754;
4435190;496697;
4435597;496743;
4436003;496742;
4436410;496671;
4436817;496697;
4437223;496773;
4437630;496759;
4438037;496753;
4438443;496650;
4438850;496718;
4439257;496714;
4439663;496759;
4440070;496704;
4440477;496715;
4440883;496728;
4441290;496700;
4441697;496761;
4442103;496757;
4442510;496765;
4442917;496738;
4443323;496767;
4443730;496766;
4444137;496714;
4444544;496730;
4444950;496736;
4445357;496748;
4445764;496731;
4446170;496655;
4446577;496793;
4446984;496730;
4447390;496744;
4447797;496743;
4448204;496743;
4448610;496735;
4449017;496655;
4449424;496758;
4449830;496762;
4450237;496685;
4450644;496770;
4451050;496738;
4451457;496786;
4451864;496737;
4452270;496717;
4452677;496797;
4453084;496705;
4453490;496749;
4453897;496642;
4454304;496724;
4454710;496730;
4455117;496735;
4455524;496728;
4455931;496639;
4456337;496733;
4456744;496746;
4457151;496731;
4457557;496774;
4457964;496703;
4458371;496738;
4458777;496702;
4459184;496768;
4459591;496692;
4459997;496759;
4460404;496734;
4460811;496753;
4461217;496762;
4461624;496722;
4462031;496723;
4462437;496712;
4462844;496720;
4463251;496817;
4463658;496668;
4464064;496810;
4464471;496747;
4464878;496758;
4465284;496729;
4465691;496693;
4466098;496783;
4466504;496716;
4466911;496773;
4467318;496674;
4467724;496807;
4468131;496742;
4468538;496738;
4468945;496738;
4469351;496733;
4469758;496731;
4470165;496693;
4470571;496724;
4470978;496744;
4471385;496718;
4471792;496761;
4472198;496777;
4472605;496693;
4473012;496760;
4473418;496687;
4473825;496793;
4474232;496703;
4474639;496715;
4475045;496705;
4475452;496725;
4475859;496774;
4476265;496745;
4476672;496767;
4477079;496711;
4477485;496703;
4477892;496756;
4478299;496697;
4478706;496779;
4479112;496750;
4479519;496784;
4479926;496737;
4480332;496729;
4480739;496782;
4481146;496698;
4481553;496796;
4481959;496703;
4482366;496751;
4482773;496689;
4483179;496710;
4483586;496729;
4483993;496661;
4484400;496760;
4484806;496736;
4485213;496729;
4485620;496721;
4486026;496667;
4486433;496751;
4486840;496710;
4487247;496791;
4487653;496727;
4488060;496721;
4488467;496820;
4488873;496713;
4489280;496768;
4489687;496696;
4490094;496734;
4490500;496805;
4490907;496682;
4491314;496761;
4491721;496761;
4492127;496801;
4492534;496752;
4492941;496686;
4493347;496786;
4493754;496728;
4494161;496773;
4494567;496705;
4494974;496688;
4495381;496772;
4495788;496724;
4496194;496769;
4496601;496739;
4497008;496724;
4497414;496767;
4497821;496695;
4498228;496790;
4498634;496733;
4499041;496740;
4499448;496762;
4499855;496696;
4500261;496796;
4500668;496743;
4501075;496797;
4501481;496751;
4501888;496802;
4502295;496724;
4502701;496689;
4503108;496753;
4503515;496739;
4503922;496780;
4504328;496724;
4504735;496760;
4505142;496738;
4505548;496735;
4505955;496771;
4506362;496676;
4506768;496753;
4507175;496683;
4507582;496774;
4507989;496812;
4508395;496710;
4508802;496832;
4509209;496720;
4509615;496800;
4510022;496767;
4510429;496695;
4510835;496763;
4511242;496744;
4511649;496769;
4512056;496702;
4512462;496759;
4512869;496758;
4513276;496738;
4513682;496779;
4514089;496681;
4514496;496742;
4514902;496791;
4515309;496660;
4515716;496782;
4516123;496733;
4516529;496753;
4516936;496759;
4517343;496687;
4517749;496811;
4518156;496783;
4518563;496762;
4518969;496741;
4519376;496791;
4519783;496767;
4520190;496715;
4520596;496806;
4521003;496730;
4521410;496790;
4521816;496727;
4522223;496783;
4522630;496771;
4523036;496689;
4523443;496825;
4523850;496718;
4524257;496732;
4524663;496755;
4525070;496748;
4525477;496744;
4525883;496725;
4526290;496780;
4526697;496782;
4527103;496765;
4527510;496773;
4527917;496712;
4528324;496772;
4528730;496758;
4529137;496769;
4529544;496698;
4529950;496768;
4530357;496768;
4530764;496699;
4531171;496830;
4531577;496708;
4531984;496800;
4532391;496740;
4532797;496727;
4533204;496742;
4533611;496732;
4534018;496790;
4534424;496785;
4534831;496763;
4535238;496756;
4535644;496716;
4536051;496752;
4536458;496785;
4536864;496719;
4537271;496706;
4537678;496810;
4538084;496723;
4538491;496732;
4538898;496771;
4539305;496734;
4539711;496764;
4540118;496732;
4540525;496793;
4540931;496791;
4541338;496701;
4541745;496783;
4542151;496808;
4542558;496711;
4542965;496755;
4543372;496686;
4543778;496796;
4544185;496723;
4544592;496695;
4544998;496689;
4545405;496721;
4545812;496802;
4546218;496723;
4546625;496725;
4547032;496753;
4547439;496709;
4547845;496723;
4548252;496760;
4548659;496756;
4549065;496678;
4549472;496801;
4549879;496809;
4550286;496750;
4550692;496845;
4551099;496713;
4551506;496796;
4551912;496689;
4552319;496773;
4552726;496822;
4553132;496736;
4553539;496768;
4553946;496725;
4554353;496744;
4554759;496712;
4555166;496694;
4555573;496789;
4555979;496683;
4556386;496802;
4556793;496716;
4557199;496740;
4557606;496724;
4558013;496693;
4558420;496790;
4558826;496711;
4559233;496756;
4559640;496774;
4560046;496700;
4560453;496773;
4560860;496688;
4561267;496815;
4561673;496729;
4562080;496780;
4562487;496797;
4562893;496711;
4563300;496787;
4563707;496784;
4564114;496772;
4564520;496687;
4564927;496748;
4565334;496784;
4565740;496698;
4566147;496750;
4566554;496767;
4566961;496764;
4567367;496785;
4567774;496734;
4568181;496773;
4568587;496734;
4568994;496877;
4569401;496762;
4569808;496736;
4570214;496704;
4570621;496761;
4571028;496754;
4571434;496696;
4571841;496764;
4572248;496753;
4572655;496718;
4573061;496777;
4573468;496681;
4573875;496724;
4574281;496754;
4574688;496768;
4575095;496767;
4575502;496701;
4575908;496739;
4576315;496730;
4576722;496753;
4577128;496777;
4577535;496762;
4577942;496795;
4578349;496755;
4578755;496754;
4579162;496737;
4579569;496775;
4579975;496784;
4580382;496745;
4580789;496793;
4581195;496761;
4581602;496771;
4582009;496725;
4582416;496736;
4582822;496748;
4583229;496729;
4583636;496755;
4584042;496714;
4584449;496728;
4584856;496747;
4585263;496737;
4585669;496793;
4586076;496684;
4586483;496754;
4586889;496775;
4587296;496724;
4587703;496729;
4588109;496743;
4588516;496787;
4588923;496712;
4589330;496681;
4589736;496766;
4590143;496706;
4590550;496722;
4590956;496717;
4591363;496813;
4591770;496729;
4592176;496744;
4592583;496817;
4592990;496687;
4593397;496744;
4593803;496750;
4594210;496742;
4594617;496730;
4595023;496752;
4595430;496755;
4595837;496687;
4596244;496727;
4596650;496743;
4597057;496742;
4597464;496738;
4597870;496709;
4598277;496774;
4598684;496708;
4599091;496808;
4599497;496742;
4599904;496728;
4600311;496781;
4600717;496738;
4601124;496715;
4601531;496725;
4601937;496803;
4602344;496772;
4602751;496757;
4603158;496802;
4603564;496734;
4603971;496759;
4604378;496726;
4604784;496783;
4605191;496741;
4605598;496687;
4606005;496800;
4606411;496723;
4606818;496739;
4607225;496773;
4607631;496772;
4608038;496766;
4608445;496708;
4608852;496787;
4609258;496759;
4609665;496766;
4610072;496794;
4610478;496719;
4610885;496776;
4611292;496783;
4611698;496803;
4612105;496683;
4612512;496711;
4612919;496817;
4613325;496739;
4613732;496802;
4614139;496798;
4614545;496777;
4614952;496734;
4615359;496743;
4615765;496868;
4616172;496718;
4616579;496765;
4616985;496753;
4617392;496729;
4617799;496743;
4618206;496730;
4618612;496761;
4619019;496702;
4619426;496745;
4619832;496803;
4620239;496726;
4620646;496771;
4621053;496774;
4621459;496805;
4621866;496737;
4622273;496728;
4622679;496790;
4623086;496756;
4623493;496781;
4623900;496755;
4624306;496789;
4624713;496709;
4625120;496694;
4625526;496773;
4625933;496660;
4626340;496786;
4626747;496726;
4627153;496769;
4627560;496753;
4627967;496771;
4628374;496808;
4628780;496761;
4629187;496734;
4629594;496769;
4630000;496722;
4630407;496793;
4630814;496738;
4631221;496805;
4631627;496720;
4632034;496751;
4632441;496786;
4632847;496713;
4633254;496822;
4633661;496704;
4634068;496727;
4634474;496731;
4634881;496688;
4635288;496789;
4635694;496691;
4636101;496782;
4636508;496719;
4636915;496827;
4637321;496714;
4637728;496716;
4638135;496800;
4638541;496703;
4638948;496840;
4639355;496757;
4639762;496720;
4640168;496773;
4640575;496776;
4640982;496777;
4641388;496720;
4641795;496727;
4642202;496744;
4642609;496677;
4643015;496823;
4643422;496718;
4643829;496781;
4644235;496769;
4644642;496750;
4645049;496771;
4645455;496767;
4645862;496829;
4646269;496751;
4646676;496739;
4647082;496795;
4647489;496678;
4647896;496774;
4648302;496697;
4648709;496795;
4649116;496738;
4649522;496803;
4649929;496813;
4650336;496724;
4650743;496782;
4651149;496762;
4651556;496813;
4651963;496761;
4652369;496739;
4652776;496760;
4653183;496723;
4653589;496789;
4653996;496746;
4654403;496780;
4654809;496781;
4655216;496769;
4655623;496766;
4656030;496693;
4656436;496812;
4656843;496711;
4657250;496723;
4657656;496738;
4658063;496759;
4658470;496801;
4658876;496758;
4659283;496741;
4659690;496800;
4660097;496712;
4660503;496787;
4660910;496745;
4661317;496752;
4661723;496738;
4662130;496740;
4662537;496794;
4662943;496673;
4663350;496824;
4663757;496735;
4664164;496762;
4664570;496731;
4664977;496724;
4665384;496823;
4665790;496717;
4666197;496787;
4666604;496777;
4667010;496749;
4667417;496778;
4667824;496745;
4668231;496828;
4668637;496713;
4669044;496768;
4669451;496762;
4669857;496753;
4670264;496812;
4670671;496738;
4671078;496806;
4671484;496717;
4671891;496813;
4672298;496799;
4672704;496747;
4673111;496751;
4673518;496755;
4673924;496766;
4674331;496735;
4674738;496774;
4675144;496774;
4675551;496724;
4675958;496820;
4676365;496749;
4676771;496750;
4677178;496741;
4677585;496809;
4677991;496784;
4678398;496694;
4678805;496777;
4679212;496801;
4679618;496734;
4680025;496764;
4680432;496735;
4680838;496745;
4681245;496711;
4681652;496783;
4682059;496735;
4682465;496745;
