4886239;283174;
4886646;283091;
4887052;283218;
4887459;283156;
4887866;283198;
4888273;283172;
4888679;283223;
4889086;283228;
4889493;283225;
4889900;283258;
4890306;283256;
4890713;283296;
4891120;283284;
4891526;283302;
4891933;283315;
4892340;283297;
4892747;283268;
4893153;283335;
4893560;283338;
4893967;283365;
4894373;283389;
4894780;283442;
4895187;283399;
4895594;283378;
4896000;283394;
4896407;283371;
4896814;283364;
4897220;283386;
4897627;283412;
4898034;283444;
4898441;283395;
4898847;283408;
4899254;283438;
4899661;283465;
4900067;283446;
4900474;283446;
4900881;283447;
4901288;283465;
4901694;283477;
4902101;283494;
4902508;283465;
4902914;283508;
4903321;283472;
4903728;283474;
4904135;283461;
4904541;283517;
4904948;283515;
4905355;283516;
4905761;283531;
4906168;283523;
4906575;283509;
4906981;283527;
4907388;283522;
4907795;283519;
4908202;283518;
4908608;283532;
4909015;283586;
4909422;283578;
4909828;283539;
4910235;283582;
4910642;283526;
4911049;283560;
4911455;283586;
4911862;283555;
4912269;283611;
4912675;283616;
4913082;283588;
4913489;283565;
4913896;283628;
4914302;283606;
4914709;283568;
4915116;283579;
4915523;283566;
4915929;283605;
4916336;283619;
4916743;283598;
4917150;283612;
4917556;283588;
4917963;283602;
4918370;283630;
4918777;283611;
4919183;283579;
4919590;283656;
4919997;283632;
4920403;283605;
4920810;283617;
4921217;283632;
4921623;283638;
4922030;283660;
4922437;283662;
4922844;283652;
4923250;283629;
4923657;283655;
4924064;283644;
4924471;283654;
4924877;283632;
4925284;283661;
4925691;283618;
4926097;283641;
4926504;283716;
4926911;283653;
4927318;283645;
4927724;283650;
4928131;283666;
4928538;283655;
4928945;283715;
4929351;283627;
4929758;283702;
4930165;283695;
4930572;283668;
4930978;283628;
4931385;283671;
4931792;283653;
4932199;283666;
4932605;283644;
4933012;283643;
4933419;283687;
4933826;283654;
4934232;283675;
4934639;283711;
4935046;283681;
4935452;283700;
4935859;283662;
4936266;283650;
4936673;283696;
4937079;283721;
4937486;283666;
4937893;283679;
4938300;283692;
4938706;283663;
4939113;283701;
4939520;283704;
4939927;283714;
4940333;283696;
4940740;283708;
4941147;283705;
4941554;283719;
4941960;283723;
4942367;283729;
4942774;283728;
4943181;283732;
4943587;283708;
4943994;283702;
4944401;283694;
4944808;283712;
4945214;283787;
4945621;283771;
4946028;283723;
4946435;283726;
4946841;283754;
4947248;283710;
4947655;283722;
4948062;283712;
4948468;283708;
4948875;283757;
4949282;283733;
4949688;283723;
4950095;283733;
4950502;283721;
4950909;283704;
4951315;283742;
4951722;283741;
4952129;283716;
4952535;283702;
4952942;283724;
4953349;283743;
4953756;283734;
4954162;283701;
4954569;283725;
4954976;283754;
4955383;283704;
4955789;283725;
4956196;283746;
4956603;283697;
4957010;283716;
4957416;283687;
4957823;283758;
4958230;283761;
4958636;283714;
4959043;283734;
4959450;283742;
4959857;283755;
4960263;283724;
4960670;283728;
4961077;283779;
4961484;283705;
4961890;283815;
4962297;283767;
4962704;283735;
4963111;283745;
4963517;283746;
4963924;283747;
4964331;283742;
4964738;283718;
4965144;283718;
4965551;283723;
4965958;283698;
4966364;283697;
4966771;283738;
4967178;283743;
4967585;283756;
4967991;283748;
4968398;283798;
4968805;283769;
4969212;283741;
4969618;283765;
4970025;283726;
4970432;283752;
4970839;283716;
4971245;283753;
4971652;283760;
4972059;283759;
4972465;283807;
4972872;283759;
4973279;283771;
4973686;283764;
4974092;283762;
4974499;283744;
4974906;283750;
4975313;283753;
4975719;283716;
4976126;283742;
4976533;283792;
4976940;283779;
4977346;283750;
4977753;283723;
4978160;283782;
4978567;283754;
4978973;283762;
4979380;283771;
4979787;283728;
4980194;283825;
4980600;283770;
4981007;283786;
4981414;283775;
4981820;283789;
4982227;283780;
4982634;283790;
4983041;283765;
4983447;283775;
4983854;283798;
4984261;283783;
4984668;283756;
4985074;283811;
4985481;283765;
4985888;283767;
4986295;283807;
4986701;283786;
4987108;283764;
4987515;283789;
4987922;283735;
4988328;283836;
4988735;283761;
4989142;283818;
4989548;283756;
4989955;283830;
4990362;283773;
4990769;283747;
4991175;283787;
4991582;283726;
4991989;283792;
4992395;283752;
4992802;283820;
4993209;283839;
4993616;283801;
4994022;283796;
4994429;283754;
4994836;283779;
4995242;283796;
4995649;283771;
4996056;283799;
4996463;283790;
4996869;283818;
4997276;283780;
4997683;283794;
4998089;283780;
4998496;283776;
4998903;283810;
4999310;283763;
4999716;283831;
5000123;283748;
5000530;283766;
5000937;283819;
5001343;283753;
5001750;283806;
5002157;283832;
5002563;283794;
5002970;283784;
5003377;283763;
5003784;283831;
5004190;283801;
5004597;283785;
5005004;283774;
5005410;283757;
5005817;283784;
5006224;283797;
5006631;283804;
5007037;283762;
5007444;283765;
5007851;283804;
5008258;283791;
5008664;283813;
5009071;283823;
5009478;283828;
5009884;283800;
5010291;283825;
5010698;283798;
5011105;283776;
5011511;283814;
5011918;283785;
5012325;283806;
5012732;283808;
5013138;283820;
5013545;283801;
5013952;283798;
5014358;283774;
5014765;283819;
5015172;283768;
5015579;283818;
5015985;283770;
5016392;283834;
5016799;283756;
5017205;283769;
5017612;283785;
5018019;283744;
5018425;283791;
5018832;283788;
5019239;283795;
5019645;283822;
5020052;283781;
5020459;283814;
5020866;283821;
5021272;283786;
5021679;283829;
5022086;283798;
5022492;283817;
5022899;283790;
5023306;283809;
5023713;283822;
5024119;283792;
5024526;283783;
5024933;283790;
5025339;283813;
5025746;283802;
5026153;283791;
5026559;283805;
5026966;283856;
5027373;283818;
5027780;283844;
5028186;283797;
5028593;283804;
5029000;283845;
5029407;283799;
5029813;283819;
5030220;283801;
5030627;283759;
5031033;283834;
5031440;283801;
5031847;283790;
5032254;283768;
5032660;283853;
5033067;283817;
5033474;283834;
5033881;283770;
5034287;283803;
5034694;283787;
5035101;283806;
5035507;283810;
5035914;283817;
5036321;283790;
5036728;283827;
5037134;283815;
5037541;283779;
5037948;283803;
5038355;283831;
5038761;283833;
5039168;283824;
5039575;283850;
5039981;283801;
5040388;283816;
5040795;283839;
5041202;283791;
5041608;283812;
5042015;283810;
5042422;283820;
5042829;283768;
5043235;283804;
5043642;283814;
5044049;283868;
5044455;283821;
5044862;283875;
5045269;283825;
5045676;283795;
5046082;283829;
5046489;283822;
5046896;283763;
5047303;283817;
5047709;283837;
5048116;283868;
5048523;283847;
5048929;283780;
5049336;283823;
5049743;283817;
5050150;283772;
5050556;283859;
5050963;283847;
5051370;283822;
5051777;283785;
5052183;283805;
5052590;283813;
5052997;283800;
5053403;283831;
5053810;283847;
5054217;283837;
5054624;283821;
5055030;283776;
5055437;283840;
5055844;283814;
5056251;283823;
5056657;283790;
5057064;283816;
5057471;283807;
5057877;283820;
5058284;283833;
5058691;283813;
5059098;283827;
5059504;283822;
5059911;283805;
5060318;283857;
5060725;283798;
5061131;283817;
5061538;283826;
5061945;283785;
5062351;283854;
5062758;283786;
5063165;283801;
5063572;283772;
5063978;283837;
5064385;283791;
5064792;283769;
5065199;283836;
5065605;283799;
5066012;283836;
5066419;283821;
5066825;283816;
5067232;283793;
5067639;283825;
5068046;283805;
5068452;283842;
5068859;283855;
5069266;283797;
5069673;283860;
5070079;283819;
5070486;283811;
5070893;283832;
5071300;283816;
5071706;283791;
5072113;283778;
5072520;283846;
5072927;283836;
5073333;283806;
5073740;283800;
5074147;283802;
5074554;283821;
5074960;283829;
5075367;283835;
5075774;283846;
5076180;283798;
5076587;283834;
5076994;283814;
5077401;283862;
5077807;283801;
5078214;283762;
5078621;283810;
5079028;283747;
5079434;283815;
5079841;283802;
5080248;283795;
5080655;283856;
5081061;283781;
5081468;283864;
5081875;283823;
5082281;283804;
5082688;283810;
5083095;283799;
5083502;283819;
5083908;283842;
5084315;283808;
5084722;283809;
5085129;283817;
5085535;283865;
5085942;283811;
5086349;283878;
5086755;283825;
5087162;283814;
5087569;283828;
5087976;283870;
5088382;283831;
5088789;283773;
5089196;283842;
5089603;283799;
5090009;283830;
5090416;283817;
5090823;283794;
5091230;283870;
5091636;283818;
5092043;283802;
5092450;283790;
5092856;283802;
5093263;283852;
5093670;283791;
5094077;283835;
5094483;283888;
5094890;283826;
5095297;283842;
5095704;283835;
5096110;283798;
5096517;283822;
5096924;283785;
5097331;283789;
5097737;283810;
5098144;283815;
5098551;283813;
5098957;283754;
5099364;283845;
5099771;283819;
5100178;283834;
5100584;283852;
5100991;283816;
5101398;283744;
5101804;283823;
5102211;283806;
5102618;283836;
5103024;283812;
5103431;283805;
5103838;283815;
5104245;283823;
5104651;283833;
5105058;283825;
5105465;283855;
5105871;283822;
5106278;283831;
5106685;283875;
5107091;283849;
5107498;283803;
5107905;283839;
5108311;283807;
5108718;283844;
5109125;283821;
5109532;283815;
5109938;283820;
5110345;283852;
5110752;283837;
5111158;283804;
5111565;283829;
5111972;283767;
5112378;283817;
5112785;283836;
5113192;283826;
5113599;283828;
5114005;283823;
5114412;283813;
5114819;283816;
5115225;283851;
5115632;283839;
5116039;283831;
5116445;283817;
5116852;283828;
5117259;283792;
5117666;283838;
5118072;283810;
5118479;283860;
5118886;283839;
5119292;283852;
5119699;283808;
5120106;283809;
5120512;283865;
5120919;283826;
5121326;283828;
5121733;283816;
5122139;283805;
5122546;283802;
5122953;283846;
5123359;283836;
5123766;283807;
5124173;283830;
5124580;283867;
5124986;283842;
5125393;283818;
5125800;283849;
5126206;283821;
5126613;283810;
5127020;283821;
5127427;283824;
5127833;283855;
5128240;283858;
5128647;283778;
5129053;283812;
5129460;283846;
5129867;283826;
5130274;283780;
5130680;283812;
5131087;283809;
5131494;283815;
5131900;283826;
5132307;283812;
5132714;283816;
5133120;283829;
5133527;283808;
5133934;283863;
5134340;283801;
5134747;283793;
5135154;283833;
5135561;283809;
5135967;283822;
5136374;283835;
5136781;283853;
5137187;283812;
5137594;283782;
5138001;283815;
5138407;283802;
5138814;283804;
5139221;283824;
5139627;283799;
5140034;283835;
5140441;283832;
5140847;283861;
5141254;283779;
5141661;283837;
5142068;283830;
5142474;283832;
5142881;283847;
5143288;283832;
5143694;283835;
5144101;283810;
5144508;283827;
5144915;283866;
5145321;283806;
5145728;283791;
5146135;283815;
5146541;283811;
5146948;283816;
5147355;283830;
5147761;283790;
5148168;283801;
5148575;283878;
5148982;283813;
5149388;283819;
5149795;283807;
5150202;283810;
5150608;283793;
5151015;283842;
5151422;283844;
5151829;283826;
5152235;283829;
5152642;283765;
5153049;283852;
5153455;283814;
5153862;283810;
5154269;283816;
5154675;283806;
5155082;283861;
5155489;283842;
5155896;283810;
5156302;283833;
5156709;283832;
5157116;283796;
5157522;283795;
5157929;283841;
5158336;283826;
5158742;283806;
5159149;283828;
5159556;283872;
5159963;283817;
5160369;283837;
5160776;283838;
5161183;283840;
5161589;283830;
5161996;283819;
5162403;283813;
5162809;283818;
5163216;283791;
5163623;283820;
5164030;283809;
5164436;283848;
5164843;283850;
5165250;283781;
5165656;283839;
5166063;283781;
5166470;283856;
5166876;283801;
5167283;283866;
5167690;283840;
5168097;283841;
5168503;283824;
5168910;283802;
5169317;283796;
5169723;283879;
5170130;283841;
5170537;283795;
5170943;283862;
5171350;283809;
5171757;283840;
5172164;283787;
5172570;283850;
5172977;283862;
5173384;283793;
5173791;283804;
5174197;283827;
5174604;283811;
5175011;283846;
5175417;283851;
5175824;283824;
5176231;283821;
5176638;283826;
5177044;283801;
5177451;283864;
5177858;283830;
5178265;283828;
5178671;283859;
5179078;283844;
5179485;283827;
5179891;283788;
5180298;283837;
5180705;283871;
5181112;283827;
5181518;283875;
5181925;283823;
5182332;283848;
5182738;283872;
5183145;283861;
5183552;283861;
5183959;283825;
5184365;283872;
5184772;283880;
5185179;283805;
5185585;283824;
5185992;283825;
5186399;283854;
5186806;283839;
5187212;283815;
5187619;283837;
5188026;283842;
5188432;283841;
5188839;283836;
5189246;283843;
5189652;283812;
5190059;283840;
5190466;283855;
5190873;283854;
5191279;283812;
5191686;283825;
5192093;283826;
5192499;283805;
5192906;283785;
5193313;283804;
5193719;283800;
5194126;283874;
5194533;283830;
5194939;283852;
5195346;283869;
5195753;283850;
5196160;283881;
5196566;283780;
5196973;283887;
5197380;283826;
5197786;283842;
5198193;283845;
5198600;283815;
5199006;283828;
5199413;283842;
5199820;283900;
5200226;283897;
5200633;283908;
5201040;283837;
5201446;283815;
5201853;283840;
5202260;283809;
5202667;283826;
5203073;283820;
5203480;283808;
5203887;283851;
5204293;283832;
5204700;283817;
5205107;283831;
5205513;283798;
5205920;283848;
5206327;283820;
5206733;283822;
5207140;283803;
5207547;283884;
5207953;283808;
5208360;283814;
5208767;283895;
5209174;283812;
5209580;283844;
5209987;283803;
5210394;283804;
5210800;283823;
5211207;283814;
5211614;283807;
5212020;283854;
5212427;283891;
5212834;283873;
5213241;283826;
5213647;283847;
5214054;283837;
5214461;283832;
5214867;283837;
5215274;283811;
5215681;283861;
5216088;283819;
5216494;283857;
5216901;283860;
5217308;283819;
5217714;283806;
5218121;283818;
5218528;283852;
5218934;283831;
5219341;283848;
5219748;283823;
5220155;283901;
5220561;283869;
5220968;283808;
5221375;283876;
5221781;283844;
5222188;283843;
5222595;283832;
5223002;283846;
5223408;283840;
5223815;283861;
5224222;283876;
5224628;283865;
5225035;283879;
5225442;283820;
5225848;283794;
5226255;283817;
5226662;283884;
5227069;283777;
5227475;283851;
5227882;283855;
5228289;283826;
5228695;283819;
5229102;283805;
5229509;283849;
5229915;283832;
5230322;283828;
5230729;283850;
5231136;283887;
5231542;283813;
5231949;283845;
5232356;283819;
5232762;283808;
5233169;283855;
5233576;283852;
5233982;283867;
5234389;283832;
5234796;283860;
5235203;283835;
5235609;283859;
5236016;283815;
5236423;283842;
5236829;283800;
5237236;283827;
5237643;283824;
5238049;283857;
5238456;283851;
5238863;283845;
5239269;283809;
5239676;283825;
5240083;283776;
5240489;283822;
5240896;283864;
5241303;283813;
5241710;283811;
5242116;283875;
5242523;283799;
5242930;283847;
5243336;283878;
5243743;283851;
5244150;283825;
5244556;283850;
5244963;283852;
5245370;283846;
5245776;283903;
5246183;283822;
5246590;283825;
5246996;283841;
5247403;283853;
5247810;283851;
5248217;283850;
5248623;283884;
5249030;283822;
5249437;283804;
5249843;283827;
5250250;283822;
5250657;283848;
5251063;283857;
5251470;283852;
5251877;283813;
5252283;283827;
5252690;283862;
5253097;283881;
5253503;283863;
5253910;283845;
5254317;283826;
5254723;283870;
5255130;283816;
5255537;283830;
5255944;283826;
5256350;283891;
5256757;283835;
5257164;283893;
5257570;283852;
5257977;283846;
5258384;283854;
5258790;283841;
5259197;283840;
5259604;283849;
5260010;283837;
5260417;283846;
5260824;283857;
5261230;283800;
5261637;283855;
5262044;283859;
5262450;283889;
5262857;283825;
5263264;283857;
5263671;283829;
5264077;283867;
5264484;283806;
5264891;283871;
5265297;283821;
5265704;283839;
5266111;283881;
5266517;283837;
5266924;283793;
5267331;283831;
5267738;283844;
5268144;283870;
5268551;283845;
5268958;283841;
5269364;283859;
5269771;283812;
5270178;283848;
5270584;283844;
5270991;283865;
5271398;283801;
5271804;283868;
5272211;283886;
5272618;283835;
5273025;283883;
5273431;283786;
5273838;283842;
5274245;283822;
5274651;283866;
5275058;283854;
5275465;283870;
5275872;283900;
5276278;283834;
5276685;283836;
5277092;283848;
5277498;283878;
5277905;283846;
5278312;283878;
5278718;283854;
5279125;283816;
5279532;283849;
5279939;283833;
5280345;283850;
5280752;283827;
5281159;283825;
5281565;283873;
5281972;283808;
5282379;283815;
5282786;283864;
5283192;283824;
5283599;283861;
5284006;283865;
5284412;283848;
5284819;283847;
5285226;283877;
5285632;283852;
5286039;283837;
5286446;283826;
5286853;283830;
5287259;283817;
5287666;283810;
5288073;283813;
5288479;283828;
5288886;283850;
5289293;283817;
5289700;283868;
5290106;283844;
5290513;283866;
5290920;283837;
5291326;283871;
5291733;283842;
5292140;283819;
5292547;283813;
5292953;283839;
5293360;283867;
5293767;283845;
5294173;283903;
5294580;283833;
5294987;283891;
5295394;283856;
5295800;283877;
5296207;283867;
5296614;283850;
5297020;283840;
5297427;283864;
5297834;283839;
5298240;283853;
5298647;283829;
5299054;283864;
5299461;283804;
5299867;283852;
5300274;283876;
5300681;283832;
5301087;283813;
5301494;283839;
5301901;283877;
5302308;283849;
5302714;283831;
5303121;283876;
5303528;283868;
5303934;283841;
5304341;283900;
5304748;283800;
5305155;283857;
5305561;283877;
5305968;283884;
5306375;283872;
5306781;283898;
5307188;283867;
5307595;283910;
5308002;283850;
5308408;283850;
5308815;283887;
5309222;283866;
5309628;283855;
5310035;283857;
5310442;283879;
5310849;283833;
5311255;283881;
5311662;283849;
5312069;283852;
5312475;283838;
5312882;283846;
5313289;283863;
5313696;283847;
5314102;283866;
5314509;283850;
5314916;283861;
5315322;283863;
5315729;283857;
5316136;283870;
5316543;283854;
5316949;283850;
5317356;283795;
5317763;283854;
5318169;283825;
5318576;283858;
5318983;283832;
5319390;283907;
5319796;283876;
5320203;283873;
5320610;283880;
5321016;283848;
5321423;283837;
5321830;283816;
5322237;283832;
5322643;283857;
5323050;283831;
5323457;283863;
5323863;283860;
5324270;283868;
5324677;283819;
5325084;283831;
5325490;283857;
5325897;283820;
5326304;283836;
5326711;283822;
5327117;283787;
5327524;283868;
5327931;283823;
5328338;283909;
5328744;283829;
5329151;283881;
5329558;283876;
5329964;283822;
5330371;283855;
5330778;283844;
5331185;283890;
5331591;283853;
5331998;283863;
5332405;283852;
5332811;283865;
5333218;283824;
5333625;283842;
5334032;283857;
5334438;283819;
5334845;283838;
5335252;283854;
5335658;283838;
5336065;283878;
5336472;283914;
5336879;283863;
5337285;283834;
5337692;283858;
5338099;283876;
5338505;283836;
5338912;283898;
5339319;283831;
5339726;283835;
5340132;283802;
5340539;283826;
5340946;283841;
5341353;283864;
5341759;283844;
5342166;283850;
5342573;283829;
5342979;283861;
5343386;283849;
5343793;283850;
5344199;283856;
5344606;283862;
5345013;283850;
5345420;283846;
5345826;283885;
5346233;283849;
5346640;283853;
5347046;283790;
5347453;283881;
5347860;283843;
5348267;283860;
5348673;283893;
5349080;283840;
5349487;283894;
5349893;283875;
5350300;283831;
5350707;283837;
5351114;283813;
5351520;283899;
5351927;283834;
5352334;283903;
5352740;283859;
5353147;283801;
5353554;283857;
5353961;283862;
5354367;283882;
5354774;283845;
5355181;283855;
5355587;283917;
5355994;283889;
5356401;283861;
5356808;283824;
5357214;283861;
5357621;283907;
5358028;283834;
5358434;283904;
5358841;283843;
5359248;283790;
5359655;283873;
5360061;283828;
5360468;283857;
5360875;283874;
5361281;283849;
5361688;283873;
5362095;283885;
5362502;283836;
5362908;283821;
5363315;283849;
5363722;283837;
5364128;283914;
5364535;283804;
5364942;283866;
5365349;283870;
5365755;283840;
5366162;283851;
5366569;283833;
5366975;283824;
5367382;283840;
5367789;283909;
5368195;283845;
5368602;283861;
5369009;283842;
5369416;283827;
5369822;283815;
5370229;283860;
5370636;283831;
5371042;283822;
5371449;283858;
5371856;283880;
5372263;283882;
5372669;283869;
5373076;283874;
5373483;283870;
5373889;283867;
5374296;283832;
5374703;283877;
5375109;283836;
5375516;283837;
5375923;283849;
5376330;283852;
5376736;283855;
5377143;283838;
5377550;283865;
5377956;283832;
5378363;283810;
5378770;283845;
5379177;283849;
5379583;283888;
5379990;283847;
5380397;283843;
5380803;283829;
5381210;283830;
5381617;283865;
5382023;283817;
5382430;283853;
5382837;283839;
5383243;283833;
5383650;283857;
5384057;283886;
5384464;283851;
5384870;283855;
5385277;283890;
5385684;283837;
5386090;283851;
5386497;283821;
5386904;283886;
5387310;283849;
5387717;283836;
5388124;283856;
5388530;283842;
5388937;283859;
5389344;283876;
5389750;283875;
5390157;283843;
5390564;283873;
5390970;283854;
5391377;283848;
5391784;283887;
5392191;283853;
5392597;283899;
5393004;283892;
5393411;283846;
5393817;283808;
5394224;283825;
5394631;283862;
5395037;283830;
5395444;283853;
5395851;283864;
5396257;283860;
5396664;283871;
5397071;283845;
5397477;283870;
5397884;283839;
5398291;283839;
5398697;283835;
5399104;283878;
5399511;283882;
5399918;283820;
5400324;283846;
5400731;283822;
5401138;283896;
5401544;283860;
5401951;283826;
5402358;283904;
5402764;283844;
5403171;283820;
5403578;283858;
5403985;283886;
5404391;283917;
5404798;283903;
5405205;283867;
5405611;283827;
5406018;283866;
5406425;283834;
5406832;283873;
5407238;283829;
5407645;283848;
5408052;283886;
5408458;283869;
5408865;283838;
5409272;283868;
5409678;283840;
5410085;283880;
5410492;283839;
5410898;283887;
5411305;283863;
5411712;283857;
5412118;283831;
5412525;283892;
5412932;283860;
5413339;283866;
5413745;283835;
5414152;283868;
5414559;283879;
5414965;283910;
5415372;283815;
5415779;283889;
5416185;283843;
5416592;283907;
5416999;283917;
5417405;283894;
5417812;283888;
5418219;283863;
5418625;283894;
5419032;283850;
5419439;283900;
5419846;283876;
5420252;283840;
5420659;283888;
5421066;283861;
5421472;283878;
5421879;283865;
5422286;283854;
5422692;283853;
5423099;283883;
5423506;283847;
5423912;283877;
5424319;283845;
5424726;283841;
5425133;283869;
5425539;283904;
5425946;283911;
5426353;283828;
5426759;283894;
5427166;283873;
5427573;283842;
5427979;283893;
5428386;283897;
5428793;283882;
5429200;283849;
5429606;283829;
5430013;283870;
5430420;283881;
5430826;283851;
5431233;283843;
5431640;283850;
5432047;283827;
5432453;283912;
5432860;283825;
5433267;283891;
5433673;283853;
5434080;283877;
5434487;283910;
5434894;283824;
5435300;283897;
5435707;283884;
5436114;283808;
5436520;283843;
5436927;283870;
5437334;283859;
5437741;283884;
5438147;283878;
5438554;283854;
5438961;283843;
5439368;283881;
5439774;283800;
5440181;283877;
5440588;283815;
5440994;283855;
5441401;283849;
5441808;283878;
5442215;283797;
5442621;283858;
5443028;283837;
5443435;283860;
5443841;283864;
5444248;283831;
5444655;283871;
5445062;283855;
5445468;283816;
5445875;283853;
5446282;283858;
5446688;283826;
5447095;283887;
5447502;283837;
5447908;283885;
5448315;283905;
5448722;283868;
5449129;283836;
5449535;283874;
5449942;283895;
5450349;283890;
5450755;283856;
5451162;283911;
5451569;283905;
5451975;283866;
5452382;283900;
5452789;283885;
5453195;283863;
5453602;283884;
5454009;283857;
5454415;283854;
5454822;283847;
5455229;283886;
5455636;283863;
5456042;283850;
5456449;283861;
5456856;283867;
5457262;283876;
5457669;283860;
5458076;283821;
5458482;283885;
5458889;283862;
5459296;283847;
5459703;283882;
5460109;283859;
5460516;283907;
5460923;283872;
5461329;283876;
5461736;283854;
5462143;283887;
5462549;283844;
5462956;283806;
5463363;283880;
5463770;283826;
5464176;283897;
5464583;283849;
5464990;283886;
5465396;283840;
5465803;283909;
5466210;283861;
5466616;283871;
5467023;283860;
5467430;283927;
5467836;283866;
5468243;283836;
5468650;283848;
5469056;283861;
5469463;283852;
5469870;283838;
5470276;283906;
5470683;283905;
5471090;283908;
5471497;283842;
5471903;283834;
5472310;283882;
5472717;283856;
5473123;283876;
5473530;283804;
5473937;283820;
5474343;283880;
5474750;283825;
5475157;283872;
5475563;283882;
5475970;283876;
5476377;283887;
5476784;283852;
5477190;283820;
5477597;283841;
5478004;283908;
5478410;283866;
5478817;283855;
5479224;283845;
5479630;283904;
5480037;283896;
5480444;283832;
5480850;283866;
5481257;283808;
5481664;283837;
5482070;283910;
5482477;283901;
5482884;283922;
5483291;283880;
5483697;283867;
5484104;283876;
5484511;283848;
5484917;283888;
5485324;283833;
5485731;283840;
5486137;283884;
5486544;283881;
5486951;283932;
5487358;283871;
5487764;283864;
5488171;283829;
5488578;283903;
5488984;283858;
5489391;283881;
5489798;283832;
