2385082;3983519;
2385489;3983664;
2385896;3983859;
2386303;3983275;
2386710;3982400;
2387117;3981654;
2387524;3980616;
2387931;3980119;
2388338;3979808;
2388745;3979899;
2389152;3979761;
2389558;3979961;
2389965;3980281;
2390372;3980434;
2390779;3980603;
2391186;3980737;
2391593;3980874;
2392000;3980974;
2392407;3981136;
2392814;3981473;
2393221;3981933;
2393627;3982268;
2394034;3982565;
2394441;3982706;
2394848;3982876;
2395255;3983032;
2395662;3983205;
2396069;3983330;
2396476;3983395;
2396883;3983523;
2397290;3983706;
2397697;3983873;
2398104;3984039;
2398511;3984304;
2398917;3984363;
2399324;3984383;
2399731;3984459;
2400138;3984552;
2400545;3984717;
2400952;3984730;
2401359;3984774;
2401766;3984757;
2402173;3984751;
2402580;3984752;
2402987;3984749;
2403394;3984465;
2403801;3984310;
2404207;3984314;
2404614;3984326;
2405021;3984331;
2405428;3984355;
2405835;3984376;
2406242;3984336;
2406649;3984454;
2407056;3984515;
2407463;3984413;
2407870;3984455;
2408277;3984407;
2408684;3984500;
2409091;3984471;
2409497;3984500;
2409904;3984576;
2410311;3984023;
2410718;3983879;
2411125;3983948;
2411532;3983954;
2411939;3983943;
2412346;3983947;
2412753;3983891;
2413160;3983960;
2413567;3983936;
2413974;3983403;
2414381;3983371;
2414787;3983434;
2415194;3983425;
2415601;3983496;
2416008;3983417;
2416415;3983440;
2416822;3983445;
2417229;3983452;
2417636;3983177;
2418043;3982803;
2418450;3982857;
2418856;3982860;
2419263;3982945;
2419670;3982882;
2420077;3982991;
2420484;3982990;
2420891;3983003;
2421298;3982612;
2421705;3982237;
2422112;3982315;
2422519;3982320;
2422925;3982206;
2423332;3982281;
2423739;3982318;
2424146;3981696;
2424553;3981585;
2424960;3981570;
2425367;3981563;
2425774;3981644;
2426181;3981653;
2426587;3981684;
2426994;3981246;
2427401;3980918;
2427808;3981110;
2428215;3981200;
2428622;3981319;
2429029;3981299;
2429436;3980693;
2429843;3980602;
2430250;3980761;
2430657;3980777;
2431063;3980734;
2431470;3980683;
2431877;3980827;
2432284;3980385;
2432691;3980213;
2433098;3980194;
2433505;3980150;
2433912;3980139;
2434319;3980130;
2434726;3980213;
2435133;3980216;
2435540;3980145;
2435946;3979774;
2436353;3979632;
2436760;3979650;
2437167;3979676;
2437574;3979677;
2437981;3979617;
2438388;3979699;
2438795;3979685;
2439202;3979094;
2439609;3978986;
2440016;3978967;
2440423;3978947;
2440829;3978866;
2441236;3978360;
2441643;3978241;
2442050;3978410;
2442457;3978408;
2442864;3978301;
2443271;3978184;
2443678;3977768;
2444085;3977696;
2444492;3977794;
2444899;3977741;
2445306;3977676;
2445712;3977384;
2446119;3977181;
2446526;3977132;
2446933;3977128;
2447340;3977078;
2447747;3977010;
2448154;3976326;
2448561;3976488;
2448968;3976537;
2449375;3976538;
2449782;3975950;
2450189;3975884;
2450596;3975806;
2451003;3975967;
2451410;3975698;
2451817;3975255;
2452223;3975336;
2452630;3975442;
2453037;3975409;
2453444;3975407;
2453851;3974746;
2454258;3974841;
2454665;3974906;
2455072;3974959;
2455479;3974484;
2455886;3974420;
2456293;3974444;
2456699;3974471;
2457106;3974393;
2457513;3974082;
2457920;3974025;
2458327;3973947;
2458734;3974004;
2459141;3974017;
2459548;3973634;
2459955;3973477;
2460362;3973471;
2460769;3973468;
2461175;3973440;
2461582;3973459;
2461989;3972848;
2462396;3972901;
2462803;3972989;
2463210;3972969;
2463617;3972351;
2464024;3972318;
2464431;3972493;
2464838;3972381;
2465244;3972486;
2465651;3971945;
2466058;3971852;
2466465;3971817;
2466872;3971857;
2467279;3971306;
2467686;3971084;
2468093;3971178;
2468500;3971219;
2468907;3970813;
2469314;3970741;
2469720;3970644;
2470127;3970756;
2470534;3970765;
2470941;3970708;
2471348;3970067;
2471755;3970150;
2472162;3970293;
2472569;3970168;
2472976;3969735;
2473383;3969808;
2473790;3969791;
2474196;3969528;
2474603;3969351;
2475010;3969294;
2475417;3969358;
2475824;3968880;
2476231;3968817;
2476638;3968749;
2477045;3968757;
2477452;3968714;
2477859;3968275;
2478266;3968213;
2478672;3968275;
2479079;3967871;
2479486;3967716;
2479893;3967659;
2480300;3967322;
2480707;3967143;
2481114;3967276;
2481521;3967161;
2481928;3966791;
2482335;3966526;
2482742;3966539;
2483149;3966392;
2483555;3965890;
2483962;3965804;
2484369;3965824;
2484776;3965526;
2485183;3965333;
2485590;3965272;
2485997;3965288;
2486404;3964865;
2486811;3964750;
2487218;3964677;
2487625;3964330;
2488031;3964230;
2488438;3964220;
2488845;3964041;
2489252;3963511;
2489659;3963587;
2490066;3963587;
2490473;3963208;
2490880;3963001;
2491287;3963034;
2491694;3963059;
2492101;3962640;
2492507;3962439;
2492914;3962449;
2493321;3962321;
2493728;3961970;
2494135;3961931;
2494542;3961903;
2494949;3961459;
2495356;3961372;
2495763;3961377;
2496170;3961009;
2496577;3960823;
2496984;3960768;
2497391;3960503;
2497797;3960308;
2498204;3960381;
2498611;3960311;
2499018;3959748;
2499425;3959795;
2499832;3959868;
2500239;3959438;
2500646;3959254;
2501053;3959331;
2501460;3959205;
2501867;3958811;
2502274;3958861;
2502681;3958810;
2503088;3958711;
2503495;3958392;
2503901;3958319;
2504308;3958071;
2504715;3957876;
2505122;3957864;
2505529;3957489;
2505936;3957372;
2519364;3958003;
2519771;3957834;
2520178;3957568;
2520585;3957368;
2520992;3956975;
2521399;3956560;
2521806;3956176;
2522213;3955985;
2522619;3955752;
2523026;3955556;
2523433;3955606;
2523840;3955044;
2524247;3955011;
2524654;3955023;
2525061;3955156;
2525468;3955311;
2525875;3955351;
2526282;3955652;
2526689;3955325;
2527095;3955533;
2527502;3955811;
2527909;3955571;
2528316;3955744;
2528723;3955834;
2529130;3955418;
2529537;3955726;
2529944;3955911;
2530351;3955697;
2530758;3955606;
2531165;3955760;
2531571;3955776;
2531978;3955384;
2532385;3955326;
2532792;3955390;
2533199;3954822;
2533606;3954763;
2534013;3954887;
2534420;3954584;
2534827;3954432;
2535234;3954408;
2535640;3954433;
2536047;3953850;
2536454;3953944;
2536861;3953855;
2537268;3953460;
2537675;3953382;
2538082;3953338;
2538489;3953172;
2538896;3952773;
2539303;3952853;
2539709;3952889;
2540116;3952272;
2540523;3952209;
2540930;3952355;
2541337;3951897;
2541744;3951598;
2542151;3951680;
2542558;3951223;
2542965;3951166;
2543372;3951065;
2543779;3950854;
2544185;3950391;
2544592;3950388;
2544999;3950101;
2545406;3949919;
2545813;3949618;
2546220;3949161;
2546627;3949224;
2547034;3948734;
2547441;3948479;
2547848;3948442;
2548255;3948111;
2548661;3948228;
2549068;3947448;
2549475;3947534;
2549882;3947480;
2550289;3947281;
2550696;3947351;
2551103;3946755;
2551510;3946870;
2551917;3946860;
2552324;3946324;
2552730;3946482;
2553137;3946287;
2553544;3945915;
2553951;3946076;
2554358;3945655;
2554765;3945529;
2555172;3945619;
2555579;3945609;
2555986;3945160;
2556393;3945134;
2556799;3945129;
2557206;3944842;
2557613;3944698;
2558020;3944635;
2558427;3944288;
2558834;3944189;
2559241;3944084;
2559648;3943624;
2560055;3943570;
2560462;3943545;
2560869;3943015;
2561275;3942933;
2561682;3942959;
2562089;3942374;
2562496;3942276;
2562903;3942363;
2563310;3941921;
2563717;3941766;
2564124;3941965;
2564531;3941487;
2564938;3941351;
2565345;3941468;
2565752;3940902;
2566158;3940816;
2566565;3940917;
2566972;3940320;
2567379;3940194;
2567786;3940308;
2568193;3939782;
2568600;3939830;
2569007;3939850;
2569414;3939763;
2569821;3939825;
2570228;3939809;
2570635;3939292;
2571042;3939279;
2571449;3939302;
2571856;3939326;
2572263;3939264;
2572670;3939283;
2637777;3982307;
2638184;3982657;
2638591;3984151;
2638998;3984868;
2639405;3985388;
2639812;3986524;
2640219;3987457;
2640626;3987271;
2641032;3986599;
2641439;3985977;
2641846;3985852;
2642253;3985607;
2642660;3985489;
2643067;3985296;
2643474;3985104;
2643881;3984871;
2644288;3984738;
2644695;3984412;
2645102;3984316;
2645509;3984084;
2645915;3984048;
2646322;3984192;
2646729;3984354;
2647136;3984395;
2647543;3984576;
2647950;3984242;
2648357;3984309;
2648764;3984540;
2649171;3984680;
2649578;3984763;
2649985;3984272;
2650392;3984268;
2650798;3984106;
2651205;3983724;
2651612;3983623;
2652019;3982990;
2652426;3983133;
2652833;3982412;
2653240;3982417;
2653647;3981662;
2654054;3981604;
2654461;3980924;
2654868;3980988;
2655275;3980115;
2655681;3980295;
2656088;3980281;
2656495;3979491;
2656902;3979457;
2657309;3979112;
2657716;3978802;
2658123;3978574;
2658530;3978355;
2658937;3978137;
2659344;3978156;
2659751;3978157;
2660157;3977692;
2660564;3977822;
2660971;3977323;
2661378;3977460;
2661785;3977168;
2662192;3976881;
2662599;3977109;
2663006;3976626;
2663413;3976524;
2663820;3975958;
2664227;3976204;
2664634;3975851;
2665041;3975870;
2665448;3975456;
2665855;3975172;
2666262;3975157;
2666669;3974751;
2667075;3974380;
2667482;3974384;
2667889;3973820;
2668296;3973656;
2668703;3973249;
2669110;3973275;
2669517;3973373;
2669924;3972737;
2670331;3973001;
2670738;3972600;
2671145;3972572;
2671552;3971953;
2671959;3972409;
2672366;3971963;
2672773;3971780;
2673179;3971856;
2673586;3971430;
2673993;3971620;
2674400;3971104;
2674807;3970848;
2675214;3970493;
2675621;3970299;
2676028;3970060;
2676435;3969816;
2676842;3969763;
2677249;3969579;
2677656;3968969;
2678063;3968735;
2678470;3968608;
2678876;3968343;
2679283;3968101;
2679690;3967877;
2680097;3967745;
2680504;3967497;
2680911;3967141;
2681318;3967044;
2681725;3966507;
2682132;3966558;
2682539;3966075;
2682946;3966267;
2683353;3965676;
2683760;3965809;
2684167;3965424;
2684574;3965466;
2684981;3965030;
2685388;3965050;
2685794;3964341;
2686201;3964495;
2686608;3964279;
2687015;3964019;
2687422;3963708;
2687829;3963230;
2688236;3963422;
2688643;3963059;
2689050;3962516;
2689457;3962413;
2689864;3962083;
2690271;3961757;
2690678;3961911;
2691085;3961431;
2691492;3961082;
2691899;3960788;
2692305;3960946;
2692712;3960247;
2693119;3960339;
2693526;3960251;
2693933;3960093;
2694340;3960178;
2694747;3960242;
2695154;3960248;
2695561;3960217;
2695968;3960394;
2696375;3960369;
2696782;3960425;
2708584;3961662;
2708991;3962702;
2709398;3962647;
2709805;3962610;
2710212;3962893;
2710619;3962722;
2711025;3962033;
2711432;3961508;
2711839;3961058;
2712246;3960912;
2712653;3960787;
2713060;3960434;
2713467;3960139;
2713874;3959502;
2714281;3959239;
2714688;3959333;
2715095;3958819;
2715502;3958755;
2715909;3958803;
2716316;3958507;
2716723;3958363;
2717130;3958332;
2717537;3958369;
2717944;3958527;
2718351;3958284;
2718758;3958484;
2719164;3958111;
2719571;3958051;
2719978;3957951;
2720385;3957740;
2720792;3957552;
2721199;3957462;
2721606;3957456;
2722013;3957112;
2722420;3956940;
2722827;3957239;
2723234;3957003;
2723641;3956807;
2724048;3956738;
2724455;3956485;
2724862;3956247;
2725269;3956244;
2725676;3955817;
2726083;3955760;
2726490;3955486;
2726897;3954953;
2727304;3955037;
2727711;3954788;
2728118;3954696;
2728525;3954713;
2728932;3953988;
2729339;3954110;
2729746;3953679;
2730153;3953919;
2730559;3953780;
2730966;3953109;
2731373;3953161;
2731780;3952721;
2732187;3952781;
2732594;3952903;
2733001;3952830;
2733408;3952285;
2733815;3952624;
2734222;3952015;
2734629;3951972;
2735036;3951615;
2735443;3951481;
2735850;3951688;
2736257;3951313;
2736664;3951115;
2737071;3950916;
2737478;3950813;
2737885;3950791;
2738292;3950419;
2738699;3950226;
2739106;3949781;
2739513;3949789;
2739920;3949545;
2740327;3949217;
2740734;3949018;
2741141;3948594;
2741548;3948376;
2741954;3948000;
2742361;3947539;
2742768;3947424;
2743175;3947474;
2743582;3946505;
2743989;3946646;
2744396;3946695;
2744803;3946161;
2745210;3946207;
2745617;3946275;
2746024;3945697;
2746431;3945751;
2746838;3945861;
2747245;3945402;
2747652;3945436;
2748059;3945492;
2748466;3944981;
2748873;3945004;
2749280;3945134;
2749687;3944578;
2750094;3944653;
2750501;3944535;
2750907;3944363;
2751314;3944577;
2751721;3943903;
2752128;3943961;
2752535;3943888;
2752942;3943746;
2753349;3943731;
2753756;3943365;
2754163;3943214;
2754570;3942884;
2754977;3942962;
2755384;3942892;
2755791;3942366;
2756198;3942325;
2756605;3942415;
2757012;3941710;
2757419;3941976;
2757826;3942060;
2758233;3941506;
2758640;3941555;
2759047;3941542;
2759454;3941113;
2759861;3940891;
2760268;3941132;
2760675;3940661;
2761082;3940451;
2761489;3940273;
2761896;3940393;
2762303;3940462;
2762710;3940384;
2763116;3940331;
2763523;3940406;
2763930;3940414;
2764337;3940369;
2764744;3939981;
2765151;3940084;
2765558;3940050;
2765965;3939959;
2766372;3939938;
2766779;3939920;
2815616;3985918;
2816023;3985664;
2816430;3985609;
2816836;3985597;
2817243;3985456;
2817650;3985441;
2818058;3985354;
2818464;3985340;
2818871;3985328;
2819278;3984836;
2819685;3984800;
2820092;3984842;
2820499;3984833;
2820906;3984930;
2821313;3984962;
2821720;3984551;
2822127;3984516;
2822534;3984391;
2822941;3984411;
2823348;3983836;
2823755;3983782;
2824162;3983883;
2824569;3983317;
2824976;3983181;
2825383;3983046;
2825790;3982732;
2826197;3982707;
2826604;3982195;
2827011;3982160;
2827418;3981739;
2827825;3981480;
2828232;3981542;
2828639;3980897;
2829046;3980865;
2829453;3980277;
2829859;3980074;
2830266;3979722;
2830673;3979386;
2831080;3979123;
2831487;3979119;
2831894;3978511;
2832301;3978552;
2832708;3978069;
2833115;3978016;
2833522;3977653;
2833929;3977240;
2834336;3977339;
2834743;3976752;
2835150;3976637;
2835557;3975977;
2835964;3976176;
2836371;3975543;
2836778;3975623;
2837185;3975245;
2837592;3975070;
2837999;3974917;
2838406;3974736;
2838813;3974730;
2839220;3974356;
2839627;3974243;
2840034;3974061;
2840441;3973589;
2840848;3973497;
2841255;3973168;
2841662;3972946;
2842069;3972647;
2842476;3972660;
2842883;3972116;
2843290;3971968;
2843697;3971787;
2844104;3971660;
2844511;3971513;
2844918;3970950;
2845325;3970765;
2845732;3970576;
2846139;3970297;
2846546;3970261;
2846953;3969856;
2847360;3969757;
2847766;3969524;
2848174;3969301;
2848580;3969354;
2848988;3968750;
2849394;3968737;
2849801;3968453;
2850208;3968194;
2850615;3968164;
2851022;3967836;
2851429;3967919;
2851836;3967810;
2852243;3967438;
2852650;3967204;
2853057;3966898;
2853464;3966768;
2853871;3966179;
2854278;3966140;
2854685;3965525;
2855092;3965502;
2855499;3965189;
2855906;3965115;
2856313;3964823;
2856720;3964441;
2857127;3964278;
2857534;3964124;
2857941;3963917;
2858348;3963452;
2858755;3963434;
2859162;3963317;
2859569;3963169;
2859976;3963114;
2860383;3962500;
2860790;3962682;
2861197;3962495;
2861604;3962241;
2862011;3962131;
2862418;3961592;
2862825;3961439;
2863232;3961302;
2863639;3960913;
2864045;3961212;
2864452;3960755;
2864859;3960627;
2865266;3960632;
2865673;3959989;
2866080;3960176;
2866487;3959828;
2866894;3959670;
2867301;3959385;
2867708;3959234;
2868115;3959277;
2868522;3958970;
2868929;3958679;
2869336;3958619;
2869743;3958191;
2870150;3958129;
2870557;3958080;
2870964;3957635;
2871371;3957600;
2871778;3957511;
2872185;3957130;
2872592;3957209;
2872999;3957110;
2873406;3956965;
2873813;3956657;
2874220;3956635;
2874627;3956700;
2875034;3956276;
2875441;3956108;
2875848;3956292;
2876255;3955808;
2876662;3955551;
2877068;3955514;
2877475;3955121;
2877882;3954941;
2878289;3954628;
2878696;3954609;
2879103;3954587;
2879510;3953945;
2879917;3953905;
2880324;3953853;
2880731;3953179;
2881138;3953697;
2881545;3953592;
2881952;3953246;
2882359;3953264;
2882766;3953138;
2895382;3953122;
2895789;3953344;
2896196;3953609;
2896603;3954055;
2897010;3954449;
2897417;3954735;
2897824;3955091;
2898231;3955550;
2898638;3955839;
2899045;3955573;
2899451;3955622;
2899858;3955192;
2900265;3954975;
2900672;3954647;
2901079;3954277;
2901486;3954118;
2901893;3953614;
2902300;3953420;
2902707;3952811;
2903114;3952483;
2903521;3951743;
2903928;3951201;
2904335;3950902;
2904742;3950356;
2905149;3950024;
2905556;3949938;
2905963;3949189;
2906370;3949056;
2906777;3948660;
2907184;3948391;
2907591;3947981;
2907998;3947833;
2908405;3947282;
2908812;3947139;
2909219;3946727;
2909626;3946232;
2910033;3945843;
2910440;3945604;
2910847;3945356;
2911254;3944910;
2911661;3944780;
2912067;3944747;
2912474;3944141;
2912881;3944176;
2913288;3943868;
2913695;3943622;
2914102;3943038;
2914509;3943115;
2914916;3943075;
2915323;3942621;
2915730;3942573;
2916137;3942369;
2916544;3942253;
2916951;3941783;
2917358;3941538;
2917765;3941592;
2918172;3940984;
2918579;3940978;
2918986;3940749;
2919393;3940864;
2919800;3940833;
2920207;3940753;
2920614;3940757;
2921021;3940708;
2921428;3940613;
2921835;3940641;
2922242;3940619;
2922649;3940498;
2923056;3940486;
2923463;3940399;
2923870;3940361;
2924277;3940430;
2924684;3940465;
2925091;3940487;
2925498;3940465;
2925905;3940484;
2926312;3940388;
