3220521;6553200;
3220928;6553200;
3221334;6553200;
3221741;6553200;
3222148;6553200;
3222555;6553200;
3222962;6553200;
3223369;6553200;
3223776;6553200;
3224183;6553200;
3224590;6553200;
3224997;6553200;
3225404;6553200;
3225810;6553200;
3226217;6553200;
3226624;6553200;
3227031;6553200;
3227438;6553200;
3227845;6553200;
3228252;6553200;
3228659;6553200;
3229066;6553200;
3229473;6553200;
3229880;6553200;
3230286;6553200;
3230693;6553200;
3231100;6553200;
3231507;6553200;
3231914;6553200;
3232321;6553200;
3232728;6553200;
3233135;6553200;
3233542;6553200;
3233949;6553200;
3234355;6553200;
3234762;6553200;
3235169;6553200;
3235576;6553200;
3235983;6553200;
3236390;6553200;
3236797;6553200;
3237204;6553200;
3237611;6553200;
3238018;6553200;
3238424;6553200;
3238831;6553200;
3239238;6553200;
3239645;6553200;
3240052;6553200;
3240459;6553200;
3240866;6553200;
3241273;6553200;
3241680;6553200;
3242087;6553200;
3242493;6553200;
3242900;6553200;
3243307;6553200;
3243714;6553200;
3244121;6553200;
3244528;6553200;
3244935;6553200;
3245342;6553200;
3245749;6553200;
3246155;6553200;
3246562;6553200;
3246969;6553200;
3247376;6553200;
3247783;6553200;
3248190;6553200;
3248597;6553200;
3249004;6553200;
3249411;6553200;
3249818;6553200;
3250224;6553200;
3250631;6553200;
3251038;6553200;
3251445;6553200;
3251852;6553200;
3252259;6553200;
3252666;6553200;
3253073;6553200;
3253480;6553200;
3253887;6553200;
3254294;6553200;
3254700;6553200;
3255107;6553200;
3255514;6553200;
3255921;6553200;
3256328;6553200;
3256735;6553200;
3257142;6553200;
3257549;6553200;
3257955;6553200;
3258362;6553200;
3258769;6553200;
3259176;6553200;
3259583;6553200;
3259990;6553200;
3260397;6553200;
3260804;6553200;
3261211;6553200;
3261618;6553200;
3262024;6553200;
3262431;6553200;
3262838;6553200;
3263245;6553200;
3263652;6553200;
3264059;6553200;
3264466;6553200;
3264873;6553200;
3265280;6553200;
3265687;6553200;
3266093;6553200;
3266500;6553200;
3266907;6553200;
3267314;6553200;
3267721;6553200;
3268128;6553200;
3268535;6553200;
3268942;6553200;
3269349;6553200;
3269756;6553200;
3270162;6553200;
3270569;6553200;
3270976;6553200;
3271383;6553200;
3271790;6553200;
3272197;6553200;
3272604;6553200;
3273011;6553200;
3273418;6553200;
3273825;6553200;
3274231;6553200;
3274638;6553200;
3275045;6553200;
3275452;6553200;
3275859;6553200;
3276266;6553200;
3276673;6553200;
3277080;6553200;
3277487;6553200;
3277893;6553200;
3278300;6553200;
3278707;6553200;
3279114;6553200;
3279521;6553200;
3279928;6553200;
3280335;6553200;
3280742;6553200;
3281149;6553200;
3281555;6553200;
3281962;6553200;
3282369;6553200;
3282776;6553200;
3283183;6553200;
3283590;6553200;
3283997;6553200;
3284404;6553200;
3284811;6553200;
3285218;6553200;
3285624;6553200;
3286031;6553200;
3286438;6553200;
3286845;6553200;
3287252;6553200;
3287659;6553200;
3288066;6553200;
3288473;6553200;
3288880;6553200;
3289287;6553200;
3289693;6553200;
3290100;6553200;
3290507;6553200;
3290914;6553200;
3291321;6553200;
3291728;6553200;
3292135;6553200;
3292542;6553200;
3292948;6553200;
3293355;6553200;
3293762;6553200;
3294169;6553200;
3294576;6553200;
3294983;6553200;
3295390;6553200;
3295797;6553200;
3296203;6553200;
3296610;6553200;
3297017;6553200;
3297424;6553200;
3297831;6553200;
3298238;6553200;
3298645;6553200;
3299052;6553200;
3299459;6553200;
3299865;6553200;
3300272;6553200;
3300679;6553200;
3301086;6553200;
3301493;6553200;
3301900;6553200;
3302307;6553200;
3302714;6553200;
3303121;6553200;
3303528;6553200;
3303934;6553200;
3304341;6553200;
3304748;6553200;
3305155;6553200;
3305562;6553200;
3305969;6553200;
3306376;6553200;
3306783;6553200;
3307190;6553200;
3307596;6553200;
3308003;6553200;
3308410;6553200;
3308817;6553200;
3309224;6553200;
3309631;6553200;
3310038;6553200;
3310445;6553200;
3310852;6553200;
3311259;6553200;
3311666;6553200;
3312072;6553200;
3312479;6553200;
3312886;6553200;
3313293;6553200;
3313700;6553200;
3314107;6553200;
3314514;6553200;
3314921;6553200;
3315327;6553200;
3315734;6553200;
3316141;6553200;
3316548;6553200;
3316955;6553200;
3317362;6553200;
3317769;6553200;
3318176;6553200;
3336893;6553200;
3337300;6553200;
3337707;6553200;
3338114;6553200;
3338521;6553200;
3338927;6553200;
3339334;6553200;
3339741;6553200;
3340148;6553200;
3340555;6553200;
3340962;6553200;
3341369;6553200;
3341776;6553200;
3342183;6553200;
3342590;6553200;
3342996;6553200;
3343403;6553200;
3343810;6553200;
3344217;6553200;
3344624;6553200;
3345031;6553200;
3345438;6553200;
3345845;6553200;
3346252;6553200;
3346659;6553200;
3347066;6553200;
3347472;6553200;
3347879;6553200;
3348286;6553200;
3348693;6553200;
3349100;6553200;
3349507;6553200;
3349914;6553200;
3350321;6553200;
3350728;6553200;
3351135;6553200;
3351542;6553200;
3351949;6553200;
3352355;6553200;
3352762;6553200;
3353169;6553200;
3353576;6553200;
3353983;6553200;
3354390;6553200;
3354797;6553200;
3355204;6553200;
3355611;6553200;
3356018;6553200;
3356425;6553200;
3356831;6553200;
3357238;6553200;
3357645;6553200;
3358052;6553200;
3358459;6553200;
3358866;6553200;
3359273;6553200;
3359680;6553200;
3360087;6553200;
3360494;6553200;
3360901;6553200;
3361307;6553200;
3361715;6553200;
3362121;6553200;
3362528;6553200;
3362935;6553200;
3363342;6553200;
3363749;6553200;
3364156;6553200;
3364563;6553200;
3364970;6553200;
3365377;6553200;
3365783;6553200;
3366190;6553200;
3366597;6553200;
3367004;6553200;
3367411;6553200;
3367818;6553200;
3368225;6553200;
3368632;6553200;
3369039;6553200;
3369446;6553200;
3369853;6553200;
3370260;6553200;
3370667;6553200;
3371073;6553200;
3371480;6553200;
3371887;6553200;
3372294;6553200;
3372701;6553200;
3434550;6553200;
3434957;6553200;
3435364;6553200;
3435771;6553200;
3436178;6553200;
3436585;6553200;
3436992;6553200;
3437399;6553200;
3437806;6553200;
3438213;6553200;
3438619;6553200;
3439026;6553200;
3439433;6553200;
3439840;6553200;
3440247;6553200;
3440654;6553200;
3441061;6553200;
3441468;6553200;
3441875;6553200;
3442282;6553200;
3442689;6553200;
3443096;6553200;
3443502;6553200;
3443909;6553200;
3444316;6553200;
3444723;6553200;
3445130;6553200;
3445537;6553200;
3445944;6553200;
3446351;6553200;
3446758;6553200;
3447165;6553200;
3447572;6553200;
3447979;6553200;
3448386;6553200;
3448792;6553200;
3449199;6553200;
3449606;6553200;
3450013;6553200;
3450420;6553200;
3450827;6553200;
3451234;6553200;
3451641;6553200;
3452048;6553200;
3452455;6553200;
3452862;6553200;
3453269;6553200;
3453676;6553200;
3454083;6553200;
3454489;6553200;
3454896;6553200;
3455303;6553200;
3455710;6553200;
3456117;6553200;
3456524;6553200;
3456931;6553200;
3457338;6553200;
3457745;6553200;
3458152;6553200;
3458559;6553200;
3458966;6553200;
3459373;6553200;
3459779;6553200;
3460186;6553200;
3460593;6553200;
3461000;6553200;
3461407;6553200;
3461814;6553200;
3462221;6553200;
3462628;6553200;
3463035;6553200;
3463442;6553200;
3463849;6553200;
3464256;6553200;
3464662;6553200;
3465069;6553200;
3465476;6553200;
3465883;6553200;
3466290;6553200;
3466697;6553200;
3467104;6553200;
3467511;6553200;
3467918;6553200;
3468325;6553200;
3468732;6553200;
3469138;6553200;
3469545;6553200;
3469952;6553200;
3470359;6553200;
3470766;6553200;
3471173;6553200;
3471580;6553200;
3471987;6553200;
3472394;6553200;
3472801;6553200;
3473208;6553200;
3473614;6553200;
3474021;6553200;
3474428;6553200;
3474835;6553200;
3475242;6553200;
3475649;6553200;
3476056;6553200;
3476463;6553200;
3476870;6553200;
3477277;6553200;
3477684;6553200;
3478091;6553200;
3478497;6553200;
3478904;6553200;
3479311;6553200;
3479718;6553200;
3480125;6553200;
3480532;6553200;
3480939;6553200;
3481346;6553200;
3481753;6553200;
3482160;6553200;
3482566;6553200;
3482973;6553200;
3483380;6553200;
3483787;6553200;
3484194;6553200;
3484601;6553200;
3485008;6553200;
3485415;6553200;
3485822;6553200;
3486229;6553200;
3486635;6553200;
3487042;6553200;
3487449;6553200;
3487856;6553200;
3488263;6553200;
3488670;6553200;
3489077;6553200;
3489484;6553200;
3489891;6553200;
3490298;6553200;
3490705;6553200;
3491112;6553200;
3491518;6553200;
3491925;6553200;
3492332;6553200;
3492739;6553200;
3493146;6553200;
3493553;6553200;
3493960;6553200;
3494367;6553200;
3494774;6553200;
3495181;6553200;
3495588;6553200;
3495994;6553200;
3496401;6553200;
3496808;6553200;
3497215;6553200;
3497622;6553200;
3514713;6553200;
3515119;6553200;
3515526;6553200;
3515933;6553200;
3516340;6553200;
3516747;6553200;
3517154;6553200;
3517561;6553200;
3517968;6553200;
3518375;6553200;
3518782;6553200;
3519189;6553200;
3519596;6553200;
3520002;6553200;
3520409;6553200;
3520816;6553200;
3521223;6553200;
3521630;6553200;
3522037;6553200;
3522444;6553200;
3522851;6553200;
3523258;6553200;
3523665;6553200;
3524071;6553200;
3524478;6553200;
3524885;6553200;
3525292;6553200;
3525699;6553200;
3526106;6553200;
3526513;6553200;
3526920;6553200;
3527327;6553200;
3527734;6553200;
3528140;6553200;
3528547;6553200;
3528954;6553200;
3529361;6553200;
3529768;6553200;
3530175;6553200;
3530582;6553200;
3530989;6553200;
3531396;6553200;
3531803;6553200;
3532210;6553200;
3532617;6553200;
3533024;6553200;
3533430;6553200;
3533837;6553200;
3534244;6553200;
3534651;6553200;
3535058;6553200;
3535465;6553200;
3535872;6553200;
3536279;6553200;
3536686;6553200;
3537093;6553200;
3537500;6553200;
3537906;6553200;
3538313;6553200;
3538720;6553200;
3539127;6553200;
3539534;6553200;
3539941;6553200;
3540348;6553200;
3540755;6553200;
3541162;6553200;
3541569;6553200;
3541976;6553200;
3542383;6553200;
3542790;6553200;
3543196;6553200;
3543603;6553200;
3544010;6553200;
3544417;6553200;
3544824;6553200;
3545231;6553200;
3545638;6553200;
3546045;6553200;
3546452;6553200;
3546859;6553200;
3547266;6553200;
3547673;6553200;
3548080;6553200;
3548487;6553200;
3548894;6553200;
3549300;6553200;
3549707;6553200;
3550114;6553200;
3550521;6553200;
3550928;6553200;
3551335;6553200;
3551742;6553200;
3552149;6553200;
3552556;6553200;
3552963;6553200;
3553370;6553200;
3553777;6553200;
3554183;6553200;
3554590;6553200;
3554997;6553200;
3555404;6553200;
3555811;6553200;
3556218;6553200;
3556625;6553200;
3557032;6553200;
3557439;6553200;
3557846;6553200;
3558253;6553200;
3558659;6553200;
3559066;6553200;
3559473;6553200;
3559880;6553200;
3560287;6553200;
3560694;6553200;
3561101;6553200;
3561508;6553200;
3561915;6553200;
3562322;6553200;
3562729;6553200;
3563136;6553200;
3563543;6553200;
3563950;6553200;
3564357;6553200;
3564763;6553200;
3565170;6553200;
3565577;6553200;
3565984;6553200;
3566391;6553200;
3566798;6553200;
3567205;6553200;
3649808;6553200;
3650215;6553200;
3650622;6553200;
3651029;6553200;
3651436;6553200;
3651843;6553200;
3652250;6553200;
3652657;6553200;
3653064;6553200;
3653471;6553200;
3653878;6553200;
3654285;6553200;
3654692;6553200;
3655099;6553200;
3655506;6553200;
3655912;6553200;
3656319;6553200;
3656726;6553200;
3657133;6553200;
3657540;6553200;
3657947;6553200;
3658354;6553200;
3658761;6553200;
3659168;6553200;
3659575;6553200;
3659982;6553200;
3660389;6553200;
3660796;6553200;
3661203;6553200;
3661609;6553200;
3662016;6553200;
3662423;6553200;
3662830;6553200;
3663237;6553200;
3663644;6553200;
3664051;6553200;
3664458;6553200;
3664865;6553200;
3665272;6553200;
3665679;6553200;
3666086;6553200;
3666493;6553200;
3666899;6553200;
3667306;6553200;
3667713;6553200;
3668120;6553200;
3668527;6553200;
3668934;6553200;
3669341;6553200;
3669748;6553200;
3670155;6553200;
3670562;6553200;
3670969;6553200;
3671375;6553200;
3671782;6553200;
3672189;6553200;
3672596;6553200;
3673003;6553200;
3673410;6553200;
3673817;6553200;
3674224;6553200;
3674631;6553200;
3675038;6553200;
3675444;6553200;
3675851;6553200;
3676258;6553200;
3676665;6553200;
3677072;6553200;
3677479;6553200;
3677886;6553200;
3678293;6553200;
3678700;6553200;
3679107;6553200;
3679514;6553200;
3679920;6553200;
3680327;6553200;
3680734;6553200;
3681141;6553200;
3681548;6553200;
3681955;6553200;
3682362;6553200;
3682769;6553200;
3683176;6553200;
3683583;6553200;
3683990;6553200;
3684397;6553200;
3684804;6553200;
3685210;6553200;
3685617;6553200;
3686024;6553200;
3686431;6553200;
3686838;6553200;
3687245;6553200;
3687652;6553200;
3688059;6553200;
3688466;6553200;
3688873;6553200;
3689280;6553200;
3689687;6553200;
3690094;6553200;
3690501;6553200;
3690907;6553200;
3691314;6553200;
3691721;6553200;
3692128;6553200;
3692535;6553200;
3692942;6553200;
3693349;6553200;
3693756;6553200;
3694163;6553200;
3694570;6553200;
3694977;6553200;
3695384;6553200;
3695791;6553200;
3696197;6553200;
3696604;6553200;
3697011;6553200;
3697418;6553200;
3697825;6553200;
3698232;6553200;
3698639;6553200;
3699046;6553200;
3699453;6553200;
3699860;6553200;
3700267;6553200;
3700673;6553200;
3701080;6553200;
3701487;6553200;
3701894;6553200;
3702301;6553200;
3702708;6553200;
3703115;6553200;
3703522;6553200;
3703929;6553200;
3704336;6553200;
3704742;6553200;
3705149;6553200;
3705556;6553200;
3705963;6553200;
3706370;6553200;
3706777;6553200;
3707184;6553200;
3707591;6553200;
3707998;6553200;
3708405;6553200;
3708811;6553200;
3709218;6553200;
3709625;6553200;
3710032;6553200;
3710439;6553200;
3710846;6553200;
3711253;6553200;
3711660;6553200;
3712067;6553200;
3712473;6553200;
3712880;6553200;
3713287;6553200;
3713694;6553200;
3714101;6553200;
3714508;6553200;
3714915;6553200;
3715322;6553200;
3715729;6553200;
3716136;6553200;
3716543;6553200;
3716949;6553200;
3717356;6553200;
3717763;6553200;
3718170;6553200;
3718577;6553200;
3718984;6553200;
3719391;6553200;
3719798;6553200;
3720205;6553200;
3740551;6553200;
3740958;6553200;
3741365;6553200;
3741772;6553200;
3742179;6553200;
3742585;6553200;
3742992;6553200;
3743399;6553200;
3743806;6553200;
3744213;6553200;
3744620;6553200;
3745027;6553200;
3745434;6553200;
3745841;6553200;
3746248;6553200;
3746655;6553200;
3747062;6553200;
3747469;6553200;
3747875;6553200;
3748282;6553200;
3748689;6553200;
3749096;6553200;
3749503;6553200;
3749910;6553200;
3750317;6553200;
3750724;6553200;
3751131;6553200;
3751538;6553200;
3751945;6553200;
3752352;6553200;
3752758;6553200;
3753165;6553200;
3753572;6553200;
3753979;6553200;
3754386;6553200;
3754793;6553200;
3755200;6553200;
3755607;6553200;
3756014;6553200;
3756421;6553200;
3756828;6553200;
3757234;6553200;
3757641;6553200;
3758048;6553200;
3758455;6553200;
3758862;6553200;
3759269;6553200;
3759676;6553200;
3760083;6553200;
3760490;6553200;
3760897;6553200;
3761304;6553200;
3761711;6553200;
3762118;6553200;
3762524;6553200;
3762931;6553200;
3763338;6553200;
3763745;6553200;
3764152;6553200;
3764559;6553200;
3764966;6553200;
3765373;6553200;
3765780;6553200;
3766187;6553200;
3766594;6553200;
3767001;6553200;
3767408;6553200;
3767814;6553200;
3768221;6553200;
3768628;6553200;
3769035;6553200;
3769442;6553200;
3769849;6553200;
3770256;6553200;
3770663;6553200;
3771070;6553200;
3771477;6553200;
3771884;6553200;
3772291;6553200;
3772698;6553200;
3773104;6553200;
3773511;6553200;
3773918;6553200;
3774325;6553200;
3774732;6553200;
3775139;6553200;
3775546;6553200;
3775953;6553200;
3776360;6553200;
3776767;6553200;
3777174;6553200;
3777581;6553200;
3777988;6553200;
3778394;6553200;
3778801;6553200;
3779208;6553200;
3779615;6553200;
3780022;6553200;
3780429;6553200;
3780836;6553200;
3781243;6553200;
3781650;6553200;
3782057;6553200;
3782464;6553200;
3782871;6553200;
3783277;6553200;
3783684;6553200;
3784091;6553200;
3784498;6553200;
3784905;6553200;
3785312;6553200;
3785719;6553200;
3786126;6553200;
3786533;6553200;
3786940;6553200;
3787347;6553200;
3787753;6553200;
3788160;6553200;
3788567;6553200;
3788974;6553200;
3789381;6553200;
3789788;6553200;
3790195;6553200;
3790602;6553200;
3791009;6553200;
3791416;6553200;
3791823;6553200;
3792229;6553200;
3792636;6553200;
3793043;6553200;
3793450;6553200;
3793857;6553200;
3794264;6553200;
3794671;6553200;
3795078;6553200;
3795485;6553200;
3795892;6553200;
3796299;6553200;
3796705;6553200;
3797112;6553200;
3797519;6553200;
3797926;6553200;
3798333;6553200;
3798740;6553200;
3799147;6553200;
3799554;6553200;
3799961;6553200;
3800368;6553200;
