3220520;3967458;
3220927;3967701;
3221334;3967834;
3221741;3967997;
3222148;3968078;
3222555;3968267;
3222962;3968478;
3223369;3968523;
3223775;3968604;
3224182;3968590;
3224589;3968750;
3224996;3968786;
3225403;3968721;
3225810;3968767;
3226217;3968707;
3226624;3968375;
3227031;3968299;
3227438;3968285;
3227844;3967692;
3228251;3967742;
3228658;3967392;
3229065;3967410;
3229472;3967120;
3229879;3966888;
3230286;3966282;
3230693;3966112;
3231100;3965422;
3231507;3965507;
3231914;3965058;
3232320;3964877;
3232727;3964611;
3233134;3964392;
3233541;3964274;
3233948;3963795;
3234355;3963756;
3234762;3963273;
3235169;3963172;
3235576;3962878;
3235983;3962696;
3236389;3962421;
3236796;3962175;
3237203;3962114;
3237610;3961795;
3238017;3961565;
3238424;3961528;
3238831;3961002;
3239238;3961050;
3239645;3960678;
3240052;3960433;
3240458;3960462;
3240865;3959872;
3241272;3959756;
3241679;3959560;
3242086;3959083;
3242493;3959079;
3242900;3958606;
3243307;3958518;
3243714;3958041;
3244121;3958118;
3244527;3957637;
3244934;3957529;
3245341;3957311;
3245748;3956884;
3246155;3956984;
3246562;3956393;
3246969;3956387;
3247376;3955802;
3247783;3955937;
3248190;3955114;
3248596;3955248;
3249003;3954682;
3249410;3954889;
3249817;3954271;
3250224;3954052;
3250631;3953779;
3251038;3953590;
3251445;3953076;
3251852;3953166;
3252258;3952778;
3252665;3952864;
3253072;3952659;
3253479;3952303;
3253886;3952277;
3254293;3952344;
3254700;3951732;
3255107;3951642;
3255514;3951485;
3255921;3951277;
3256327;3951374;
3256734;3950762;
3257141;3950699;
3257548;3950619;
3257955;3950211;
3258362;3950157;
3258769;3949963;
3259176;3949541;
3259583;3949581;
3259989;3949111;
3260396;3949000;
3260803;3948623;
3261210;3948416;
3261617;3948285;
3262024;3947971;
3262431;3947832;
3262838;3947702;
3263245;3947234;
3263652;3947355;
3264059;3946617;
3264465;3946863;
3264872;3946926;
3265279;3946826;
3265686;3946458;
3266093;3946418;
3266500;3946406;
3266907;3946260;
3267314;3945690;
3267721;3945806;
3268127;3945877;
3268534;3945368;
3268941;3945197;
3269348;3945311;
3269755;3945059;
3270162;3944923;
3270569;3944875;
3270976;3944636;
3271383;3944472;
3271790;3944303;
3272197;3944253;
3272603;3943684;
3273010;3943929;
3273417;3943890;
3273824;3943743;
3274231;3943406;
3274638;3943303;
3275045;3943323;
3275452;3942904;
3275858;3942721;
3276265;3942816;
3276672;3942464;
3277079;3942353;
3277486;3942466;
3277893;3942502;
3278300;3942071;
3278707;3941939;
3279114;3941812;
3279521;3941539;
3279927;3941374;
3280334;3941232;
3280741;3940971;
3281148;3940790;
3281555;3940820;
3281962;3940448;
3282369;3940266;
3282776;3940242;
3283183;3939852;
3283589;3939744;
3283996;3939702;
3284403;3939320;
3284810;3939186;
3285217;3938997;
3285624;3938685;
3286031;3938653;
3286438;3938507;
3286845;3938475;
3287252;3937945;
3287658;3938137;
3288065;3937586;
3288472;3937479;
3288879;3937271;
3289286;3936798;
3289693;3936901;
3290100;3936604;
3290507;3936513;
3290914;3936524;
3291320;3936466;
3291727;3936298;
3292134;3936136;
3292541;3935943;
3292948;3935908;
3293355;3935759;
3293762;3935556;
3294169;3935564;
3294575;3935597;
3294982;3935252;
3295389;3935142;
3295796;3935336;
3296203;3935145;
3296610;3934770;
3297017;3934752;
3297424;3934674;
3297831;3934342;
3298237;3934248;
3298644;3934303;
3299051;3934288;
3299458;3933916;
3299865;3933845;
3300272;3933906;
3300679;3933931;
3301086;3933887;
3301493;3933601;
3301900;3933491;
3302306;3933377;
3302713;3933331;
3303120;3933001;
3303527;3932915;
3303934;3932897;
3304341;3932859;
3304748;3932661;
3305155;3932477;
3305562;3932427;
3305968;3932478;
3306375;3932113;
3306782;3932064;
3307189;3932147;
3307596;3931881;
3308003;3931590;
3308410;3931491;
3308817;3931569;
3309224;3931172;
3309631;3931141;
3310037;3931389;
3310444;3931043;
3310851;3930973;
3311258;3930968;
3311665;3930864;
3312072;3930510;
3312479;3930500;
3312886;3930569;
3313293;3930159;
3313699;3930061;
3314106;3929947;
3314513;3929745;
3314920;3929711;
3315327;3929603;
3315734;3929185;
3316141;3929317;
3316548;3929200;
3316955;3928806;
3317361;3928799;
3317768;3928661;
3318175;3928800;
3336892;3932377;
3337299;3932709;
3337706;3932977;
3338113;3933227;
3338520;3933448;
3338927;3933649;
3339334;3933921;
3339741;3933988;
3340148;3934103;
3340555;3934329;
3340961;3934053;
3341368;3934042;
3341775;3934196;
3342182;3933753;
3342589;3933806;
3342996;3933328;
3343403;3933101;
3343810;3932868;
3344217;3932829;
3344624;3932404;
3345030;3932421;
3345437;3931920;
3345844;3931970;
3346251;3931478;
3346658;3931525;
3347065;3931482;
3347472;3931033;
3347879;3931106;
3348286;3930712;
3348693;3930647;
3349100;3930455;
3349507;3930139;
3349913;3930253;
3350320;3929863;
3350727;3929797;
3351134;3929227;
3351541;3929168;
3351948;3929085;
3352355;3928773;
3352762;3928941;
3353169;3928510;
3353576;3928499;
3353983;3928126;
3354389;3928192;
3354796;3927697;
3355203;3927666;
3355610;3927657;
3356017;3927687;
3356424;3927216;
3356831;3927246;
3357238;3926881;
3357645;3926762;
3358052;3926808;
3358459;3926406;
3358866;3926265;
3359272;3926357;
3359679;3925926;
3360086;3926148;
3360493;3925979;
3360900;3925316;
3361307;3925452;
3361714;3925617;
3362121;3925158;
3362528;3925120;
3362935;3925044;
3363342;3924663;
3363748;3924644;
3364155;3924644;
3364562;3924070;
3364969;3924265;
3365376;3924091;
3365783;3923590;
3366190;3923772;
3366597;3923789;
3367004;3923794;
3367411;3923817;
3367818;3923832;
3368225;3923617;
3368631;3923448;
3369038;3923451;
3369445;3923439;
3369852;3923479;
3370259;3923395;
3370666;3923382;
3371073;3923364;
3371480;3923271;
3371887;3923485;
3372294;3923507;
3372701;3923474;
3434550;3970446;
3434957;3970014;
3435364;3969576;
3435771;3969204;
3436177;3968922;
3436584;3968651;
3436991;3968366;
3437398;3968177;
3437805;3968007;
3438212;3967916;
3438619;3967777;
3439026;3967681;
3439433;3967585;
3439840;3967533;
3440247;3967409;
3440654;3966955;
3441060;3966782;
3441467;3966723;
3441874;3966646;
3442281;3966671;
3442688;3966032;
3443095;3966021;
3443502;3965524;
3443909;3965433;
3444316;3965481;
3444723;3964801;
3445130;3964704;
3445537;3964600;
3445943;3963862;
3446350;3963919;
3446757;3963658;
3447164;3963200;
3447571;3963272;
3447978;3962687;
3448385;3962656;
3448792;3962637;
3449199;3961992;
3449606;3962110;
3450013;3961740;
3450420;3961481;
3450827;3961571;
3451233;3960823;
3451640;3960806;
3452047;3960352;
3452454;3960273;
3452861;3960186;
3453268;3959543;
3453675;3959443;
3454082;3959165;
3454489;3959140;
3454896;3959153;
3455303;3958490;
3455710;3958519;
3456117;3958503;
3456524;3957874;
3456931;3957923;
3457337;3957647;
3457744;3957240;
3458151;3957313;
3458558;3956950;
3458965;3956775;
3459372;3956356;
3459779;3956190;
3460186;3955795;
3460593;3955678;
3461000;3955716;
3461407;3955018;
3461814;3955026;
3462221;3954614;
3462627;3954504;
3463034;3954230;
3463441;3953939;
3463848;3953429;
3464255;3953357;
3464662;3953249;
3465069;3952679;
3465476;3952835;
3465883;3952256;
3466290;3952195;
3466697;3952114;
3467103;3951689;
3467510;3951548;
3467917;3951057;
3468324;3950984;
3468731;3950801;
3469138;3950566;
3469545;3950151;
3469952;3950038;
3470359;3950064;
3470766;3949631;
3471173;3949595;
3471579;3949531;
3471986;3949462;
3472393;3948980;
3472800;3948987;
3473207;3948677;
3473614;3948626;
3474021;3948195;
3474428;3947798;
3474835;3947949;
3475242;3947508;
3475649;3947411;
3476055;3947389;
3476462;3946665;
3476869;3946902;
3477276;3946488;
3477683;3946345;
3478090;3946302;
3478497;3945683;
3478904;3945784;
3479311;3945487;
3479718;3945200;
3480125;3945241;
3480531;3944605;
3480938;3944752;
3481345;3944369;
3481752;3944118;
3482159;3944204;
3482566;3943493;
3482973;3943520;
3483380;3943406;
3483787;3943096;
3484194;3943169;
3484601;3942764;
3485007;3942580;
3485414;3942425;
3485821;3942220;
3486228;3942285;
3486635;3941837;
3487042;3941745;
3487449;3941710;
3487856;3941248;
3488263;3941227;
3488670;3941035;
3489076;3940680;
3489483;3940689;
3489890;3940294;
3490297;3940269;
3490704;3940205;
3491111;3939852;
3491518;3939580;
3491925;3939568;
3492332;3939219;
3492739;3939403;
3493146;3938963;
3493553;3938805;
3493959;3939045;
3494366;3938705;
3494773;3938533;
3495180;3938374;
3495587;3938022;
3495994;3938131;
3496401;3937930;
3496808;3937787;
3497215;3937383;
3497622;3937687;
3514712;3939785;
3515119;3939546;
3515526;3939339;
3515933;3939183;
3516340;3938994;
3516747;3938738;
3517154;3938709;
3517561;3938586;
3517967;3938404;
3518374;3938331;
3518781;3938294;
3519188;3938302;
3519595;3937695;
3520002;3937464;
3520409;3937365;
3520816;3936860;
3521223;3936688;
3521630;3936615;
3522037;3936053;
3522443;3935951;
3522850;3935693;
3523257;3935433;
3523664;3935426;
3524071;3934858;
3524478;3934644;
3524885;3934547;
3525292;3934180;
3525699;3934154;
3526106;3933827;
3526512;3933717;
3526919;3933539;
3527326;3933093;
3527733;3933002;
3528140;3933140;
3528547;3932572;
3528954;3932481;
3529361;3932515;
3529768;3932085;
3530175;3932080;
3530582;3931813;
3530988;3931603;
3531395;3931589;
3531802;3931261;
3532209;3931021;
3532616;3931027;
3533023;3930529;
3533430;3930484;
3533837;3930201;
3534244;3930004;
3534651;3930069;
3535058;3929608;
3535464;3929568;
3535871;3929713;
3536278;3929615;
3536685;3929012;
3537092;3929096;
3537499;3929061;
3537906;3928483;
3538313;3928386;
3538720;3928480;
3539127;3927992;
3539534;3927977;
3539941;3928104;
3540348;3927645;
3540754;3927611;
3541161;3927607;
3541568;3927048;
3541975;3927019;
3542382;3927044;
3542789;3926641;
3543196;3926502;
3543603;3926474;
3544010;3926187;
3544417;3926092;
3544824;3926144;
3545231;3925624;
3545638;3925515;
3546044;3925605;
3546451;3925534;
3546858;3925167;
3547265;3925030;
3547672;3925023;
3548079;3924691;
3548486;3924535;
3548893;3924631;
3549300;3924306;
3549707;3924161;
3550114;3924203;
3550521;3923828;
3550928;3923679;
3551335;3923828;
3551741;3923543;
3552148;3923331;
3552555;3923139;
3552962;3923159;
3553369;3922725;
3553776;3922798;
3554183;3922776;
3554590;3922309;
3554997;3922279;
3555404;3922270;
3555811;3921943;
3556218;3921865;
3556624;3921769;
3557031;3921389;
3557438;3921310;
3557845;3921445;
3558252;3920744;
3558659;3920834;
3559066;3920745;
3559473;3920560;
3559880;3920527;
3560287;3920489;
3560694;3920205;
3561101;3920201;
3561507;3920298;
3561914;3920220;
3562321;3920186;
3562728;3920176;
3563135;3920239;
3563542;3920261;
3563949;3920001;
3564356;3919951;
3564763;3919936;
3565170;3919938;
3565577;3919923;
3565984;3919995;
3566391;3919935;
3566798;3919971;
3567204;3919909;
3649808;3977947;
3650215;3978144;
3650622;3978332;
3651029;3978440;
3651436;3978467;
3651843;3978594;
3652250;3978581;
3652657;3978623;
3653063;3978710;
3653470;3978736;
3653877;3978819;
3654284;3978825;
3654691;3978928;
3655098;3978620;
3655505;3978265;
3655912;3978249;
3656319;3978260;
3656726;3978338;
3657133;3978093;
3657540;3977602;
3657947;3977672;
3658354;3977761;
3658761;3977175;
3659167;3977103;
3659574;3977121;
3659981;3977223;
3660388;3976563;
3660795;3976596;
3661202;3976652;
3661609;3976336;
3662016;3976026;
3662423;3976077;
3662830;3976068;
3663237;3975592;
3663644;3975455;
3664051;3975479;
3664458;3975541;
3664864;3975024;
3665271;3974849;
3665678;3974823;
3666085;3974811;
3666492;3974114;
3666899;3974126;
3667306;3974170;
3667713;3973705;
3668120;3973595;
3668527;3973555;
3668934;3973544;
3669340;3972895;
3669747;3973008;
3670154;3973001;
3670561;3972482;
3670968;3972470;
3671375;3972390;
3671782;3972053;
3672189;3971828;
3672596;3971788;
3673003;3971369;
3673409;3971179;
3673816;3971141;
3674223;3971144;
3674630;3970527;
3675037;3970467;
3675444;3970539;
3675851;3970274;
3676258;3969945;
3676665;3969944;
3677072;3969897;
3677478;3969405;
3677885;3969346;
3678292;3969289;
3678699;3969175;
3679106;3968751;
3679513;3968615;
3679920;3968772;
3680327;3968186;
3680734;3968011;
3681141;3968160;
3681548;3967817;
3681955;3967450;
3682362;3967474;
3682768;3967493;
3683175;3966919;
3683582;3966683;
3683989;3966919;
3684396;3966311;
3684803;3966338;
3685210;3966327;
3685617;3965691;
3686024;3965582;
3686431;3965358;
3686838;3964973;
3687245;3964974;
3687652;3964500;
3688059;3964484;
3688465;3964395;
3688872;3964175;
3689279;3963802;
3689686;3963895;
3690093;3963552;
3690500;3963161;
3690907;3963371;
3691314;3963059;
3691721;3962572;
3692128;3962809;
3692535;3962304;
3692942;3961998;
3693349;3962071;
3693755;3961834;
3694162;3961329;
3694569;3961274;
3694976;3961291;
3695383;3960857;
3695790;3961145;
3696197;3961038;
3696604;3960969;
3697011;3960914;
3697418;3960467;
3697825;3960732;
3698231;3960244;
3698638;3959604;
3699045;3959574;
3699452;3959668;
3699859;3959279;
3700266;3959003;
3700673;3959113;
3701080;3958975;
3701487;3958633;
3701894;3958506;
3702301;3958065;
3702707;3957996;
3703114;3958104;
3703521;3957447;
3703928;3957473;
3704335;3957321;
3704742;3957205;
3705149;3956988;
3705556;3956738;
3705963;3956897;
3706370;3956489;
3706777;3956241;
3707183;3956401;
3707590;3955739;
3707997;3955625;
3708404;3955704;
3708811;3955553;
3709218;3955157;
3709625;3955018;
3710032;3955086;
3710439;3954729;
3710845;3954590;
3711252;3954570;
3711659;3954457;
3712066;3954012;
3712473;3954052;
3712880;3954005;
3713287;3953924;
3713694;3953893;
3714101;3953397;
3714508;3953290;
3714914;3953474;
3715321;3953334;
3715728;3952795;
3716135;3952739;
3716542;3952807;
3716949;3952383;
3717356;3952107;
3717763;3952029;
3718170;3951586;
3718577;3951641;
3718984;3951745;
3719390;3951293;
3719797;3951134;
3720204;3951119;
3740550;3954090;
3740957;3954052;
3741364;3954096;
3741771;3954080;
3742178;3954142;
3742585;3954184;
3742992;3953769;
3743399;3953414;
3743806;3953009;
3744213;3952819;
3744620;3952526;
3745027;3952095;
3745433;3952090;
3745840;3951618;
3746247;3951563;
3746654;3950961;
3747061;3950948;
3747468;3951013;
3747875;3950641;
3748282;3950456;
3748689;3950236;
3749096;3950016;
3749503;3950035;
3749910;3949356;
3750316;3949278;
3750723;3949433;
3751130;3948533;
3751537;3948778;
3751944;3948977;
3752351;3948566;
3752758;3948078;
3753165;3948382;
3753572;3947545;
3753979;3947455;
3754386;3947906;
3754793;3946892;
3755199;3947062;
3755606;3946382;
3756013;3946679;
3756420;3946752;
3756827;3946648;
3757234;3946126;
3757641;3946025;
3758048;3946348;
3758455;3946211;
3758862;3945663;
3759269;3945609;
3759676;3945506;
3760082;3945057;
3760489;3945037;
3760896;3944957;
3761303;3944323;
3761710;3944451;
3762117;3944328;
3762524;3943848;
3762931;3943873;
3763338;3943834;
3763745;3943346;
3764152;3943198;
3764559;3943215;
3764966;3942729;
3765373;3942697;
3765779;3942667;
3766186;3942194;
3766593;3942077;
3767000;3942224;
3767407;3941879;
3767814;3941677;
3768221;3941676;
3768628;3941417;
3769035;3941028;
3769442;3941142;
3769849;3940821;
3770256;3940387;
3770662;3940489;
3771069;3940190;
3771476;3939853;
3771883;3939911;
3772290;3939288;
3772697;3939237;
3773104;3939281;
3773511;3938899;
3773918;3938798;
3774325;3938701;
3774732;3938204;
3775139;3938245;
3775546;3938006;
3775953;3937735;
3776359;3937339;
3776766;3937106;
3777173;3937263;
3777580;3936886;
3777987;3936609;
3778394;3936609;
3778801;3936552;
3779208;3936647;
3779615;3936579;
3780022;3936569;
3780429;3936259;
3780835;3935882;
3781242;3935419;
3781649;3935511;
3782056;3934770;
3782463;3934678;
3782870;3934690;
3783277;3934159;
3783684;3933900;
3784091;3933680;
3784498;3933218;
3784905;3932991;
3785311;3932723;
3785718;3932698;
3786125;3932238;
3786532;3931926;
3786939;3931734;
3787346;3931499;
3787753;3931627;
3788160;3930922;
3788567;3930997;
3788974;3931014;
3789381;3930632;
3789788;3930501;
3790194;3930359;
3790601;3930208;
3791008;3930018;
3791415;3929500;
3791822;3929607;
3792229;3929476;
3792636;3929224;
3793043;3929336;
3793450;3929172;
3793857;3928650;
3794264;3928564;
3794670;3928692;
3795077;3928199;
3795484;3928151;
3795891;3928097;
3796298;3928024;
3796705;3927575;
3797112;3927545;
3797519;3927745;
3797926;3927804;
3798333;3927719;
3798739;3927770;
3799146;3927815;
3799553;3927773;
3799960;3927789;
3800367;3927807;
