3220926;3104613;
3221333;3105248;
3221740;3105430;
3222147;3105776;
3222554;3106738;
3222961;3108476;
3223368;3107546;
3223774;3107046;
3224181;3106953;
3224588;3107120;
3224995;3107275;
3225402;3107069;
3225809;3107297;
3226216;3106692;
3226623;3104169;
3227030;3103999;
3227437;3104344;
3227843;3100895;
3228250;3100568;
3228657;3098902;
3229064;3099890;
3229471;3098298;
3229878;3096810;
3230285;3092770;
3230692;3091126;
3231099;3086914;
3231506;3087316;
3231913;3084063;
3232319;3084270;
3232726;3080994;
3233133;3079407;
3233540;3078670;
3233947;3075962;
3234354;3075503;
3234761;3073717;
3235168;3073060;
3235575;3071229;
3235982;3070165;
3236388;3068468;
3236795;3067311;
3237202;3067968;
3237609;3065438;
3238016;3064953;
3238423;3064764;
3238830;3061339;
3239237;3061186;
3239644;3059804;
3240051;3057391;
3240457;3057640;
3240864;3054552;
3241271;3053315;
3241678;3052087;
3242085;3049593;
3242492;3048777;
3242899;3046431;
3243306;3045706;
3243713;3043344;
3244120;3043444;
3244526;3041524;
3244933;3041023;
3245340;3039282;
3245747;3036666;
3246154;3037282;
3246561;3033182;
3246968;3033557;
3247375;3029099;
3247782;3030086;
3248189;3024827;
3248595;3025653;
3249002;3021656;
3249409;3022567;
3249816;3019383;
3250223;3017596;
3250630;3015384;
3251037;3013394;
3251444;3010940;
3251851;3010316;
3252258;3008768;
3252664;3009281;
3253071;3008809;
3253478;3005898;
3253885;3005676;
3254292;3006251;
3254699;3002760;
3255106;3002198;
3255513;3001771;
3255920;3000730;
3256326;3000812;
3256733;2997900;
3257140;2996986;
3257547;2996501;
3257954;2994593;
3258361;2994278;
3258768;2993970;
3259175;2991570;
3259582;2991236;
3259989;2988681;
3260395;2988075;
3260802;2986202;
3261209;2985411;
3261616;2984491;
3262023;2981930;
3262430;2981718;
3262837;2980274;
3263244;2976934;
3263651;2976935;
3264058;2972928;
3264464;2973916;
3264871;2973921;
3265278;2973358;
3265685;2971280;
3266092;2970177;
3266499;2970182;
3266906;2969072;
3267313;2966112;
3267720;2966648;
3268127;2967099;
3268533;2963486;
3268940;2962969;
3269347;2964246;
3269754;2962096;
3270161;2961258;
3270568;2960910;
3270975;2959525;
3271382;2958026;
3271789;2956523;
3272196;2956272;
3272602;2952507;
3273009;2953717;
3273416;2953795;
3273823;2953292;
3274230;2950636;
3274637;2949728;
3275044;2950302;
3275451;2946502;
3275858;2946192;
3276264;2945904;
3276671;2943809;
3277078;2942704;
3277485;2943171;
3277892;2943162;
3278299;2940696;
3278706;2940463;
3279113;2940317;
3279520;2938087;
3279927;2937582;
3280333;2937133;
3280740;2934470;
3281147;2933753;
3281554;2933473;
3281961;2931296;
3282368;2930081;
3282775;2929720;
3283182;2927322;
3283589;2926435;
3283995;2926354;
3284402;2923490;
3284809;2922704;
3285216;2922527;
3285623;2920033;
3286030;2919319;
3286437;2918972;
3286844;2918240;
3287251;2915284;
3287657;2916063;
3288064;2913138;
3288471;2912298;
3288878;2911753;
3289285;2907728;
3289692;2908381;
3290099;2906275;
3290506;2905476;
3290913;2905517;
3291319;2905517;
3291726;2904546;
3292133;2903076;
3292540;2902260;
3292947;2902656;
3293354;2900607;
3293761;2899247;
3294168;2899682;
3294574;2899043;
3294981;2897491;
3295388;2896123;
3295795;2896845;
3296202;2896520;
3296609;2893607;
3297016;2893360;
3297423;2893739;
3297830;2890649;
3298236;2889785;
3298643;2890193;
3299050;2890346;
3299457;2887275;
3299864;2886327;
3300271;2887211;
3300678;2887072;
3301085;2886921;
3301492;2884943;
3301899;2884126;
3302305;2883862;
3302712;2883536;
3303119;2881024;
3303526;2880385;
3303933;2880363;
3304340;2879948;
3304747;2878294;
3305154;2877113;
3305561;2877427;
3305967;2877240;
3306374;2874562;
3306781;2874711;
3307188;2874494;
3307595;2873128;
3308002;2871223;
3308409;2870204;
3308816;2870697;
3309223;2867409;
3309630;2867858;
3310037;2868541;
3310443;2866620;
3310850;2866117;
3311257;2865873;
3311664;2865639;
3312071;2863077;
3312478;2862923;
3312885;2862957;
3313292;2860958;
3313699;2860063;
3314105;2859540;
3314512;2857952;
3314919;2857368;
3315326;2856774;
3315733;2853820;
3316140;2854124;
3316547;2854100;
3316954;2851643;
3317360;2850827;
3317767;2850794;
3318174;2850873;
3318581;2847477;
3337298;2860740;
3337705;2861330;
3338112;2861699;
3338519;2862116;
3338926;2862565;
3339333;2862842;
3339740;2863111;
3340147;2863299;
3340554;2863587;
3340960;2861152;
3341367;2860843;
3341774;2860559;
3342181;2857578;
3342588;2857505;
3342995;2854057;
3343402;2851680;
3343809;2849854;
3344216;2849521;
3344623;2845377;
3345029;2846197;
3345436;2842150;
3345843;2843128;
3346250;2839579;
3346657;2839266;
3347064;2838416;
3347471;2835542;
3347878;2836120;
3348285;2833242;
3348692;2832322;
3349099;2831418;
3349506;2829123;
3349913;2829554;
3350319;2826452;
3350726;2825838;
3351133;2821926;
3351540;2821732;
3351947;2820968;
3352354;2817983;
3352761;2818391;
3353168;2815436;
3353575;2816098;
3353982;2813379;
3354388;2813403;
3354795;2810022;
3355202;2809608;
3355609;2809785;
3356016;2809354;
3356423;2806817;
3356830;2806959;
3357237;2804360;
3357644;2803531;
3358051;2803737;
3358458;2801249;
3358865;2800181;
3359272;2801099;
3359678;2797449;
3360085;2799852;
3360492;2798110;
3360899;2793504;
3361306;2794897;
3361713;2795668;
3362120;2792946;
3362527;2792380;
3362934;2792176;
3363341;2789619;
3363747;2789542;
3364154;2788913;
3364561;2785353;
3364968;2786006;
3365375;2784845;
3365782;2781644;
3366189;2782559;
3366596;2782324;
3367003;2782061;
3367410;2782231;
3367817;2782254;
3368224;2781190;
3368630;2779054;
3369037;2779700;
3369444;2779382;
3369851;2779249;
3370258;2779328;
3370665;2779278;
3371072;2779029;
3371479;2779029;
3371886;2778995;
3372293;2779009;
3372700;2778988;
3373107;2778997;
3434549;3086314;
3434956;3085436;
3435363;3084457;
3435770;3083619;
3436176;3083225;
3436583;3082657;
3436990;3082184;
3437397;3081892;
3437804;3081701;
3438211;3081597;
3438618;3081267;
3439025;3081283;
3439432;3081362;
3439839;3081073;
3440246;3080918;
3440653;3078932;
3441060;3077963;
3441466;3077410;
3441873;3077300;
3442280;3077369;
3442687;3073651;
3443094;3073465;
3443501;3071021;
3443908;3071229;
3444315;3071370;
3444722;3067892;
3445129;3067100;
3445536;3066940;
3445943;3062593;
3446349;3063214;
3446756;3061943;
3447163;3058908;
3447570;3059727;
3447977;3056094;
3448384;3056018;
3448791;3055522;
3449198;3051960;
3449605;3052366;
3450012;3050051;
3450419;3048311;
3450826;3048542;
3451233;3044308;
3451639;3044170;
3452046;3041286;
3452453;3040569;
3452860;3040215;
3453267;3036309;
3453674;3035888;
3454081;3033838;
3454488;3033500;
3454895;3033821;
3455302;3029454;
3455709;3030022;
3456116;3030284;
3456523;3026013;
3456930;3026103;
3457336;3024867;
3457743;3022225;
3458150;3022225;
3458557;3019483;
3458964;3018799;
3459371;3016253;
3459778;3014977;
3460185;3012621;
3460592;3011711;
3460999;3011885;
3461406;3007898;
3461813;3007455;
3462220;3005033;
3462626;3004469;
3463033;3002134;
3463440;3000803;
3463847;2997398;
3464254;2996938;
3464661;2996467;
3465068;2993313;
3465475;2993696;
3465882;2990556;
3466289;2989606;
3466696;2988982;
3467102;2986775;
3467509;2985856;
3467916;2982492;
3468323;2981753;
3468730;2980201;
3469137;2978719;
3469544;2976414;
3469951;2975221;
3470358;2975304;
3470765;2972077;
3471172;2972157;
3471579;2972075;
3471985;2971798;
3472392;2968475;
3472799;2968990;
3473206;2966530;
3473613;2965995;
3474020;2964250;
3474427;2961213;
3474834;2962103;
3475241;2959142;
3475648;2958457;
3476054;2958217;
3476461;2954099;
3476868;2955066;
3477275;2952542;
3477682;2951675;
3478089;2951495;
3478496;2947340;
3478903;2947956;
3479310;2945990;
3479717;2944049;
3480124;2944175;
3480530;2939860;
3480937;2940734;
3481344;2938554;
3481751;2937147;
3482158;2937147;
3482565;2933031;
3482972;2932862;
3483379;2931659;
3483786;2929969;
3484193;2929816;
3484600;2926451;
3485006;2925623;
3485413;2924665;
3485820;2923336;
3486227;2923741;
3486634;2920473;
3487041;2919919;
3487448;2918997;
3487855;2916507;
3488262;2916373;
3488669;2915749;
3489076;2913623;
3489482;2912701;
3489889;2910358;
3490296;2909802;
3490703;2910260;
3491110;2907628;
3491517;2905823;
3491924;2905054;
3492331;2902378;
3492738;2904411;
3493145;2900698;
3493552;2899549;
3493958;2901051;
3494365;2899030;
3494772;2897758;
3495179;2896963;
3495586;2894594;
3495993;2895408;
3496400;2893777;
3496807;2893106;
3497214;2890336;
3497621;2892461;
3515118;2892718;
3515525;2892418;
3515932;2892201;
3516339;2892055;
3516746;2892018;
3517153;2891993;
3517560;2891944;
3517966;2891926;
3518373;2891908;
3518780;2891980;
3519187;2891871;
3519594;2889476;
3520001;2887854;
3520408;2887891;
3520815;2884401;
3521222;2883606;
3521629;2883653;
3522036;2879687;
3522442;2879512;
3522849;2877691;
3523256;2875805;
3523663;2875966;
3524070;2872561;
3524477;2871946;
3524884;2871252;
3525291;2868249;
3525698;2868279;
3526105;2866298;
3526511;2864777;
3526918;2864574;
3527325;2860893;
3527732;2860509;
3528139;2861213;
3528546;2857646;
3528953;2857219;
3529360;2857319;
3529767;2853719;
3530174;2854189;
3530581;2852330;
3530987;2850946;
3531394;2850914;
3531801;2848340;
3532208;2847085;
3532615;2847358;
3533022;2843821;
3533429;2843503;
3533836;2840934;
3534243;2840249;
3534650;2840307;
3535057;2836969;
3535464;2836501;
3535870;2837352;
3536277;2836891;
3536684;2833077;
3537091;2833479;
3537498;2833732;
3537905;2829227;
3538312;2828676;
3538719;2829825;
3539126;2825814;
3539533;2825408;
3539940;2826586;
3540347;2823581;
3540753;2823175;
3541160;2823032;
3541567;2819537;
3541974;2819095;
3542381;2819582;
3542788;2816482;
3543195;2815848;
3543602;2815018;
3544009;2813145;
3544416;2812966;
3544823;2813210;
3545230;2810144;
3545637;2809406;
3546044;2809523;
3546450;2808843;
3546857;2806486;
3547264;2806117;
3547671;2806137;
3548078;2803730;
3548485;2802498;
3548892;2803141;
3549299;2800270;
3549706;2799309;
3550113;2799512;
3550520;2797080;
3550927;2796008;
3551334;2796798;
3551740;2794795;
3552147;2793809;
3552554;2792794;
3552961;2792477;
3553368;2789533;
3553775;2790038;
3554182;2790079;
3554589;2786903;
3554996;2786322;
3555403;2786690;
3555810;2784124;
3556217;2783773;
3556623;2783441;
3557030;2780245;
3557437;2779984;
3557844;2780413;
3558251;2776091;
3558658;2776428;
3559065;2775572;
3559472;2774021;
3559879;2774129;
3560286;2773922;
3560693;2771897;
3561100;2771808;
3561507;2771750;
3561913;2771499;
3562320;2771655;
3562727;2771646;
3563134;2771635;
3563541;2771590;
3563948;2770371;
3564355;2769151;
3564762;2769529;
3565169;2769596;
3565576;2769728;
3565983;2769805;
3566390;2769739;
3566797;2769855;
3567204;2769876;
3567610;2769718;
3649807;3101690;
3650214;3101728;
3650621;3102674;
3651028;3102634;
3651435;3102683;
3651842;3102703;
3652249;3102685;
3652656;3102596;
3653062;3102525;
3653469;3102552;
3653876;3102567;
3654283;3102581;
3654690;3102673;
3655097;3101309;
3655504;3098744;
3655911;3099146;
3656318;3099252;
3656725;3099119;
3657132;3097876;
3657539;3094758;
3657946;3095477;
3658353;3095277;
3658760;3092006;
3659166;3092060;
3659573;3092112;
3659980;3092432;
3660387;3089070;
3660794;3089043;
3661201;3088993;
3661608;3087652;
3662015;3085826;
3662422;3086097;
3662829;3086043;
3663236;3083157;
3663643;3082788;
3664050;3082708;
3664457;3083068;
3664863;3080148;
3665270;3079566;
3665677;3079409;
3666084;3079432;
3666491;3075758;
3666898;3075899;
3667305;3076010;
3667712;3073704;
3668119;3073008;
3668526;3072762;
3668933;3072304;
3669339;3068653;
3669746;3069126;
3670153;3069308;
3670560;3066669;
3670967;3065957;
3671374;3065790;
3671781;3063394;
3672188;3062252;
3672595;3062385;
3673002;3060508;
3673408;3058669;
3673815;3058878;
3674222;3058733;
3674629;3055356;
3675036;3054934;
3675443;3055151;
3675850;3053614;
3676257;3051299;
3676664;3050888;
3677071;3050734;
3677478;3047777;
3677884;3047288;
3678291;3047094;
3678698;3045887;
3679105;3043706;
3679512;3042599;
3679919;3043630;
3680326;3040028;
3680733;3039070;
3681140;3040076;
3681547;3037841;
3681954;3036667;
3682361;3035890;
3682767;3036106;
3683174;3032681;
3683581;3031394;
3683988;3032720;
3684395;3029098;
3684802;3028690;
3685209;3028880;
3685616;3025277;
3686023;3024597;
3686430;3023544;
3686837;3021122;
3687244;3021039;
3687651;3018553;
3688058;3018015;
3688464;3017396;
3688871;3016093;
3689278;3013845;
3689685;3014804;
3690092;3012948;
3690499;3010461;
3690906;3011662;
3691313;3009303;
3691720;3006731;
3692127;3007945;
3692534;3004714;
3692941;3003017;
3693348;3003729;
3693754;3001887;
3694161;2998934;
3694568;2999037;
3694975;2998778;
3695382;2995777;
3695789;2997760;
3696196;2996818;
3696603;2996739;
3697010;2996757;
3697417;2993414;
3697824;2995101;
3698231;2991725;
3698637;2988578;
3699044;2988276;
3699451;2988734;
3699858;2986037;
3700265;2984096;
3700672;2985317;
3701079;2984203;
3701486;2981568;
3701893;2981251;
3702300;2978560;
3702707;2978202;
3703113;2978990;
3703520;2975033;
3703927;2974592;
3704334;2973709;
3704741;2973037;
3705148;2971333;
3705555;2969813;
3705962;2970657;
3706369;2968672;
3706776;2966480;
3707182;2967517;
3707589;2964136;
3707996;2962712;
3708403;2964023;
3708810;2962139;
3709217;2960578;
3709624;2959694;
3710031;2960151;
3710438;2957943;
3710844;2957697;
3711251;2956802;
3711658;2956312;
3712065;2953599;
3712472;2953763;
3712879;2953103;
3713286;2952887;
3713693;2952969;
3714100;2949504;
3714507;2949195;
3714913;2950401;
3715320;2950069;
3715727;2945832;
3716134;2946055;
3716541;2946651;
3716948;2944346;
3717355;2942443;
3717762;2941839;
3718169;2938785;
3718576;2939383;
3718983;2939928;
3719389;2937350;
3719796;2936447;
3720203;2936165;
3740956;2947130;
3741363;2947024;
3741770;2946981;
3742177;2946993;
3742584;2947036;
3742991;2945154;
3743398;2943328;
3743805;2939680;
3744212;2938765;
3744619;2937612;
3745026;2934099;
3745433;2934443;
3745839;2931124;
3746246;2930701;
3746653;2926864;
3747060;2926912;
3747467;2927352;
3747874;2924423;
3748281;2923426;
3748688;2922344;
3749095;2920818;
3749502;2920794;
3749909;2916398;
3750315;2915605;
3750722;2917048;
3751129;2911883;
3751536;2913286;
3751943;2914292;
3752350;2912107;
3752757;2908423;
3753164;2910749;
3753571;2905553;
3753978;2905279;
3754385;2908607;
3754792;2901774;
3755199;2903098;
3755605;2899139;
3756012;2901326;
3756419;2901496;
3756826;2900719;
3757233;2897875;
3757640;2896788;
3758047;2898406;
3758454;2897956;
3758861;2894809;
3759268;2894546;
3759675;2893655;
3760081;2890668;
3760488;2890532;
3760895;2889869;
3761302;2886150;
3761709;2885804;
3762116;2885812;
3762523;2882042;
3762930;2882088;
3763337;2882100;
3763744;2878858;
3764151;2878153;
3764558;2877689;
3764965;2874621;
3765372;2874262;
3765778;2873781;
3766185;2870773;
3766592;2870432;
3766999;2870443;
3767406;2868487;
3767813;2866915;
3768220;2866945;
3768627;2865417;
3769034;2862727;
3769441;2863616;
3769848;2862251;
3770255;2858932;
3770662;2859667;
3771068;2857628;
3771475;2856576;
3771882;2856120;
3772289;2851613;
3772696;2851669;
3773103;2852034;
3773510;2849310;
3773917;2848690;
3774324;2848390;
3774731;2844943;
3775138;2845082;
3775545;2843700;
3775952;2842093;
3776358;2839224;
3776765;2838330;
3777172;2838940;
3777579;2836468;
3777986;2834749;
3778393;2834689;
3778800;2834473;
3779207;2834598;
3779614;2834627;
3780021;2834716;
3780428;2832539;
3780835;2830184;
3781241;2827363;
3781648;2827843;
3782055;2822785;
3782462;2822235;
3782869;2822683;
3783276;2819418;
3783683;2817915;
3784090;2816092;
3784497;2813503;
3784904;2812123;
3785311;2810438;
3785717;2809774;
3786124;2807128;
3786531;2805400;
3786938;2803613;
3787345;2802642;
3787752;2803646;
3788159;2799122;
3788566;2799847;
3788973;2799675;
3789380;2797491;
3789787;2796233;
3790193;2795913;
3790600;2794739;
3791007;2793515;
3791414;2790884;
3791821;2790535;
3792228;2790144;
3792635;2788374;
3793042;2788617;
3793449;2787886;
3793856;2784556;
3794263;2784113;
3794669;2785249;
3795076;2782145;
3795483;2781847;
3795890;2781556;
3796297;2781205;
3796704;2778442;
3797111;2778367;
3797518;2779755;
3797925;2779440;
3798332;2779456;
3798738;2779975;
3799145;2780191;
3799552;2780243;
3799959;2780430;
3800366;2780249;
3800773;2780315;
