2385083;6553200;
2385490;6553200;
2385897;6553200;
2386304;6553200;
2386710;6553200;
2387117;6553200;
2387524;6553200;
2387931;6553200;
2388338;6553200;
2388745;6553200;
2389152;6553200;
2389559;6553200;
2389966;6553200;
2390373;6553200;
2390780;6553200;
2391187;6553200;
2391593;6553200;
2392000;6553200;
2392407;6553200;
2392814;6553200;
2393221;6553200;
2393628;6553200;
2394035;6553200;
2394442;6553200;
2394849;6553200;
2395256;6553200;
2395663;6553200;
2396069;6553200;
2396476;6553200;
2396883;6553200;
2397290;6553200;
2397697;6553200;
2398104;6553200;
2398511;6553200;
2398918;6553200;
2399325;6553200;
2399732;6553200;
2400139;6553200;
2400546;6553200;
2400953;6553200;
2401359;6553200;
2401766;6553200;
2402173;6553200;
2402580;6553200;
2402987;6553200;
2403394;6553200;
2403801;6553200;
2404208;6553200;
2404615;6553200;
2405022;6553200;
2405429;6553200;
2405836;6553200;
2406243;6553200;
2406649;6553200;
2407056;6553200;
2407463;6553200;
2407870;6553200;
2408277;6553200;
2408684;6553200;
2409091;6553200;
2409498;6553200;
2409905;6553200;
2410312;6553200;
2410719;6553200;
2411126;6553200;
2411533;6553200;
2411939;6553200;
2412346;6553200;
2412753;6553200;
2413160;6553200;
2413567;6553200;
2413974;6553200;
2414381;6553200;
2414788;6553200;
2415195;6553200;
2415602;6553200;
2416009;6553200;
2416416;6553200;
2416822;6553200;
2417229;6553200;
2417636;6553200;
2418043;6553200;
2418450;6553200;
2418857;6553200;
2419264;6553200;
2419671;6553200;
2420078;6553200;
2420484;6553200;
2420891;6553200;
2421298;6553200;
2421705;6553200;
2422112;6553200;
2422519;6553200;
2422926;6553200;
2423333;6553200;
2423740;6553200;
2424147;6553200;
2424553;6553200;
2424960;6553200;
2425367;6553200;
2425774;6553200;
2426181;6553200;
2426588;6553200;
2426995;6553200;
2427402;6553200;
2427809;6553200;
2428216;6553200;
2428622;6553200;
2429029;6553200;
2429436;6553200;
2429843;6553200;
2430250;6553200;
2430657;6553200;
2431064;6553200;
2431471;6553200;
2431878;6553200;
2432285;6553200;
2432692;6553200;
2433098;6553200;
2433505;6553200;
2433912;6553200;
2434319;6553200;
2434726;6553200;
2435133;6553200;
2435540;6553200;
2435947;6553200;
2436354;6553200;
2436761;6553200;
2437168;6553200;
2437575;6553200;
2437982;6553200;
2438388;6553200;
2438795;6553200;
2439202;6553200;
2439609;6553200;
2440016;6553200;
2440423;6553200;
2440830;6553200;
2441237;6553200;
2441644;6553200;
2442051;6553200;
2442458;6553200;
2442865;6553200;
2443271;6553200;
2443678;6553200;
2444085;6553200;
2444492;6553200;
2444899;6553200;
2445306;6553200;
2445713;6553200;
2446120;6553200;
2446527;6553200;
2446934;6553200;
2447341;6553200;
2447748;6553200;
2448155;6553200;
2448562;6553200;
2448968;6553200;
2449375;6553200;
2449782;6553200;
2450189;6553200;
2450596;6553200;
2451003;6553200;
2451410;6553200;
2451817;6553200;
2452224;6553200;
2452631;6553200;
2453038;6553200;
2453445;6553200;
2453852;6553200;
2454258;6553200;
2454665;6553200;
2455072;6553200;
2455479;6553200;
2455886;6553200;
2456293;6553200;
2456700;6553200;
2457107;6553200;
2457514;6553200;
2457921;6553200;
2458328;6553200;
2458734;6553200;
2459141;6553200;
2459548;6553200;
2459955;6553200;
2460362;6553200;
2460769;6553200;
2461176;6553200;
2461583;6553200;
2461990;6553200;
2462397;6553200;
2462803;6553200;
2463210;6553200;
2463617;6553200;
2464024;6553200;
2464431;6553200;
2464838;6553200;
2465245;6553200;
2465652;6553200;
2466059;6553200;
2466466;6553200;
2466873;6553200;
2467279;6553200;
2467686;6553200;
2468093;6553200;
2468500;6553200;
2468907;6553200;
2469314;6553200;
2469721;6553200;
2470128;6553200;
2470535;6553200;
2470942;6553200;
2471349;6553200;
2471756;6553200;
2472162;6553200;
2472569;6553200;
2472976;6553200;
2473383;6553200;
2473790;6553200;
2474197;6553200;
2474604;6553200;
2475011;6553200;
2475418;6553200;
2475825;6553200;
2476232;6553200;
2476638;6553200;
2477045;6553200;
2477452;6553200;
2477859;6553200;
2478266;6553200;
2478673;6553200;
2479080;6553200;
2479487;6553200;
2479894;6553200;
2480301;6553200;
2480708;6553200;
2481114;6553200;
2481521;6553200;
2481928;6553200;
2482335;6553200;
2482742;6553200;
2483149;6553200;
2483556;6553200;
2483963;6553200;
2484370;6553200;
2484777;6553200;
2485184;6553200;
2485590;6553200;
2485997;6553200;
2486404;6553200;
2486811;6553200;
2487218;6553200;
2487625;6553200;
2488032;6553200;
2488439;6553200;
2488846;6553200;
2489253;6553200;
2489660;6553200;
2490066;6553200;
2490473;6553200;
2490880;6553200;
2491287;6553200;
2491694;6553200;
2492101;6553200;
2492508;6553200;
2492915;6553200;
2493322;6553200;
2493729;6553200;
2494136;6553200;
2494543;6553200;
2494949;6553200;
2495356;6553200;
2495763;6553200;
2496170;6553200;
2496577;6553200;
2496984;6553200;
2497391;6553200;
2497798;6553200;
2498205;6553200;
2498612;6553200;
2499019;6553200;
2499426;6553200;
2499833;6553200;
2500240;6553200;
2500647;6553200;
2501053;6553200;
2501460;6553200;
2501867;6553200;
2502274;6553200;
2502681;6553200;
2503088;6553200;
2503495;6553200;
2503902;6553200;
2504309;6553200;
2504716;6553200;
2505123;6553200;
2505530;6553200;
2505937;6553200;
2519365;6553200;
2519772;6553200;
2520179;6553200;
2520585;6553200;
2520992;6553200;
2521399;6553200;
2521806;6553200;
2522213;6553200;
2522620;6553200;
2523027;6553200;
2523434;6553200;
2523841;6553200;
2524248;6553200;
2524654;6553200;
2525061;6553200;
2525468;6553200;
2525875;6553200;
2526282;6553200;
2526689;6553200;
2527096;6553200;
2527503;6553200;
2527910;6553200;
2528317;6553200;
2528724;6553200;
2529131;6553200;
2529537;6553200;
2529944;6553200;
2530351;6553200;
2530758;6553200;
2531165;6553200;
2531572;6553200;
2531979;6553200;
2532386;6553200;
2532793;6553200;
2533200;6553200;
2533606;6553200;
2534013;6553200;
2534420;6553200;
2534827;6553200;
2535234;6553200;
2535641;6553200;
2536048;6553200;
2536455;6553200;
2536862;6553200;
2537269;6553200;
2537675;6553200;
2538082;6553200;
2538489;6553200;
2538896;6553200;
2539303;6553200;
2539710;6553200;
2540117;6553200;
2540524;6553200;
2540931;6553200;
2541338;6553200;
2541744;6553200;
2542151;6553200;
2542558;6553200;
2542965;6553200;
2543372;6553200;
2543779;6553200;
2544186;6553200;
2544593;6553200;
2545000;6553200;
2545407;6553200;
2545813;6553200;
2546220;6553200;
2546627;6553200;
2547034;6553200;
2547441;6553200;
2547848;6553200;
2548255;6553200;
2548662;6553200;
2549069;6553200;
2549476;6553200;
2549883;6553200;
2550290;6553200;
2550696;6553200;
2551103;6553200;
2551510;6553200;
2551917;6553200;
2552324;6553200;
2552731;6553200;
2553138;6553200;
2553545;6553200;
2553952;6553200;
2554359;6553200;
2554765;6553200;
2555172;6553200;
2555579;6553200;
2555986;6553200;
2556393;6553200;
2556800;6553200;
2557207;6553200;
2557614;6553200;
2558021;6553200;
2558428;6553200;
2558834;6553200;
2559241;6553200;
2559648;6553200;
2560055;6553200;
2560462;6553200;
2560869;6553200;
2561276;6553200;
2561683;6553200;
2562090;6553200;
2562497;6553200;
2562904;6553200;
2563311;6553200;
2563717;6553200;
2564124;6553200;
2564531;6553200;
2564938;6553200;
2565345;6553200;
2565752;6553200;
2566159;6553200;
2566566;6553200;
2566973;6553200;
2567380;6553200;
2567787;6553200;
2568194;6553200;
2568601;6553200;
2569008;6553200;
2569415;6553200;
2569821;6553200;
2570228;6553200;
2570635;6553200;
2571042;6553200;
2571449;6553200;
2571856;6553200;
2572263;6553200;
2572670;6553200;
2637778;6553200;
2638185;6553200;
2638592;6553200;
2638998;6553200;
2639405;6553200;
2639812;6553200;
2640219;6553200;
2640626;6553200;
2641033;6553200;
2641440;6553200;
2641847;6553200;
2642254;6553200;
2642661;6553200;
2643067;6553200;
2643474;6553200;
2643881;6553200;
2644288;6553200;
2644695;6553200;
2645102;6553200;
2645509;6553200;
2645916;6553200;
2646323;6553200;
2646730;6553200;
2647137;6553200;
2647544;6553200;
2647950;6553200;
2648357;6553200;
2648764;6553200;
2649171;6553200;
2649578;6553200;
2649985;6553200;
2650392;6553200;
2650799;6553200;
2651206;6553200;
2651613;6553200;
2652020;6553200;
2652427;6553200;
2652834;6553200;
2653240;6553200;
2653647;6553200;
2654054;6553200;
2654461;6553200;
2654868;6553200;
2655275;6553200;
2655682;6553200;
2656089;6553200;
2656496;6553200;
2656903;6553200;
2657309;6553200;
2657716;6553200;
2658123;6553200;
2658530;6553200;
2658937;6553200;
2659344;6553200;
2659751;6553200;
2660158;6553200;
2660565;6553200;
2660972;6553200;
2661379;6553200;
2661786;6553200;
2662193;6553200;
2662600;6553200;
2663006;6553200;
2663413;6553200;
2663820;6553200;
2664227;6553200;
2664634;6553200;
2665041;6553200;
2665448;6553200;
2665855;6553200;
2666262;6553200;
2666669;6553200;
2667076;6553200;
2667483;6553200;
2667890;6553200;
2668297;6553200;
2668704;6553200;
2669111;6553200;
2669518;6553200;
2669925;6553200;
2670331;6553200;
2670738;6553200;
2671145;6553200;
2671552;6553200;
2671959;6553200;
2672366;6553200;
2672773;6553200;
2673180;6553200;
2673587;6553200;
2673994;6553200;
2674401;6553200;
2674808;6553200;
2675215;6553200;
2675622;6553200;
2676028;6553200;
2676435;6553200;
2676842;6553200;
2677249;6553200;
2677656;6553200;
2678063;6553200;
2678470;6553200;
2678877;6553200;
2679284;6553200;
2679691;6553200;
2680098;6553200;
2680505;6553200;
2680912;6553200;
2681319;6553200;
2681725;6553200;
2682132;6553200;
2682539;6553200;
2682946;6553200;
2683353;6553200;
2683760;6553200;
2684167;6553200;
2684574;6553200;
2684981;6553200;
2685388;6553200;
2685795;6553200;
2686202;6553200;
2686609;6553200;
2687016;6553200;
2687423;6553200;
2687830;6553200;
2688237;6553200;
2688644;6553200;
2689050;6553200;
2689457;6553200;
2689864;6553200;
2690271;6553200;
2690678;6553200;
2691085;6553200;
2691492;6553200;
2691899;6553200;
2692306;6553200;
2692713;6553200;
2693120;6553200;
2693527;6553200;
2693934;6553200;
2694341;6553200;
2694748;6553200;
2695155;6553200;
2695562;6553200;
2695969;6553200;
2696375;6553200;
2696782;6553200;
2708584;6553200;
2708991;6553200;
2709398;6553200;
2709805;6553200;
2710212;6553200;
2710619;6553200;
2711026;6553200;
2711433;6553200;
2711840;6553200;
2712247;6553200;
2712654;6553200;
2713061;6553200;
2713468;6553200;
2713875;6553200;
2714282;6553200;
2714688;6553200;
2715095;6553200;
2715502;6553200;
2715909;6553200;
2716316;6553200;
2716723;6553200;
2717130;6553200;
2717537;6553200;
2717944;6553200;
2718351;6553200;
2718758;6553200;
2719165;6553200;
2719572;6553200;
2719979;6553200;
2720386;6553200;
2720793;6553200;
2721200;6553200;
2721607;6553200;
2722014;6553200;
2722421;6553200;
2722827;6553200;
2723234;6553200;
2723641;6553200;
2724048;6553200;
2724455;6553200;
2724862;6553200;
2725269;6553200;
2725676;6553200;
2726083;6553200;
2726490;6553200;
2726897;6553200;
2727304;6553200;
2727711;6553200;
2728118;6553200;
2728525;6553200;
2728932;6553200;
2729339;6553200;
2729746;6553200;
2730153;6553200;
2730560;6553200;
2730967;6553200;
2731374;6553200;
2731781;6553200;
2732188;6553200;
2732595;6553200;
2733002;6553200;
2733409;6553200;
2733816;6553200;
2734223;6553200;
2734630;6553200;
2735037;6553200;
2735443;6553200;
2735850;6553200;
2736257;6553200;
2736664;6553200;
2737071;6553200;
2737478;6553200;
2737885;6553200;
2738292;6553200;
2738699;6553200;
2739106;6553200;
2739513;6553200;
2739920;6553200;
2740327;6553200;
2740734;6553200;
2741141;6553200;
2741548;6553200;
2741955;6553200;
2742362;6553200;
2742769;6553200;
2743176;6553200;
2743583;6553200;
2743990;6553200;
2744397;6553200;
2744804;6553200;
2745210;6553200;
2745617;6553200;
2746024;6553200;
2746431;6553200;
2746838;6553200;
2747245;6553200;
2747652;6553200;
2748059;6553200;
2748466;6553200;
2748873;6553200;
2749280;6553200;
2749687;6553200;
2750094;6553200;
2750501;6553200;
2750908;6553200;
2751315;6553200;
2751722;6553200;
2752129;6553200;
2752536;6553200;
2752943;6553200;
2753350;6553200;
2753757;6553200;
2754164;6553200;
2754571;6553200;
2754978;6553200;
2755385;6553200;
2755791;6553200;
2756198;6553200;
2756605;6553200;
2757012;6553200;
2757419;6553200;
2757826;6553200;
2758233;6553200;
2758640;6553200;
2759047;6553200;
2759454;6553200;
2759861;6553200;
2760268;6553200;
2760675;6553200;
2761082;6553200;
2761489;6553200;
2761896;6553200;
2762303;6553200;
2762710;6553200;
2763117;6553200;
2763524;6553200;
2763931;6553200;
2764338;6553200;
2764745;6553200;
2765152;6553200;
2765559;6553200;
2765966;6553200;
2766373;6553200;
2766780;6553200;
2815616;6553200;
2816023;6553200;
2816430;6553200;
2816837;6553200;
2817244;6553200;
2817651;6553200;
2818058;6553200;
2818465;6553200;
2818872;6553200;
2819279;6553200;
2819686;6553200;
2820093;6553200;
2820500;6553200;
2820907;6553200;
2821314;6553200;
2821721;6553200;
2822127;6553200;
2822534;6553200;
2822941;6553200;
2823348;6553200;
2823755;6553200;
2824162;6553200;
2824569;6553200;
2824976;6553200;
2825383;6553200;
2825790;6553200;
2826197;6553200;
2826604;6553200;
2827011;6553200;
2827418;6553200;
2827825;6553200;
2828232;6553200;
2828639;6553200;
2829046;6553200;
2829453;6553200;
2829860;6553200;
2830267;6553200;
2830674;6553200;
2831081;6553200;
2831488;6553200;
2831895;6553200;
2832302;6553200;
2832709;6553200;
2833116;6553200;
2833523;6553200;
2833930;6553200;
2834337;6553200;
2834744;6553200;
2835151;6553200;
2835558;6553200;
2835965;6553200;
2836372;6553200;
2836779;6553200;
2837186;6553200;
2837593;6553200;
2838000;6553200;
2838407;6553200;
2838814;6553200;
2839221;6553200;
2839628;6553200;
2840035;6553200;
2840441;6553200;
2840848;6553200;
2841255;6553200;
2841662;6553200;
2842069;6553200;
2842476;6553200;
2842883;6553200;
2843290;6553200;
2843697;6553200;
2844104;6553200;
2844511;6553200;
2844918;6553200;
2845325;6553200;
2845732;6553200;
2846139;6553200;
2846546;6553200;
2846953;6553200;
2847360;6553200;
2847767;6553200;
2848174;6553200;
2848581;6553200;
2848988;6553200;
2849395;6553200;
2849802;6553200;
2850209;6553200;
2850616;6553200;
2851023;6553200;
2851430;6553200;
2851837;6553200;
2852244;6553200;
2852651;6553200;
2853058;6553200;
2853465;6553200;
2853872;6553200;
2854279;6553200;
2854686;6553200;
2855093;6553200;
2855500;6553200;
2855906;6553200;
2856313;6553200;
2856720;6553200;
2857127;6553200;
2857534;6553200;
2857941;6553200;
2858348;6553200;
2858755;6553200;
2859162;6553200;
2859569;6553200;
2859976;6553200;
2860383;6553200;
2860790;6553200;
2861197;6553200;
2861604;6553200;
2862011;6553200;
2862418;6553200;
2862825;6553200;
2863232;6553200;
2863639;6553200;
2864046;6553200;
2864453;6553200;
2864860;6553200;
2865267;6553200;
2865674;6553200;
2866081;6553200;
2866488;6553200;
2866895;6553200;
2867302;6553200;
2867709;6553200;
2868116;6553200;
2868523;6553200;
2868930;6553200;
2869337;6553200;
2869744;6553200;
2870151;6553200;
2870558;6553200;
2870965;6553200;
2871372;6553200;
2871778;6553200;
2872185;6553200;
2872592;6553200;
2872999;6553200;
2873406;6553200;
2873813;6553200;
2874220;6553200;
2874627;6553200;
2875034;6553200;
2875441;6553200;
2875848;6553200;
2876255;6553200;
2876662;6553200;
2877069;6553200;
2877476;6553200;
2877883;6553200;
2878290;6553200;
2878697;6553200;
2879104;6553200;
2879511;6553200;
2879918;6553200;
2880325;6553200;
2880731;6553200;
2881138;6553200;
2881545;6553200;
2881952;6553200;
2882359;6553200;
2882766;6553200;
2895382;6553200;
2895789;6553200;
2896196;6553200;
2896603;6553200;
2897010;6553200;
2897417;6553200;
2897824;6553200;
2898231;6553200;
2898638;6553200;
2899045;6553200;
2899452;6553200;
2899859;6553200;
2900266;6553200;
2900673;6553200;
2901080;6553200;
2901487;6553200;
2901894;6553200;
2902301;6553200;
2902708;6553200;
2903115;6553200;
2903522;6553200;
2903929;6553200;
2904336;6553200;
2904743;6553200;
2905149;6553200;
2905556;6553200;
2905963;6553200;
2906370;6553200;
2906777;6553200;
2907184;6553200;
2907591;6553200;
2907998;6553200;
2908405;6553200;
2908812;6553200;
2909219;6553200;
2909626;6553200;
2910033;6553200;
2910440;6553200;
2910847;6553200;
2911254;6553200;
2911661;6553200;
2912068;6553200;
2912475;6553200;
2912882;6553200;
2913289;6553200;
2913696;6553200;
2914103;6553200;
2914510;6553200;
2914917;6553200;
2915324;6553200;
2915731;6553200;
2916138;6553200;
2916545;6553200;
2916952;6553200;
2917359;6553200;
2917765;6553200;
2918172;6553200;
2918579;6553200;
2918986;6553200;
2919393;6553200;
2919800;6553200;
2920207;6553200;
2920614;6553200;
2921021;6553200;
2921428;6553200;
2921835;6553200;
2922242;6553200;
2922649;6553200;
2923056;6553200;
2923463;6553200;
2923870;6553200;
2924277;6553200;
2924684;6553200;
2925091;6553200;
2925498;6553200;
2925905;6553200;
2926312;6553200;
