3220927;5133440;
3221334;5133850;
3221740;5133992;
3222147;5134315;
3222554;5134526;
3222961;5134912;
3223368;5135080;
3223775;5135203;
3224182;5135378;
3224589;5135410;
3224996;5135594;
3225403;5135553;
3225809;5135645;
3226216;5135528;
3226623;5134303;
3227030;5134492;
3227437;5134586;
3227844;5133213;
3228251;5133208;
3228658;5132348;
3229065;5132422;
3229472;5131448;
3229879;5130921;
3230285;5129796;
3230692;5129298;
3231099;5127920;
3231506;5127886;
3231913;5126929;
3232320;5126713;
3232727;5125883;
3233134;5125257;
3233541;5125119;
3233948;5123982;
3234354;5123898;
3234761;5123044;
3235168;5122714;
3235575;5121962;
3235982;5121606;
3236389;5120850;
3236796;5120305;
3237203;5120451;
3237610;5119247;
3238017;5119116;
3238423;5118982;
3238830;5117758;
3239237;5117675;
3239644;5117163;
3240051;5116420;
3240458;5116427;
3240865;5115234;
3241272;5114966;
3241679;5114583;
3242086;5113467;
3242492;5113396;
3242899;5112271;
3243306;5112027;
3243713;5111041;
3244120;5110873;
3244527;5110098;
3244934;5109870;
3245341;5109243;
3245748;5108451;
3246155;5108581;
3246561;5107319;
3246968;5107281;
3247375;5106026;
3247782;5106075;
3248189;5104696;
3248596;5104674;
3249003;5103418;
3249410;5103646;
3249817;5102418;
3250223;5102077;
3250630;5101266;
3251037;5100793;
3251444;5099875;
3251851;5099843;
3252258;5099182;
3252665;5099242;
3253072;5099196;
3253479;5097976;
3253886;5098050;
3254293;5098107;
3254699;5096836;
3255106;5096715;
3255513;5096244;
3255920;5095994;
3256327;5095834;
3256734;5094707;
3257141;5094538;
3257548;5094229;
3257954;5093348;
3258361;5093370;
3258768;5093052;
3259175;5092116;
3259582;5091879;
3259989;5090943;
3260396;5090629;
3260803;5089727;
3261210;5089397;
3261617;5089113;
3262024;5088218;
3262430;5088058;
3262837;5087641;
3263244;5086637;
3263651;5086746;
3264058;5085450;
3264465;5085923;
3264872;5085737;
3265279;5085565;
3265686;5085005;
3266092;5084661;
3266499;5084672;
3266906;5084294;
3267313;5083343;
3267720;5083588;
3268127;5083753;
3268534;5082568;
3268941;5082410;
3269348;5082633;
3269755;5081902;
3270162;5081596;
3270568;5081531;
3270975;5080999;
3271382;5080572;
3271789;5080127;
3272196;5079905;
3272603;5078879;
3273010;5079192;
3273417;5079309;
3273824;5078918;
3274230;5078184;
3274637;5077941;
3275044;5078071;
3275451;5076828;
3275858;5076838;
3276265;5076828;
3276672;5076113;
3277079;5076074;
3277486;5076076;
3277893;5075971;
3278299;5075002;
3278706;5074886;
3279113;5074520;
3279520;5073633;
3279927;5073389;
3280334;5073175;
3280741;5072272;
3281148;5072132;
3281555;5071889;
3281961;5071126;
3282368;5070719;
3282775;5070743;
3283182;5069916;
3283589;5069602;
3283996;5069540;
3284403;5068576;
3284810;5068198;
3285217;5068168;
3285623;5067265;
3286030;5067011;
3286437;5066904;
3286844;5066664;
3287251;5065676;
3287658;5065787;
3288065;5064757;
3288472;5064354;
3288879;5064348;
3289286;5062977;
3289692;5063158;
3290099;5062480;
3290506;5062106;
3290913;5062236;
3291320;5062193;
3291727;5061820;
3292134;5061344;
3292541;5061108;
3292947;5061144;
3293354;5060475;
3293761;5060226;
3294168;5060266;
3294575;5060146;
3294982;5059610;
3295389;5059234;
3295796;5059495;
3296203;5059415;
3296609;5058525;
3297016;5058505;
3297423;5058497;
3297830;5057562;
3298237;5057284;
3298644;5057439;
3299051;5057505;
3299458;5056460;
3299865;5056270;
3300271;5056516;
3300678;5056470;
3301085;5056412;
3301492;5055793;
3301899;5055521;
3302306;5055387;
3302713;5055286;
3303120;5054411;
3303527;5054278;
3303934;5054306;
3304340;5054157;
3304747;5053474;
3305154;5053404;
3305561;5053292;
3305968;5053392;
3306375;5052490;
3306782;5052561;
3307189;5052481;
3307596;5052106;
3308002;5051430;
3308409;5051241;
3308816;5051328;
3309223;5050376;
3309630;5050663;
3310037;5050840;
3310444;5050170;
3310851;5050117;
3311258;5049908;
3311665;5049862;
3312071;5048963;
3312478;5048980;
3312885;5048987;
3313292;5048374;
3313699;5048120;
3314106;5047906;
3314513;5047489;
3314920;5047230;
3315327;5047116;
3315733;5046054;
3316140;5046257;
3316547;5046151;
3316954;5045296;
3317361;5045149;
3317768;5045051;
3318175;5045194;
3318582;5044143;
3337299;5052037;
3337706;5052604;
3338113;5053105;
3338520;5053651;
3338927;5054214;
3339333;5054579;
3339740;5054937;
3340147;5055319;
3340554;5055675;
3340961;5055182;
3341368;5055205;
3341775;5055311;
3342182;5054566;
3342589;5054666;
3342995;5053690;
3343402;5053079;
3343809;5052532;
3344216;5052516;
3344623;5051359;
3345030;5051483;
3345437;5050401;
3345844;5050715;
3346251;5049647;
3346658;5049603;
3347065;5049423;
3347472;5048552;
3347878;5048719;
3348285;5047894;
3348692;5047593;
3349099;5047171;
3349506;5046482;
3349913;5046775;
3350320;5045750;
3350727;5045716;
3351134;5044447;
3351541;5044376;
3351948;5044129;
3352354;5043311;
3352761;5043613;
3353168;5042671;
3353575;5042860;
3353982;5042029;
3354389;5042033;
3354796;5041009;
3355203;5040857;
3355610;5041017;
3356017;5040904;
3356424;5040034;
3356830;5040055;
3357237;5039191;
3357644;5038867;
3358051;5039009;
3358458;5038083;
3358865;5037831;
3359272;5038049;
3359679;5036766;
3360086;5037562;
3360493;5037011;
3360900;5035462;
3361307;5035843;
3361713;5036157;
3362120;5035223;
3362527;5034988;
3362934;5034992;
3363341;5034146;
3363748;5034108;
3364155;5034053;
3364562;5032860;
3364969;5033043;
3365376;5032743;
3365783;5031835;
3366189;5032108;
3366596;5032135;
3367003;5032130;
3367410;5032311;
3367817;5032274;
3368224;5031954;
3368631;5031368;
3369038;5031467;
3369445;5031406;
3369852;5031424;
3370259;5031476;
3370666;5031468;
3371072;5031349;
3371479;5031410;
3371886;5031493;
3372293;5031526;
3372700;5031579;
3373107;5031666;
3434549;5144041;
3434956;5143048;
3435363;5141972;
3435770;5141159;
3436177;5140404;
3436584;5139747;
3436991;5139094;
3437398;5138696;
3437805;5138271;
3438212;5137865;
3438618;5137455;
3439025;5137234;
3439432;5136988;
3439839;5136761;
3440246;5136542;
3440653;5135665;
3441060;5135121;
3441467;5134905;
3441874;5134775;
3442281;5134761;
3442688;5133245;
3443095;5133089;
3443502;5131931;
3443908;5131700;
3444315;5131656;
3444722;5130179;
3445129;5129959;
3445536;5129809;
3445943;5128045;
3446350;5128189;
3446757;5127729;
3447164;5126581;
3447571;5126791;
3447978;5125438;
3448385;5125392;
3448791;5125232;
3449198;5123868;
3449605;5123919;
3450012;5123160;
3450419;5122446;
3450826;5122555;
3451233;5121020;
3451640;5120951;
3452047;5119861;
3452454;5119664;
3452861;5119601;
3453268;5118041;
3453675;5117898;
3454082;5117125;
3454489;5116942;
3454895;5116995;
3455302;5115390;
3455709;5115461;
3456116;5115508;
3456523;5114025;
3456930;5114157;
3457337;5113649;
3457744;5112777;
3458151;5112701;
3458558;5111757;
3458965;5111522;
3459372;5110454;
3459779;5110142;
3460185;5109050;
3460592;5108829;
3460999;5108894;
3461406;5107400;
3461813;5107269;
3462220;5106459;
3462627;5106352;
3463034;5105393;
3463441;5104897;
3463848;5103652;
3464255;5103495;
3464662;5103334;
3465068;5102225;
3465475;5102318;
3465882;5101053;
3466289;5100806;
3466696;5100546;
3467103;5099693;
3467510;5099415;
3467917;5098161;
3468324;5098096;
3468731;5097379;
3469138;5096981;
3469544;5096032;
3469951;5095754;
3470358;5095747;
3470765;5094613;
3471172;5094631;
3471579;5094464;
3471986;5094465;
3472393;5093325;
3472800;5093401;
3473207;5092541;
3473614;5092344;
3474020;5091687;
3474427;5090754;
3474834;5090919;
3475241;5090011;
3475648;5089681;
3476055;5089476;
3476462;5088146;
3476869;5088398;
3477276;5087585;
3477683;5087324;
3478090;5087242;
3478496;5085773;
3478903;5086006;
3479310;5085251;
3479717;5084612;
3480124;5084658;
3480531;5083287;
3480938;5083429;
3481345;5082760;
3481752;5082325;
3482159;5082227;
3482565;5080773;
3482972;5080806;
3483379;5080342;
3483786;5079750;
3484193;5079833;
3484600;5078638;
3485007;5078394;
3485414;5077974;
3485821;5077525;
3486228;5077632;
3486635;5076447;
3487041;5076297;
3487448;5076125;
3487855;5075109;
3488262;5075106;
3488669;5074834;
3489076;5073911;
3489483;5073801;
3489890;5072786;
3490297;5072715;
3490704;5072713;
3491111;5071757;
3491517;5071422;
3491924;5070973;
3492331;5070217;
3492738;5070743;
3493145;5069619;
3493552;5069250;
3493959;5069679;
3494366;5069089;
3494773;5068433;
3495180;5068241;
3495587;5067236;
3495993;5067454;
3496400;5067012;
3496807;5066620;
3497214;5065818;
3497621;5066474;
3514712;5071710;
3515119;5071333;
3515526;5070807;
3515932;5070401;
3516339;5069930;
3516746;5069599;
3517153;5069303;
3517560;5068959;
3517967;5068711;
3518374;5068408;
3518781;5068258;
3519188;5068112;
3519595;5067007;
3520001;5066397;
3520408;5066130;
3520815;5064754;
3521222;5064423;
3521629;5064380;
3522036;5062911;
3522443;5062775;
3522850;5062045;
3523257;5061414;
3523664;5061314;
3524071;5060150;
3524477;5059834;
3524884;5059468;
3525291;5058540;
3525698;5058483;
3526105;5057925;
3526512;5057356;
3526919;5057285;
3527326;5056013;
3527733;5055941;
3528140;5056148;
3528546;5055014;
3528953;5054742;
3529360;5054828;
3529767;5053607;
3530174;5053783;
3530581;5053129;
3530988;5052778;
3531395;5052681;
3531802;5051888;
3532209;5051369;
3532616;5051528;
3533023;5050284;
3533429;5050205;
3533836;5049287;
3534243;5049146;
3534650;5049066;
3535057;5048016;
3535464;5047852;
3535871;5048140;
3536278;5048067;
3536685;5046720;
3537092;5046926;
3537499;5046865;
3537906;5045446;
3538312;5045255;
3538719;5045560;
3539126;5044238;
3539533;5044105;
3539940;5044450;
3540347;5043500;
3540754;5043332;
3541161;5043284;
3541568;5042090;
3541975;5042010;
3542382;5042109;
3542789;5040950;
3543196;5040892;
3543602;5040508;
3544009;5039900;
3544416;5039838;
3544823;5039922;
3545230;5038900;
3545637;5038593;
3546044;5038660;
3546451;5038399;
3546858;5037581;
3547265;5037506;
3547672;5037408;
3548079;5036469;
3548486;5036339;
3548893;5036395;
3549299;5035523;
3549706;5035229;
3550113;5035356;
3550520;5034444;
3550927;5034136;
3551334;5034359;
3551741;5033698;
3552148;5033348;
3552555;5033088;
3552962;5032871;
3553369;5031935;
3553776;5032145;
3554182;5032069;
3554589;5031017;
3554996;5030852;
3555403;5030907;
3555810;5030088;
3556217;5030035;
3556624;5029766;
3557031;5028861;
3557438;5028648;
3557845;5028845;
3558252;5027425;
3558658;5027531;
3559065;5027378;
3559472;5026840;
3559879;5026872;
3560286;5026860;
3560693;5026173;
3561100;5026161;
3561507;5026154;
3561914;5026109;
3562321;5026137;
3562728;5026128;
3563135;5026143;
3563542;5026132;
3563949;5025636;
3564356;5025417;
3564763;5025399;
3565169;5025466;
3565576;5025458;
3565983;5025641;
3566390;5025569;
3566797;5025542;
3567204;5025570;
3649807;5157216;
3650214;5157507;
3650621;5157892;
3651028;5158110;
3651435;5158324;
3651842;5158543;
3652249;5158719;
3652656;5158901;
3653063;5158988;
3653470;5159195;
3653877;5159365;
3654284;5159415;
3654691;5159545;
3655098;5158989;
3655505;5158075;
3655912;5158207;
3656319;5158276;
3656725;5158311;
3657132;5157774;
3657539;5156610;
3657946;5156775;
3658353;5156880;
3658760;5155533;
3659167;5155546;
3659574;5155693;
3659981;5155797;
3660388;5154366;
3660795;5154493;
3661202;5154524;
3661609;5153907;
3662015;5153204;
3662422;5153231;
3662829;5153236;
3663236;5152039;
3663643;5151899;
3664050;5151917;
3664457;5151983;
3664864;5150842;
3665271;5150572;
3665678;5150450;
3666085;5150514;
3666492;5149055;
3666899;5148927;
3667305;5149060;
3667712;5147958;
3668119;5147708;
3668526;5147592;
3668933;5147436;
3669340;5146054;
3669747;5146097;
3670154;5146194;
3670561;5145032;
3670968;5144864;
3671375;5144770;
3671781;5143832;
3672188;5143466;
3672595;5143443;
3673002;5142623;
3673409;5142020;
3673816;5141994;
3674223;5141920;
3674630;5140571;
3675037;5140386;
3675443;5140622;
3675850;5139872;
3676257;5139266;
3676664;5139152;
3677071;5139056;
3677478;5137813;
3677885;5137607;
3678292;5137485;
3678699;5137142;
3679106;5136119;
3679513;5135853;
3679920;5136212;
3680326;5134740;
3680733;5134533;
3681140;5134850;
3681547;5134014;
3681954;5133413;
3682361;5133263;
3682768;5133253;
3683175;5131888;
3683582;5131458;
3683989;5131947;
3684396;5130523;
3684803;5130372;
3685210;5130496;
3685617;5129078;
3686023;5128696;
3686430;5128174;
3686837;5127377;
3687244;5127389;
3687651;5126389;
3688058;5126110;
3688465;5125873;
3688872;5125334;
3689279;5124507;
3689686;5124794;
3690093;5123994;
3690500;5123194;
3690907;5123576;
3691313;5122787;
3691720;5121828;
3692127;5122297;
3692534;5121093;
3692941;5120459;
3693348;5120700;
3693755;5120005;
3694162;5118982;
3694569;5118981;
3694976;5118793;
3695383;5117742;
3695790;5118381;
3696196;5118154;
3696603;5118074;
3697010;5118146;
3697417;5116968;
3697824;5117503;
3698231;5116389;
3698638;5115081;
3699045;5115005;
3699452;5115089;
3699859;5114029;
3700266;5113487;
3700672;5113853;
3701079;5113544;
3701486;5112445;
3701893;5112361;
3702300;5111301;
3702707;5111188;
3703114;5111456;
3703521;5109998;
3703928;5109891;
3704335;5109699;
3704742;5109301;
3705148;5108629;
3705555;5108300;
3705962;5108522;
3706369;5107562;
3706776;5106922;
3707183;5107283;
3707590;5105829;
3707997;5105526;
3708404;5105867;
3708810;5105233;
3709217;5104389;
3709624;5104131;
3710031;5104206;
3710438;5103326;
3710845;5103337;
3711252;5103008;
3711659;5102886;
3712066;5101893;
3712473;5101926;
3712879;5101739;
3713286;5101612;
3713693;5101594;
3714100;5100356;
3714507;5100196;
3714914;5100631;
3715321;5100556;
3715728;5098928;
3716135;5098888;
3716542;5099200;
3716949;5098328;
3717355;5097598;
3717762;5097360;
3718169;5096322;
3718576;5096435;
3718983;5096649;
3719390;5095697;
3719797;5095274;
3720204;5095175;
3740957;5103382;
3741364;5103543;
3741771;5103552;
3742178;5103691;
3742585;5103732;
3742991;5103101;
3743398;5102413;
3743805;5101151;
3744212;5100818;
3744619;5100267;
3745026;5099273;
3745433;5099299;
3745840;5098272;
3746247;5098114;
3746654;5096784;
3747061;5096875;
3747468;5096872;
3747875;5095859;
3748281;5095531;
3748688;5095064;
3749095;5094479;
3749502;5094529;
3749909;5092991;
3750316;5092826;
3750723;5093212;
3751130;5091114;
3751537;5091707;
3751944;5091910;
3752351;5090805;
3752757;5089811;
3753164;5090525;
3753571;5088519;
3753978;5088350;
3754385;5089409;
3754792;5086770;
3755199;5087270;
3755606;5085793;
3756013;5086381;
3756420;5086492;
3756827;5086306;
3757234;5085049;
3757640;5084822;
3758047;5085309;
3758454;5085173;
3758861;5084026;
3759268;5083978;
3759675;5083619;
3760082;5082579;
3760489;5082582;
3760896;5082377;
3761303;5081010;
3761710;5081036;
3762117;5081051;
3762524;5079672;
3762930;5079821;
3763337;5079916;
3763744;5078734;
3764151;5078437;
3764558;5078324;
3764965;5077246;
3765372;5077201;
3765779;5077008;
3766186;5075879;
3766593;5075734;
3767000;5075885;
3767407;5075019;
3767814;5074606;
3768220;5074632;
3768627;5074124;
3769034;5073146;
3769441;5073401;
3769848;5072831;
3770255;5071730;
3770662;5071918;
3771069;5071155;
3771476;5070733;
3771883;5070650;
3772290;5068950;
3772697;5068950;
3773104;5069073;
3773510;5068032;
3773917;5067846;
3774324;5067813;
3774731;5066529;
3775138;5066587;
3775545;5066014;
3775952;5065527;
3776359;5064417;
3776766;5064019;
3777173;5064260;
3777580;5063452;
3777987;5062744;
3778394;5062754;
3778800;5062671;
3779207;5062719;
3779614;5062706;
3780021;5062795;
3780428;5061898;
3780835;5061017;
3781242;5060052;
3781649;5060112;
3782056;5058321;
3782463;5058117;
3782870;5058126;
3783276;5057049;
3783683;5056376;
3784090;5055735;
3784497;5054752;
3784904;5054206;
3785311;5053670;
3785718;5053348;
3786125;5052454;
3786532;5051705;
3786939;5051223;
3787346;5050584;
3787752;5051121;
3788159;5049376;
3788566;5049462;
3788973;5049522;
3789380;5048414;
3789787;5048162;
3790194;5047865;
3790601;5047364;
3791008;5046970;
3791415;5045923;
3791822;5045867;
3792229;5045739;
3792635;5045001;
3793042;5045156;
3793449;5044903;
3793856;5043598;
3794263;5043446;
3794670;5043805;
3795077;5042722;
3795484;5042473;
3795891;5042387;
3796298;5042212;
3796704;5041069;
3797111;5041245;
3797518;5041666;
3797925;5041452;
3798332;5041309;
3798739;5041472;
3799146;5041486;
3799553;5041493;
3799960;5041458;
3800367;5041361;
3800773;5041353;
