2385488;3166225;
2385895;3170805;
2386302;3170571;
2386709;3165522;
2387116;3160943;
2387523;3154790;
2387930;3154864;
2388337;3158543;
2388744;3160386;
2389151;3160365;
2389557;3161634;
2389964;3162445;
2390371;3162239;
2390778;3160630;
2391185;3159556;
2391592;3159568;
2391999;3161222;
2392406;3163347;
2392813;3165294;
2393220;3166334;
2393627;3167761;
2394033;3170106;
2394440;3170892;
2394847;3171131;
2395254;3171687;
2395661;3172252;
2396068;3173159;
2396475;3173875;
2396882;3174607;
2397289;3175337;
2397696;3176062;
2398103;3176698;
2398510;3176849;
2398916;3176654;
2399323;3176455;
2399730;3176486;
2400137;3176344;
2400544;3176281;
2400951;3176235;
2401358;3175863;
2401765;3175348;
2402172;3174946;
2402579;3174583;
2402986;3174152;
2403393;3171655;
2403800;3171173;
2404206;3170552;
2404613;3170304;
2405020;3169985;
2405427;3169605;
2405834;3169365;
2406241;3169238;
2406648;3169206;
2407055;3169293;
2407462;3169254;
2407869;3169272;
2408276;3169335;
2408683;3169357;
2409090;3169178;
2409497;3169310;
2409903;3169522;
2410310;3166335;
2410717;3165671;
2411124;3166313;
2411531;3166293;
2411938;3166106;
2412345;3166201;
2412752;3166045;
2413159;3165718;
2413566;3165871;
2413973;3162881;
2414380;3163348;
2414786;3164497;
2415193;3164561;
2415600;3164682;
2416007;3164531;
2416414;3164423;
2416821;3164650;
2417228;3164605;
2417635;3162739;
2418042;3160889;
2418449;3162261;
2418855;3162385;
2419262;3163299;
2419669;3164017;
2420076;3164177;
2420483;3164300;
2420890;3164274;
2421297;3162575;
2421704;3159283;
2422111;3156997;
2422518;3157003;
2422924;3156739;
2423331;3156757;
2423738;3156991;
2424145;3153818;
2424552;3153098;
2424959;3153552;
2425366;3153180;
2425773;3153265;
2426180;3153456;
2426586;3153542;
2426993;3151296;
2427400;3149733;
2427807;3151170;
2428214;3151303;
2428621;3151817;
2429028;3152019;
2429435;3149689;
2429842;3148866;
2430249;3149822;
2430656;3149905;
2431062;3149944;
2431469;3150026;
2431876;3150190;
2432283;3148046;
2432690;3147493;
2433097;3148030;
2433504;3147804;
2433911;3147624;
2434318;3147468;
2434725;3147536;
2435132;3147410;
2435539;3147315;
2435945;3144414;
2436352;3143625;
2436759;3143148;
2437166;3143124;
2437573;3143075;
2437980;3142815;
2438387;3142791;
2438794;3142600;
2439201;3139744;
2439608;3138409;
2440015;3137979;
2440422;3137703;
2440829;3136724;
2441235;3134376;
2441642;3133684;
2442049;3134607;
2442456;3134245;
2442863;3133839;
2443270;3133159;
2443677;3130606;
2444084;3129644;
2444491;3130338;
2444898;3130114;
2445305;3129901;
2445712;3127732;
2446118;3126758;
2446525;3126367;
2446932;3126261;
2447339;3126104;
2447746;3125347;
2448153;3122080;
2448560;3122336;
2448967;3122567;
2449374;3122620;
2449781;3119434;
2450188;3118346;
2450595;3118062;
2451002;3118345;
2451409;3116898;
2451816;3114808;
2452222;3115299;
2452629;3115602;
2453036;3115640;
2453443;3115605;
2453850;3111208;
2454257;3112185;
2454664;3112122;
2455071;3112306;
2455478;3109583;
2455885;3108912;
2456292;3108966;
2456698;3108773;
2457105;3108863;
2457512;3106508;
2457919;3106080;
2458326;3105908;
2458733;3106054;
2459140;3105997;
2459547;3103318;
2459954;3102621;
2460361;3102296;
2460768;3102360;
2461174;3102328;
2461581;3102375;
2461988;3098289;
2462395;3098169;
2462802;3098667;
2463209;3098692;
2463616;3095066;
2464023;3094547;
2464430;3095365;
2464837;3095136;
2465243;3095207;
2465650;3092316;
2466057;3091320;
2466464;3091317;
2466871;3091452;
2467278;3088398;
2467685;3087251;
2468092;3087949;
2468499;3087880;
2468906;3085501;
2469313;3084884;
2469720;3084878;
2470126;3084768;
2470533;3085013;
2470940;3084927;
2471347;3081100;
2471754;3081875;
2472161;3082225;
2472568;3081956;
2472975;3077819;
2473382;3079132;
2473789;3079092;
2474195;3076736;
2474602;3075837;
2475009;3075744;
2475416;3075793;
2475823;3072948;
2476230;3072593;
2476637;3071549;
2477044;3071834;
2477451;3071939;
2477858;3068610;
2478265;3068102;
2478671;3067916;
2479078;3065298;
2479485;3064665;
2479892;3064345;
2480299;3061799;
2480706;3061453;
2481113;3061135;
2481520;3060895;
2481927;3059287;
2482334;3058001;
2482741;3057936;
2483148;3057865;
2483554;3054749;
2483961;3054872;
2484368;3055388;
2484775;3053143;
2485182;3051799;
2485589;3051155;
2485996;3051102;
2486403;3048544;
2486810;3048208;
2487217;3047625;
2487624;3045196;
2488031;3044679;
2488437;3044407;
2488844;3043722;
2489251;3040408;
2489658;3040459;
2490065;3040849;
2490472;3037748;
2490879;3037250;
2491286;3037219;
2491693;3037109;
2492100;3034458;
2492507;3033135;
2492913;3033401;
2493320;3032098;
2493727;3029990;
2494134;3029894;
2494541;3029591;
2494948;3026716;
2495355;3025840;
2495762;3025758;
2496169;3023622;
2496576;3022725;
2496983;3022296;
2497390;3020304;
2497796;3019018;
2498203;3019364;
2498610;3019007;
2499017;3015079;
2499424;3014978;
2499831;3015667;
2500238;3012311;
2500645;3011639;
2501052;3011548;
2501459;3010705;
2501866;3008086;
2502273;3007933;
2502680;3007763;
2503087;3006565;
2503494;3004483;
2503900;3004877;
2504307;3002849;
2504714;3001579;
2505121;3002014;
2505528;2999102;
2505935;2998385;
2506342;2997752;
2519770;3008427;
2520177;3007640;
2520584;3006342;
2520991;3004623;
2521398;3003071;
2521805;3002187;
2522212;3002222;
2522619;3002610;
2523025;3003222;
2523432;3004070;
2523839;3002565;
2524246;3002747;
2524653;3002172;
2525060;3002314;
2525467;3001108;
2525874;3001502;
2526281;3002522;
2526688;3000661;
2527095;3000947;
2527501;3002260;
2527908;3000239;
2528315;3000364;
2528722;3001239;
2529129;2997692;
2529536;2998318;
2529943;2998536;
2530350;2996263;
2530757;2995314;
2531164;2995098;
2531571;2994638;
2531977;2992105;
2532384;2990848;
2532791;2991236;
2533198;2987550;
2533605;2986502;
2534012;2987485;
2534419;2984719;
2534826;2983332;
2535233;2983062;
2535639;2982755;
2536046;2978325;
2536453;2978364;
2536860;2977843;
2537267;2975652;
2537674;2974655;
2538081;2974215;
2538488;2972718;
2538895;2970922;
2539302;2970712;
2539709;2970547;
2540115;2967081;
2540522;2966000;
2540929;2966790;
2541336;2963959;
2541743;2961589;
2542150;2962157;
2542557;2958984;
2542964;2958996;
2543371;2959495;
2543778;2957869;
2544184;2955530;
2544591;2956101;
2544998;2954572;
2545405;2953397;
2545812;2952471;
2546219;2949177;
2546626;2949199;
2547033;2946097;
2547440;2944301;
2547847;2943809;
2548254;2941983;
2548660;2942346;
2549067;2937252;
2549474;2937623;
2549881;2936958;
2550288;2935820;
2550695;2936197;
2551102;2931954;
2551509;2932525;
2551916;2932620;
2552323;2929521;
2552729;2930558;
2553136;2929101;
2553543;2926080;
2553950;2926925;
2554357;2923577;
2554764;2922607;
2555171;2923420;
2555578;2922918;
2555985;2920261;
2556392;2919292;
2556798;2918708;
2557205;2916491;
2557612;2914932;
2558019;2914295;
2558426;2910908;
2558833;2909868;
2559240;2908948;
2559647;2905340;
2560054;2904123;
2560461;2904168;
2560868;2899990;
2561274;2899372;
2561681;2899911;
2562088;2895885;
2562495;2894643;
2562902;2895621;
2563309;2892096;
2563716;2890605;
2564123;2891473;
2564530;2888051;
2564937;2886543;
2565344;2887177;
2565751;2883407;
2566158;2882370;
2566564;2883079;
2566971;2878964;
2567378;2877843;
2567785;2878424;
2568192;2874701;
2568599;2874931;
2569006;2875063;
2569413;2874821;
2569820;2874862;
2570227;2874829;
2570634;2871434;
2571041;2870868;
2571448;2871835;
2571855;2871465;
2572262;2871294;
2572669;2871440;
2573075;2871309;
2637776;3181519;
2638183;3184161;
2638590;3189472;
2638997;3189847;
2639404;3192628;
2639811;3198823;
2640218;3199993;
2640625;3195611;
2641032;3193884;
2641438;3193724;
2641845;3193836;
2642252;3193121;
2642659;3191877;
2643066;3193567;
2643473;3192176;
2643880;3189903;
2644287;3188539;
2644694;3187387;
2645101;3187775;
2645508;3189340;
2645914;3191415;
2646321;3192445;
2646728;3193451;
2647135;3193916;
2647542;3194868;
2647949;3193409;
2648356;3194596;
2648763;3195778;
2649170;3196138;
2649577;3196661;
2649984;3193292;
2650391;3193828;
2650798;3191853;
2651204;3189890;
2651611;3188756;
2652018;3184216;
2652425;3183658;
2652832;3177305;
2653239;3176492;
2653646;3172070;
2654053;3170298;
2654460;3165905;
2654867;3166691;
2655274;3162135;
2655680;3162824;
2656087;3162103;
2656494;3157789;
2656901;3155739;
2657308;3154532;
2657715;3152329;
2658122;3150887;
2658529;3150607;
2658936;3148051;
2659343;3148305;
2659750;3147533;
2660157;3145134;
2660563;3145134;
2660970;3143092;
2661377;3143466;
2661784;3141859;
2662191;3140464;
2662598;3140331;
2663005;3137655;
2663412;3137477;
2663819;3134323;
2664226;3135758;
2664633;3134011;
2665040;3133580;
2665447;3132811;
2665854;3130342;
2666261;3129370;
2666668;3127537;
2667075;3126036;
2667481;3123852;
2667888;3120755;
2668295;3120348;
2668702;3117400;
2669109;3118797;
2669516;3117772;
2669923;3114371;
2670330;3115777;
2670737;3111782;
2671144;3112521;
2671551;3108423;
2671958;3110015;
2672365;3107334;
2672772;3106665;
2673179;3105822;
2673585;3101858;
2673992;3101993;
2674399;3097405;
2674806;3095626;
2675213;3092256;
2675620;3091953;
2676027;3089997;
2676434;3089796;
2676841;3089752;
2677248;3089914;
2677655;3086042;
2678062;3085826;
2678469;3085051;
2678876;3084498;
2679282;3083643;
2679689;3081987;
2680096;3081849;
2680503;3080365;
2680910;3078049;
2681317;3076996;
2681724;3072319;
2682131;3072809;
2682538;3069185;
2682945;3069151;
2683352;3064987;
2683759;3066009;
2684166;3062459;
2684573;3062685;
2684980;3059591;
2685387;3059328;
2685793;3054884;
2686200;3056067;
2686607;3055276;
2687014;3052571;
2687421;3051396;
2687828;3048133;
2688235;3048463;
2688642;3047575;
2689049;3044102;
2689456;3043100;
2689863;3040985;
2690270;3038198;
2690677;3039928;
2691084;3036691;
2691491;3035452;
2691898;3033713;
2692305;3034720;
2692711;3030186;
2693118;3029663;
2693525;3029788;
2693932;3028520;
2694339;3028608;
2694746;3028566;
2695153;3028655;
2695560;3028701;
2695967;3028827;
2696374;3028894;
2696781;3028918;
2708990;3048239;
2709397;3045223;
2709804;3042949;
2710211;3041822;
2710618;3037319;
2711025;3036101;
2711431;3039225;
2711838;3041315;
2712245;3042322;
2712652;3041020;
2713059;3040237;
2713466;3037972;
2713873;3034305;
2714280;3031704;
2714687;3030937;
2715094;3027389;
2715501;3026710;
2715908;3028624;
2716315;3026758;
2716722;3026074;
2717129;3025234;
2717536;3024969;
2717943;3025018;
2718350;3022188;
2718757;3022070;
2719164;3019900;
2719570;3018490;
2719977;3017231;
2720384;3014092;
2720791;3013510;
2721198;3013306;
2721605;3013236;
2722012;3010439;
2722419;3009042;
2722826;3010313;
2723233;3007075;
2723640;3006168;
2724047;3005992;
2724454;3002573;
2724861;3001471;
2725268;3000704;
2725675;2998049;
2726082;2997685;
2726489;2996236;
2726896;2992881;
2727303;2993304;
2727710;2991031;
2728117;2989909;
2728524;2989845;
2728931;2984705;
2729338;2986343;
2729745;2982713;
2730152;2984145;
2730559;2983486;
2730965;2979485;
2731372;2979438;
2731779;2975823;
2732186;2977471;
2732593;2977883;
2733000;2977264;
2733407;2973282;
2733814;2975393;
2734221;2971525;
2734628;2971280;
2735035;2969071;
2735442;2968923;
2735849;2969219;
2736256;2966400;
2736663;2964834;
2737070;2963156;
2737477;2962698;
2737884;2961833;
2738291;2958662;
2738698;2957120;
2739105;2954882;
2739512;2954407;
2739919;2952698;
2740326;2949545;
2740733;2948187;
2741140;2945178;
2741547;2943424;
2741954;2940533;
2742360;2937315;
2742767;2936569;
2743174;2937201;
2743581;2931137;
2743988;2931369;
2744395;2931514;
2744802;2928361;
2745209;2928326;
2745616;2929054;
2746023;2924549;
2746430;2924755;
2746837;2925327;
2747244;2921834;
2747651;2922202;
2748058;2922591;
2748465;2919192;
2748872;2919516;
2749279;2920138;
2749686;2916862;
2750093;2916711;
2750500;2915337;
2750906;2914612;
2751313;2915083;
2751720;2911079;
2752127;2910896;
2752534;2910823;
2752941;2909356;
2753348;2910029;
2753755;2906630;
2754162;2906279;
2754569;2904147;
2754976;2904592;
2755383;2904521;
2755790;2900109;
2756197;2900526;
2756604;2901069;
2757011;2895776;
2757418;2897789;
2757825;2898060;
2758232;2894262;
2758639;2893679;
2759046;2894515;
2759453;2891281;
2759860;2890617;
2760267;2891233;
2760674;2888868;
2761081;2887586;
2761488;2886181;
2761895;2886743;
2762302;2887160;
2762709;2886655;
2763116;2886596;
2763522;2886503;
2763929;2886446;
2764336;2885865;
2764743;2883451;
2765150;2883591;
2765557;2883708;
2765964;2882841;
2766371;2882761;
2766778;2882888;
2767185;2882788;
2816022;3184684;
2816429;3183768;
2816836;3184841;
2817243;3184608;
2817649;3182094;
2818056;3181705;
2818463;3181863;
2818870;3182621;
2819277;3180002;
2819684;3180280;
2820091;3180589;
2820498;3181437;
2820905;3182235;
2821312;3182804;
2821719;3180949;
2822126;3180903;
2822533;3180421;
2822940;3180775;
2823347;3177647;
2823754;3177844;
2824161;3179427;
2824568;3176512;
2824975;3176669;
2825382;3175557;
2825789;3173657;
2826196;3174185;
2826603;3171015;
2827010;3170809;
2827417;3168979;
2827824;3166913;
2828231;3167325;
2828638;3163386;
2829045;3163364;
2829452;3159221;
2829859;3158084;
2830266;3155666;
2830673;3154042;
2831079;3151756;
2831486;3152066;
2831893;3147828;
2832300;3148216;
2832707;3145511;
2833114;3144752;
2833521;3143008;
2833928;3139932;
2834335;3140872;
2834742;3137124;
2835149;3136485;
2835556;3131771;
2835963;3132569;
2836370;3128483;
2836777;3128515;
2837184;3124617;
2837591;3123087;
2837998;3122086;
2838405;3119652;
2838812;3119910;
2839219;3117255;
2839626;3115920;
2840033;3114454;
2840440;3111465;
2840847;3111042;
2841254;3108930;
2841661;3107225;
2842068;3106255;
2842475;3105786;
2842882;3103419;
2843289;3102300;
2843696;3101150;
2844103;3101057;
2844510;3099946;
2844917;3096818;
2845324;3095513;
2845731;3094104;
2846138;3092931;
2846545;3092733;
2846952;3090297;
2847359;3088978;
2847766;3088184;
2848173;3086510;
2848580;3087512;
2848986;3083465;
2849393;3082576;
2849800;3081761;
2850207;3078801;
2850614;3078938;
2851021;3076095;
2851428;3075879;
2851835;3074954;
2852242;3072419;
2852649;3071590;
2853056;3068960;
2853463;3068140;
2853870;3064769;
2854277;3063676;
2854684;3060729;
2855091;3059697;
2855498;3058584;
2855905;3058553;
2856312;3056825;
2856719;3054842;
2857126;3053999;
2857533;3052422;
2857940;3051055;
2858347;3047397;
2858754;3048487;
2859161;3046091;
2859568;3045537;
2859975;3044846;
2860382;3040488;
2860789;3041569;
2861196;3039974;
2861603;3038544;
2862010;3037818;
2862417;3034392;
2862824;3033011;
2863231;3031607;
2863638;3029461;
2864045;3030571;
2864451;3028098;
2864858;3027333;
2865265;3026777;
2865672;3022657;
2866079;3022387;
2866486;3020666;
2866893;3019975;
2867300;3017406;
2867707;3015638;
2868114;3016619;
2868521;3013898;
2868928;3013032;
2869335;3012402;
2869742;3009741;
2870149;3009320;
2870556;3009169;
2870963;3006141;
2871370;3005937;
2871777;3005458;
2872184;3002828;
2872591;3002369;
2872998;3002118;
2873405;3000658;
2873812;2998715;
2874219;2998081;
2874626;2998331;
2875033;2995635;
2875440;2994014;
2875847;2995058;
2876254;2992137;
2876661;2990201;
2877068;2990315;
2877474;2986611;
2877881;2985585;
2878288;2983973;
2878695;2983187;
2879102;2983523;
2879509;2978662;
2879916;2978535;
2880323;2977701;
2880730;2972725;
2881137;2976420;
2881544;2974710;
2881951;2973064;
2882358;2972599;
2882765;2972080;
2883172;2969006;
2895788;2973389;
2896195;2974962;
2896602;2977096;
2897009;2979650;
2897416;2980917;
2897823;2981466;
2898230;2982001;
2898637;2982364;
2899044;2979695;
2899451;2979286;
2899857;2976007;
2900264;2974869;
2900671;2971436;
2901078;2968823;
2901485;2968227;
2901892;2964362;
2902299;2964541;
2902706;2960916;
2903113;2959571;
2903520;2954670;
2903927;2951176;
2904334;2948632;
2904741;2944744;
2905148;2943061;
2905555;2941872;
2905962;2937209;
2906369;2936588;
2906776;2934287;
2907183;2932222;
2907590;2929151;
2907997;2928873;
2908404;2925248;
2908811;2923946;
2909218;2921075;
2909625;2917740;
2910032;2916151;
2910439;2914251;
2910846;2913370;
2911253;2910474;
2911660;2909710;
2912067;2910101;
2912473;2905924;
2912880;2906230;
2913287;2903899;
2913694;2902806;
2914101;2899157;
2914508;2899259;
2914915;2898664;
2915322;2895188;
2915729;2894430;
2916136;2892276;
2916543;2891626;
2916950;2887565;
2917357;2885332;
2917764;2885249;
2918171;2880438;
2918578;2880109;
2918985;2879131;
2919392;2879525;
2919799;2879291;
2920206;2878875;
2920613;2878702;
2921020;2878657;
2921427;2878491;
2921834;2878526;
2922241;2878426;
2922648;2877986;
2923055;2877896;
2923462;2877623;
2923869;2877750;
2924276;2877657;
2924683;2877785;
2925090;2877893;
2925497;2877973;
2925904;2877960;
2926311;2878108;
2926718;2878189;
