2385489;5176245;
2385896;5177273;
2386303;5176814;
2386710;5174427;
2387116;5172411;
2387523;5169634;
2387930;5167948;
2388337;5166990;
2388744;5166981;
2389151;5166790;
2389558;5166515;
2389965;5167638;
2390372;5168001;
2390779;5168025;
2391186;5168379;
2391592;5168584;
2391999;5168877;
2392406;5169071;
2392813;5169542;
2393220;5170569;
2393627;5171472;
2394034;5172059;
2394441;5172532;
2394848;5172945;
2395255;5173211;
2395662;5173602;
2396069;5173968;
2396475;5174245;
2396882;5174609;
2397289;5175042;
2397696;5175457;
2398103;5175815;
2398510;5176293;
2398917;5176420;
2399324;5176693;
2399731;5176962;
2400138;5177127;
2400545;5177330;
2400952;5177542;
2401359;5177572;
2401765;5177590;
2402172;5177699;
2402579;5177614;
2402986;5177682;
2403393;5176992;
2403800;5176751;
2404207;5176605;
2404614;5176641;
2405021;5176793;
2405428;5176812;
2405835;5176890;
2406242;5176918;
2406648;5176966;
2407055;5177027;
2407462;5177065;
2407869;5177134;
2408276;5177127;
2408683;5177173;
2409090;5177287;
2409497;5177413;
2409904;5177509;
2410311;5176139;
2410718;5175997;
2411125;5176140;
2411532;5176204;
2411938;5176168;
2412345;5176205;
2412752;5176161;
2413159;5176242;
2413566;5176183;
2413973;5174975;
2414380;5174885;
2414787;5174974;
2415194;5175098;
2415601;5175121;
2416008;5175131;
2416415;5175114;
2416821;5175142;
2417228;5175123;
2417635;5174427;
2418042;5173795;
2418449;5173940;
2418856;5173915;
2419263;5173992;
2419670;5174053;
2420077;5174092;
2420484;5174008;
2420890;5174105;
2421297;5173415;
2421704;5172489;
2422111;5172592;
2422518;5172558;
2422925;5172444;
2423332;5172490;
2423739;5172465;
2424146;5171294;
2424552;5171128;
2424959;5171027;
2425366;5171032;
2425773;5171023;
2426180;5171144;
2426587;5171147;
2426994;5170086;
2427401;5169584;
2427808;5169767;
2428215;5169779;
2428621;5169926;
2429028;5170000;
2429435;5168814;
2429842;5168728;
2430249;5168949;
2430656;5169031;
2431063;5169003;
2431470;5169067;
2431877;5169026;
2432284;5168251;
2432691;5167825;
2433098;5167832;
2433504;5167659;
2433911;5167633;
2434318;5167626;
2434725;5167701;
2435132;5167712;
2435539;5167672;
2435946;5166632;
2436353;5166439;
2436760;5166327;
2437167;5166354;
2437574;5166310;
2437981;5166264;
2438387;5166383;
2438794;5166361;
2439201;5165317;
2439608;5164941;
2440015;5164844;
2440422;5164863;
2440829;5164569;
2441236;5163456;
2441643;5163351;
2442050;5163526;
2442457;5163522;
2442864;5163437;
2443270;5163239;
2443677;5162112;
2444084;5162011;
2444491;5162187;
2444898;5162151;
2445305;5162084;
2445712;5161272;
2446119;5160918;
2446526;5160802;
2446933;5160864;
2447340;5160770;
2447747;5160591;
2448154;5159297;
2448561;5159467;
2448968;5159559;
2449375;5159656;
2449781;5158526;
2450188;5158298;
2450595;5158275;
2451002;5158357;
2451409;5157863;
2451816;5156842;
2452223;5157060;
2452630;5157132;
2453037;5157046;
2453444;5157066;
2453851;5155534;
2454258;5155866;
2454664;5155946;
2455071;5155995;
2455478;5155087;
2455885;5154864;
2456292;5154907;
2456699;5154847;
2457106;5154950;
2457513;5154109;
2457920;5154035;
2458327;5153937;
2458733;5153933;
2459140;5154044;
2459547;5153113;
2459954;5152926;
2460361;5152848;
2460768;5152983;
2461175;5152906;
2461582;5152940;
2461989;5151552;
2462396;5151715;
2462803;5151800;
2463209;5151883;
2463616;5150441;
2464023;5150385;
2464430;5150507;
2464837;5150536;
2465244;5150529;
2465651;5149394;
2466058;5149141;
2466465;5149177;
2466872;5149233;
2467278;5148011;
2467685;5147719;
2468092;5147885;
2468499;5147917;
2468906;5147117;
2469313;5146769;
2469720;5146653;
2470127;5146665;
2470534;5146847;
2470941;5146771;
2471348;5145306;
2471755;5145525;
2472162;5145769;
2472568;5145650;
2472975;5144321;
2473382;5144712;
2473789;5144747;
2474196;5143914;
2474603;5143701;
2475010;5143694;
2475417;5143610;
2475824;5142687;
2476231;5142526;
2476637;5142280;
2477044;5142445;
2477451;5142449;
2477858;5141309;
2478265;5141170;
2478672;5141166;
2479079;5140224;
2479486;5139967;
2479893;5139871;
2480300;5139026;
2480707;5138756;
2481114;5138654;
2481520;5138584;
2481927;5137907;
2482334;5137333;
2482741;5137301;
2483148;5137203;
2483555;5135972;
2483962;5135832;
2484369;5136076;
2484776;5135162;
2485183;5134767;
2485589;5134587;
2485996;5134576;
2486403;5133612;
2486810;5133443;
2487217;5133320;
2487624;5132442;
2488031;5132220;
2488438;5132158;
2488845;5131869;
2489252;5130515;
2489659;5130699;
2490066;5130709;
2490472;5129694;
2490879;5129507;
2491286;5129492;
2491693;5129469;
2492100;5128521;
2492507;5128084;
2492914;5128303;
2493321;5127787;
2493728;5126991;
2494135;5126998;
2494542;5127007;
2494949;5126009;
2495355;5125683;
2495762;5125644;
2496169;5124956;
2496576;5124588;
2496983;5124570;
2497390;5123889;
2497797;5123416;
2498204;5123597;
2498611;5123499;
2499018;5122226;
2499425;5122251;
2499832;5122558;
2500239;5121491;
2500646;5121314;
2501053;5121337;
2501459;5121040;
2501866;5120125;
2502273;5120279;
2502680;5120228;
2503087;5119962;
2503494;5119182;
2503901;5119292;
2504308;5118654;
2504715;5118157;
2505122;5118371;
2505529;5117295;
2505936;5117186;
2506343;5117009;
2519364;5119369;
2519771;5119183;
2520178;5118465;
2520584;5117706;
2520991;5116692;
2521398;5115577;
2521805;5114341;
2522212;5113496;
2522619;5112747;
2523026;5112400;
2523433;5112043;
2523840;5111079;
2524247;5110818;
2524654;5110765;
2525060;5110898;
2525467;5111137;
2525874;5111625;
2526281;5112093;
2526688;5111462;
2527095;5111892;
2527502;5112552;
2527909;5112041;
2528316;5112326;
2528723;5112791;
2529130;5112084;
2529536;5112560;
2529943;5112904;
2530350;5112647;
2530757;5112400;
2531164;5112866;
2531571;5112960;
2531978;5112243;
2532385;5112200;
2532792;5112362;
2533199;5111327;
2533605;5111260;
2534012;5111550;
2534419;5110870;
2534826;5110454;
2535233;5110445;
2535640;5110572;
2536047;5109220;
2536454;5109393;
2536861;5109413;
2537268;5108684;
2537674;5108321;
2538081;5108269;
2538488;5107951;
2538895;5107045;
2539302;5107225;
2539709;5107150;
2540116;5105867;
2540523;5105657;
2540930;5105941;
2541337;5104900;
2541744;5104306;
2542150;5104378;
2542557;5103577;
2542964;5103209;
2543371;5103166;
2543778;5102681;
2544185;5101679;
2544592;5101940;
2544999;5101207;
2545406;5100811;
2545813;5100450;
2546220;5099281;
2546626;5099362;
2547033;5098193;
2547440;5097744;
2547847;5097478;
2548254;5096762;
2548661;5096921;
2549068;5095338;
2549475;5095386;
2549882;5095247;
2550289;5095034;
2550695;5095039;
2551102;5093793;
2551509;5093949;
2551916;5093866;
2552323;5092830;
2552730;5093030;
2553137;5092708;
2553544;5091847;
2553951;5092220;
2554358;5091214;
2554764;5090993;
2555171;5091239;
2555578;5091075;
2555985;5090165;
2556392;5090033;
2556799;5089898;
2557206;5089381;
2557613;5088958;
2558020;5088943;
2558427;5088107;
2558833;5087851;
2559240;5087702;
2559647;5086525;
2560054;5086272;
2560461;5086311;
2560868;5084965;
2561275;5084961;
2561682;5085202;
2562089;5083857;
2562496;5083621;
2562903;5083896;
2563310;5082911;
2563716;5082477;
2564123;5082803;
2564530;5081678;
2564937;5081318;
2565344;5081506;
2565751;5080325;
2566158;5080150;
2566565;5080372;
2566972;5079001;
2567379;5078820;
2567786;5078957;
2568193;5077671;
2568600;5077950;
2569007;5077930;
2569414;5077806;
2569820;5077841;
2570227;5077724;
2570634;5076638;
2571041;5076647;
2571448;5076845;
2571855;5076813;
2572262;5076778;
2572669;5076604;
2637777;5172433;
2638184;5173264;
2638591;5176951;
2638998;5179125;
2639404;5179759;
2639811;5182219;
2640218;5185157;
2640625;5185833;
2641032;5183906;
2641439;5182286;
2641846;5181502;
2642253;5180559;
2642660;5180175;
2643067;5180012;
2643473;5179085;
2643880;5178769;
2644287;5178033;
2644694;5177566;
2645101;5176934;
2645508;5176480;
2645915;5176212;
2646322;5176158;
2646729;5176354;
2647136;5176246;
2647543;5176779;
2647950;5176042;
2648356;5176615;
2648763;5176969;
2649170;5177336;
2649577;5177762;
2649984;5176682;
2650391;5176513;
2650798;5175792;
2651205;5175462;
2651612;5174978;
2652019;5173930;
2652426;5174148;
2652833;5172387;
2653239;5172431;
2653646;5171155;
2654053;5170780;
2654460;5169387;
2654867;5169423;
2655274;5167736;
2655681;5167887;
2656088;5167715;
2656495;5166295;
2656902;5165703;
2657309;5165002;
2657715;5164088;
2658122;5163512;
2658529;5163534;
2658936;5162621;
2659343;5162851;
2659750;5162629;
2660157;5161883;
2660564;5161919;
2660971;5161493;
2661378;5161582;
2661785;5161270;
2662192;5160491;
2662599;5160731;
2663006;5159532;
2663412;5159836;
2663819;5158393;
2664226;5158714;
2664633;5157962;
2665040;5157658;
2665447;5157518;
2665854;5156234;
2666261;5156048;
2666668;5155267;
2667075;5155067;
2667482;5154309;
2667889;5153145;
2668296;5153216;
2668703;5152075;
2669110;5152608;
2669517;5152175;
2669924;5151026;
2670330;5151425;
2670737;5150348;
2671144;5150407;
2671551;5149410;
2671958;5149747;
2672365;5148774;
2672772;5148804;
2673179;5148738;
2673586;5147552;
2673993;5147803;
2674400;5146690;
2674807;5146425;
2675214;5145256;
2675621;5145267;
2676028;5144447;
2676434;5144080;
2676841;5144069;
2677248;5143487;
2677655;5142172;
2678062;5141702;
2678469;5141406;
2678876;5140728;
2679283;5140314;
2679690;5139405;
2680097;5139451;
2680504;5138894;
2680911;5138188;
2681318;5137861;
2681725;5136464;
2682131;5136632;
2682538;5135650;
2682945;5135595;
2683352;5134648;
2683759;5135083;
2684166;5134094;
2684573;5134163;
2684980;5133259;
2685387;5133140;
2685794;5131863;
2686201;5132114;
2686608;5131964;
2687015;5130856;
2687422;5130618;
2687829;5129423;
2688236;5129497;
2688643;5129330;
2689049;5128270;
2689456;5127916;
2689863;5127042;
2690270;5126408;
2690677;5126800;
2691084;5125616;
2691491;5125257;
2691898;5124423;
2692305;5124765;
2692712;5123050;
2693119;5123074;
2693526;5123057;
2693933;5122784;
2694340;5122873;
2694747;5122945;
2695154;5122940;
2695561;5123124;
2695968;5123135;
2696375;5123202;
2696781;5123300;
2708990;5128548;
2709397;5129280;
2709804;5129227;
2710211;5129964;
2710618;5129691;
2711025;5128170;
2711432;5126631;
2711839;5125475;
2712246;5125023;
2712653;5124496;
2713060;5123737;
2713467;5122610;
2713874;5121110;
2714281;5120410;
2714688;5120301;
2715095;5118821;
2715501;5118493;
2715908;5118643;
2716315;5117762;
2716722;5117721;
2717129;5117460;
2717536;5117561;
2717943;5117879;
2718350;5117279;
2718757;5117696;
2719164;5116946;
2719571;5117125;
2719978;5116808;
2720385;5116434;
2720792;5116184;
2721199;5116236;
2721606;5116467;
2722013;5115571;
2722420;5115231;
2722827;5115814;
2723233;5115073;
2723640;5114834;
2724047;5114941;
2724454;5113932;
2724861;5113684;
2725268;5113617;
2725675;5112736;
2726082;5112708;
2726489;5112259;
2726896;5111034;
2727303;5111107;
2727710;5110388;
2728117;5110013;
2728524;5110117;
2728931;5108468;
2729338;5108789;
2729745;5107662;
2730152;5108153;
2730559;5107881;
2730966;5106380;
2731373;5106511;
2731780;5105423;
2732187;5105752;
2732594;5105964;
2733001;5105687;
2733408;5104757;
2733815;5105321;
2734222;5103899;
2734629;5103950;
2735036;5103086;
2735442;5102904;
2735850;5103160;
2736256;5102374;
2736663;5101987;
2737070;5101558;
2737477;5101636;
2737884;5101379;
2738291;5100638;
2738698;5100268;
2739105;5099617;
2739512;5099637;
2739919;5099216;
2740326;5098236;
2740733;5097791;
2741140;5096827;
2741547;5096027;
2741954;5095212;
2742361;5094067;
2742768;5093760;
2743175;5093915;
2743582;5091900;
2743989;5091920;
2744396;5091902;
2744803;5090780;
2745210;5091014;
2745617;5091120;
2746023;5089796;
2746430;5090042;
2746837;5090245;
2747244;5089089;
2747651;5089362;
2748058;5089383;
2748465;5088272;
2748872;5088475;
2749279;5088839;
2749686;5087631;
2750093;5087816;
2750500;5087399;
2750907;5087171;
2751314;5087462;
2751721;5086142;
2752128;5086202;
2752535;5086185;
2752942;5085650;
2753349;5085934;
2753756;5084742;
2754163;5084634;
2754570;5083920;
2754977;5084057;
2755384;5083896;
2755791;5082651;
2756198;5082692;
2756604;5082805;
2757011;5080975;
2757418;5081581;
2757825;5081678;
2758232;5080244;
2758639;5080137;
2759046;5080228;
2759453;5079108;
2759860;5078819;
2760267;5079023;
2760674;5078160;
2761081;5077772;
2761488;5077362;
2761895;5077622;
2762302;5077826;
2762709;5077582;
2763116;5077564;
2763523;5077507;
2763930;5077476;
2764337;5077426;
2764744;5076498;
2765151;5076681;
2765558;5076774;
2765965;5076568;
2766372;5076548;
2766779;5076521;
2767186;5076514;
2815615;5177069;
2816022;5176641;
2816429;5176384;
2816836;5176338;
2817243;5176214;
2817650;5175892;
2818057;5175807;
2818464;5175896;
2818871;5176010;
2819278;5175100;
2819685;5175004;
2820092;5175056;
2820499;5175029;
2820906;5175075;
2821313;5175076;
2821720;5174119;
2822127;5173937;
2822534;5173667;
2822941;5173625;
2823347;5172305;
2823754;5172186;
2824161;5172256;
2824568;5170906;
2824975;5170728;
2825382;5170242;
2825789;5169546;
2826196;5169697;
2826603;5168545;
2827010;5168462;
2827417;5167781;
2827824;5166984;
2828231;5167062;
2828638;5165882;
2829045;5165733;
2829452;5164388;
2829859;5163938;
2830266;5163320;
2830673;5162615;
2831080;5161986;
2831487;5161911;
2831894;5160496;
2832301;5160561;
2832708;5159695;
2833115;5159395;
2833522;5158624;
2833929;5157776;
2834336;5157966;
2834743;5156673;
2835150;5156518;
2835557;5155147;
2835964;5155393;
2836371;5154282;
2836778;5154409;
2837185;5153464;
2837592;5153119;
2837999;5153037;
2838406;5152383;
2838813;5152480;
2839220;5151768;
2839627;5151641;
2840034;5151312;
2840441;5150334;
2840848;5150039;
2841254;5149140;
2841661;5148705;
2842068;5148027;
2842475;5147957;
2842882;5146796;
2843289;5146637;
2843696;5146098;
2844103;5145837;
2844510;5145507;
2844917;5144318;
2845324;5144057;
2845731;5143361;
2846138;5142844;
2846545;5142743;
2846952;5141667;
2847359;5141442;
2847766;5141030;
2848173;5140637;
2848580;5140989;
2848987;5139515;
2849394;5139369;
2849801;5138768;
2850208;5137826;
2850615;5137835;
2851022;5136878;
2851429;5137057;
2851836;5136843;
2852243;5136003;
2852650;5135813;
2853057;5134714;
2853464;5134690;
2853871;5133535;
2854278;5133442;
2854685;5132167;
2855092;5132186;
2855499;5131522;
2855906;5131248;
2856313;5130586;
2856719;5129807;
2857126;5129477;
2857533;5129074;
2857940;5128564;
2858347;5127562;
2858754;5127838;
2859161;5127269;
2859568;5126944;
2859975;5126771;
2860382;5125341;
2860789;5125776;
2861196;5125146;
2861603;5124726;
2862010;5124518;
2862417;5123315;
2862824;5122859;
2863231;5122412;
2863638;5121732;
2864045;5122128;
2864452;5121444;
2864859;5121161;
2865266;5120941;
2865673;5119599;
2866080;5119806;
2866487;5119209;
2866894;5119052;
2867301;5118224;
2867708;5117475;
2868115;5117742;
2868522;5116729;
2868929;5116327;
2869336;5116016;
2869743;5115139;
2870150;5114973;
2870557;5114882;
2870964;5113864;
2871371;5113892;
2871778;5113638;
2872184;5112852;
2872591;5112774;
2872998;5112799;
2873405;5112279;
2873812;5111821;
2874219;5111771;
2874626;5111840;
2875033;5111038;
2875440;5110689;
2875847;5110988;
2876254;5110038;
2876661;5109552;
2877068;5109579;
2877475;5108409;
2877882;5108291;
2878289;5107711;
2878696;5107648;
2879103;5107643;
2879510;5106089;
2879917;5106236;
2880324;5105907;
2880731;5104445;
2881137;5105587;
2881544;5105204;
2881951;5104690;
2882358;5104573;
2882765;5104478;
2895788;5104523;
2896195;5104860;
2896602;5105527;
2897009;5106447;
2897416;5107347;
2897823;5108051;
2898230;5108868;
2898637;5109615;
2899044;5109488;
2899451;5109952;
2899858;5109032;
2900265;5108777;
2900672;5108057;
2901079;5107364;
2901486;5107209;
2901893;5105960;
2902300;5105655;
2902707;5104352;
2903114;5103667;
2903521;5102049;
2903928;5100963;
2904335;5100098;
2904742;5099045;
2905149;5098297;
2905556;5097974;
2905963;5096310;
2906369;5096153;
2906776;5095246;
2907183;5094523;
2907590;5093462;
2907997;5093243;
2908404;5091914;
2908811;5091434;
2909218;5090528;
2909625;5089348;
2910032;5088577;
2910439;5087898;
2910846;5087511;
2911253;5086527;
2911660;5086151;
2912067;5086140;
2912474;5084745;
2912881;5084816;
2913288;5083951;
2913695;5083529;
2914102;5082272;
2914509;5082345;
2914916;5082024;
2915323;5080971;
2915730;5080849;
2916137;5080136;
2916544;5079911;
2916951;5078790;
2917358;5078265;
2917765;5078409;
2918171;5076870;
2918578;5076832;
2918985;5076646;
2919392;5076728;
2919799;5076699;
2920206;5076473;
2920613;5076425;
2921020;5076402;
2921427;5076253;
2921834;5076297;
2922241;5076232;
2922648;5076053;
2923055;5075885;
2923462;5075779;
2923869;5075779;
2924276;5075740;
2924683;5075720;
2925090;5075628;
2925497;5075699;
2925904;5075726;
2926311;5075658;
2926718;5075742;
