530003;20003;
530510;20013;
531018;20033;
531526;20046;
532034;20061;
532541;20045;
533049;20056;
533557;20063;
534065;20079;
534572;20085;
535080;20086;
535588;20091;
536096;20095;
536603;20103;
537111;20108;
537619;20114;
538127;20119;
538634;20130;
539142;20128;
539650;20130;
540158;20149;
540665;20162;
541173;20169;
541681;20182;
542189;20177;
542696;20187;
543204;20189;
543712;20193;
544220;20193;
544727;20208;
545235;20218;
545743;20226;
546251;20209;
546758;20206;
547266;20205;
547774;20205;
548281;20214;
548789;20212;
549297;20213;
549805;20223;
550312;20232;
550820;20241;
551328;20245;
551836;20242;
552343;20243;
552851;20248;
553359;20255;
553867;20260;
554374;20258;
554882;20260;
555390;20255;
555898;20249;
556405;20259;
556913;20270;
557421;20281;
557928;20271;
558436;20278;
558944;20288;
559452;20291;
559959;20284;
560467;20288;
560975;20370;
561482;20243;
561990;20284;
562498;20448;
563006;20421;
563513;20437;
564021;20451;
564529;20470;
565037;20484;
565544;20485;
566052;20492;
566560;20488;
567068;20497;
567575;20508;
568083;20507;
568591;20503;
569098;20506;
569606;20519;
570114;20511;
570622;20518;
571129;20526;
571637;20515;
572145;20523;
572653;20523;
573160;20534;
573668;20532;
574176;20546;
574683;20549;
575191;20550;
575699;20551;
576207;20556;
576714;20562;
577222;20572;
577730;20581;
578237;20577;
578745;20568;
579253;20588;
579761;20588;
580268;20587;
580776;20600;
