9482286;15002;
9482795;14973;
9483304;14987;
9483812;14963;
9484321;14999;
9484829;14973;
9485338;14935;
9485847;14901;
9486355;14904;
9486864;14942;
9487372;14929;
9487881;15056;
9488390;15018;
9488898;15005;
9489407;14998;
9489916;15054;
9490424;15055;
9490933;15016;
9491441;14979;
9491950;14948;
9492459;14946;
9492967;14946;
9493476;14968;
9493984;15026;
9494493;15055;
9495002;15014;
9495510;15008;
9496019;15061;
9496527;15122;
9497036;15159;
9497545;15061;
9498053;14968;
9498562;14918;
9499071;14900;
9499579;14979;
9500088;15108;
9500596;15178;
9501105;15187;
9501614;15161;
9502122;15111;
9502631;15090;
9503140;15122;
9503648;15154;
9504157;15199;
9504666;15241;
9505174;15299;
9505683;15251;
9506192;15187;
9506700;15155;
9507209;15122;
9507718;15113;
9508226;15145;
9508735;15124;
9509243;15134;
9509752;15154;
9510261;15151;
9510769;15161;
9511278;15234;
9511787;15236;
9512295;15228;
9512804;15223;
9513313;15171;
9513821;15186;
9514330;15217;
9514839;15203;
9515347;15176;
9515856;15152;
9516364;15163;
9516873;15200;
9517382;15191;
9517890;15141;
9518399;15141;
9518908;15123;
9519416;15108;
9519925;15088;
9520434;15076;
9520942;15078;
9521451;15054;
9521960;15020;
9522468;14975;
9522977;14970;
9523486;14984;
9523994;14889;
9524503;14948;
9525012;14996;
9525520;14967;
9526029;14965;
9526538;15020;
9527046;14984;
9527555;14997;
9528064;15018;
9528572;15011;
9529081;14994;
9529590;14979;
9530098;14938;
9530607;14911;
9531116;14885;
9531624;14887;
9532133;14897;
9532641;14904;
9533150;14931;
9533659;14942;
9534167;14986;
9534676;14998;
9535185;15012;
9535693;15012;
9536202;15017;
9536711;14987;
9537219;14977;
9537728;14974;
9538237;14979;
9538745;14938;
9539254;14925;
9539763;14877;
9540271;14826;
9540780;14816;
9541289;14790;
9541797;14847;
9542306;14856;
9542815;14892;
9543323;14936;
9543832;14941;
9544341;14960;
9544849;14999;
9545358;15016;
9545867;15013;
9546375;14994;
9546884;14990;
9547393;14990;
9547901;14972;
9548410;14975;
9548919;15050;
9549427;15003;
9549936;14993;
9550445;14968;
9550953;15007;
9551462;15032;
9551970;15130;
9552479;15096;
9552988;15075;
9553496;15078;
9554005;15039;
9554514;15001;
9555022;15005;
9555531;15024;
9556040;15035;
9556548;15106;
9557057;15172;
9557566;15178;
9558074;15135;
9558583;14991;
9559092;14917;
9559600;14901;
9560109;14929;
9560618;14908;
9561126;14968;
9561635;15065;
9562144;15130;
9562652;15199;
9563161;15160;
9563670;15127;
9564178;15158;
9564687;15150;
9565196;15142;
9565704;15128;
9566213;15073;
9566722;15240;
9567230;15225;
9567739;15241;
9568248;15292;
9568756;15362;
9569265;15341;
9569773;15310;
9570282;15250;
9570791;15196;
9571299;15169;
9571808;15176;
9572317;15225;
9572825;15291;
9573334;15262;
9573843;15257;
9574351;15216;
9574860;15261;
9575369;15254;
9575877;15245;
9576386;15222;
9576895;15213;
9577404;15218;
9577912;15228;
9578421;15216;
9578930;15208;
9579438;15197;
9579947;15163;
9580456;15149;
9580964;15137;
9581473;15136;
9581982;15162;
9582490;15147;
9582999;15141;
9583508;15132;
9584016;15119;
9584525;15104;
9585034;15095;
9585543;15055;
9586051;15015;
9586560;14978;
9587069;14895;
9587577;14966;
9588086;14992;
9588595;15003;
9589103;14925;
9589612;14978;
9590121;14979;
9590629;14990;
9591138;14972;
9591647;14929;
9592155;14928;
9592664;14918;
9593173;14952;
9593681;14961;
9594190;14901;
9594699;14862;
9595208;14886;
9595716;14951;
9596225;14965;
9596734;15003;
9597242;15044;
9597751;15030;
9598260;15015;
9598768;15040;
9599277;15062;
9599786;15054;
9600294;15047;
9600803;15025;
9601312;15016;
9601820;14972;
9602329;14985;
9602838;14896;
9603346;14900;
9603855;14888;
9604364;14800;
9604872;14769;
9605381;14749;
9605890;14858;
9606398;14820;
9606907;15003;
9607416;15046;
9607924;15027;
9608433;15049;
9608942;15076;
9609450;15070;
9609959;15068;
9610468;15036;
9610976;15037;
9611485;15035;
9611994;15028;
9612502;15070;
9613011;15090;
9613520;15123;
9614028;15130;
9614537;15085;
9615046;15029;
9615554;15046;
9616063;15075;
9616572;15163;
9617080;15199;
9617589;15203;
9618098;15197;
9618607;15174;
9619115;15089;
9619624;14972;
9620133;15020;
9620641;15000;
9621150;14978;
9621659;15046;
9622167;15134;
9622676;15202;
9623185;15216;
9623693;15178;
9624202;15165;
9624711;15193;
9625219;15227;
9625728;15246;
9626237;15266;
9626745;15248;
9627254;15219;
9627763;15311;
9628271;15321;
9628780;15367;
9629289;15305;
9629797;15249;
9630306;15210;
9630815;15117;
9631324;15199;
9631832;15280;
9632341;15286;
9632850;15313;
9633358;15308;
9633867;15284;
9634376;15298;
9634884;15295;
9635393;15270;
9635902;15252;
9636410;15242;
9636919;15232;
9637428;15202;
9637936;15190;
9638445;15158;
9638954;15135;
9639462;15121;
9639971;15121;
9640480;15098;
9640989;15073;
9641497;15046;
9642006;15037;
9642515;15048;
9643023;15052;
9643532;15030;
9644041;15025;
9644549;15021;
9645058;14993;
9645567;15002;
9646075;15023;
9646584;14995;
9647093;14984;
9647601;14987;
9648110;14984;
9648619;15014;
9649127;15060;
9649636;15042;
9650145;15014;
9650653;15004;
9651162;14980;
9651671;14980;
9652179;15021;
9652688;14966;
9653197;14936;
9653705;14936;
9654214;14909;
9654723;14879;
9655231;14895;
9655740;14853;
9656249;14782;
9656757;14719;
9657266;14724;
9657775;14833;
9658283;14889;
9658792;14942;
9659301;14977;
9659809;14990;
9660318;15022;
9660827;15038;
9661335;15050;
9661844;15007;
9662353;15042;
9662861;15063;
9663370;15003;
9663879;15049;
9664388;15052;
9664896;15051;
9665405;15022;
9665914;15048;
9666422;15063;
9666931;15105;
9667440;15127;
9667948;15122;
9668457;15078;
9668966;15027;
9669474;15017;
9669983;15034;
9670492;15048;
9671000;15184;
9671509;15207;
9672018;15197;
9672526;15145;
9673035;15023;
9673544;14966;
9674052;14986;
9674561;15010;
9675070;15023;
9675579;15061;
9676087;15076;
9676596;15212;
9677105;15261;
9677613;15285;
9678122;15203;
9678631;15134;
9679139;15191;
9679648;15217;
9680156;15243;
9680665;15251;
9681174;15320;
9681683;15357;
9682191;15305;
9682700;15258;
9683209;15116;
9683717;15009;
9684226;14859;
9684734;14798;
9685243;14818;
9685752;14859;
9686260;15034;
9686769;15134;
9687278;15228;
9687786;15242;
9688295;15197;
9688804;15219;
9689312;15108;
9689821;15027;
9690329;15032;
9690838;15087;
9691347;15175;
9691855;15278;
9692364;15288;
9692872;15279;
9693381;15193;
9693890;15218;
9694398;15230;
9694907;15234;
9695416;15223;
9695924;15237;
9696433;15196;
9696942;15188;
9697450;15160;
9697959;15194;
9698468;15154;
9698976;15160;
9699485;15148;
9699994;15108;
9700502;15094;
9701011;15085;
9701519;15068;
9702028;15041;
9702537;14984;
9703045;15050;
9703554;15059;
9704063;15044;
9704571;15027;
9705080;15068;
9705589;14990;
9706097;14990;
9706606;14977;
9707115;14993;
9707623;15002;
9708132;15073;
9708641;15111;
9709149;15123;
9709658;15114;
9710167;15089;
9710675;15068;
9711184;15036;
9711692;15012;
9712201;14997;
9712710;14971;
9713218;14952;
9713727;14944;
9714236;14903;
9714744;14905;
9715253;14967;
9715762;14950;
9716270;14993;
9716779;15050;
9717288;15079;
9717796;15079;
9718305;15085;
9718813;15099;
9719322;15093;
9719831;15066;
9720339;15091;
9720848;15082;
9721356;15085;
9721865;15075;
9722374;15067;
9722882;15077;
9723391;15085;
9723900;15081;
9724408;15041;
9724917;14979;
15876656;15162;
15877165;15172;
15877674;15170;
15878183;15173;
15878692;15106;
15879200;15023;
15879709;15002;
15880218;14985;
15880727;14932;
15881236;15005;
15881745;14970;
15882253;14943;
15882762;14942;
15883271;14968;
15883780;14970;
15884289;14969;
15884798;14988;
15885306;15033;
15885815;15087;
15886324;15118;
15886833;15139;
15887342;15167;
15887851;15222;
15888359;15184;
15888868;15205;
15889377;15264;
15889886;15203;
15890395;15276;
15890904;15292;
15891412;15269;
15891921;15268;
15892430;15289;
15892939;15254;
15893448;15239;
15893957;15256;
15894465;15276;
15894974;15272;
15895483;15249;
15895992;15288;
15896501;15306;
15897010;15311;
15897518;15308;
15898027;15295;
15898536;15288;
15899045;15291;
15899554;15255;
15900063;15265;
15900572;15283;
15901081;15251;
15901589;15245;
15902098;15262;
15902607;15285;
15903116;15277;
15903625;15255;
15904134;15227;
15904643;15207;
15905151;15199;
15905660;15192;
15906169;15203;
15906678;15207;
15907187;15240;
15907696;15283;
15908205;15278;
15908713;15270;
15909222;15284;
15909731;15283;
15910240;15286;
15910749;15306;
15911258;15309;
15911767;15312;
15912276;15308;
15912784;15277;
15913293;15291;
15913802;15290;
15914311;15295;
15914820;15303;
15915329;15265;
15915838;15258;
15916347;15242;
15916856;15261;
15917364;15289;
15917873;15295;
15918382;15290;
15918891;15300;
15919400;15316;
15919909;15308;
15920418;15297;
15920927;15280;
15921436;15287;
15921944;15296;
15922453;15281;
15922962;15270;
15923471;15271;
15923980;15319;
15924489;15269;
15924998;15282;
15925507;15295;
15926016;15277;
15926524;15283;
15927033;15264;
15927542;15234;
15928051;15216;
15928560;15180;
15929069;15200;
15929578;15222;
15930087;15211;
15930596;15223;
15931105;15225;
15931613;15227;
15932122;15248;
15932631;15274;
15933140;15278;
15933649;15293;
15934158;15302;
15934667;15300;
15935176;15325;
15935685;15308;
15936194;15296;
15936703;15287;
15937211;15275;
15937720;15239;
15938229;15192;
15938738;15143;
15939247;15078;
15939756;15032;
15940265;14995;
15940774;14937;
15941283;14919;
15941792;14932;
15942301;14946;
15942810;14957;
15943319;14955;
15943828;14937;
15944336;14931;
15944845;14918;
15945354;14928;
15945863;14915;
15946372;14898;
15946881;14876;
15947390;14857;
15947899;14865;
15948408;14867;
15948917;14875;
15949426;14873;
15949935;14887;
15950444;14932;
15950952;14998;
15951461;15073;
15951970;15132;
15952479;15154;
15952988;15142;
15953497;15140;
15954006;15082;
15954515;15060;
15955024;15027;
15955533;14993;
15956042;14996;
15956551;15013;
15957060;15036;
15957569;15074;
15958078;15107;
15958587;15162;
15959095;15200;
15959604;15237;
15960113;15237;
15960622;15245;
15961131;15263;
15961640;15270;
15962149;15284;
15962658;15263;
15963167;15210;
15963676;15187;
15964185;15211;
15964694;15168;
15965203;15000;
15965712;14981;
15966220;14967;
15966729;14975;
15967238;15033;
15967747;15092;
15968256;15100;
15968765;15184;
15969274;15288;
15969783;15292;
15970292;15290;
15970801;15249;
15971310;15301;
15971819;15322;
15972328;15313;
15972837;15315;
15973346;15291;
15973855;15274;
15974364;15269;
15974873;15272;
15975382;15263;
15975891;15276;
15976400;15278;
15976909;15255;
15977418;15263;
15977927;15253;
15978436;15278;
15978945;15283;
15979454;15280;
15979963;15289;
15980472;15310;
15980981;15325;
15981490;15319;
15981998;15302;
15982507;15305;
15983016;15330;
15983525;15343;
15984034;15351;
15984543;15337;
15985052;15339;
15985561;15329;
15986070;15303;
15986579;15295;
15987088;15300;
15987597;15300;
15988106;15309;
15988615;15306;
15989124;15311;
15989633;15308;
15990142;15307;
15990651;15308;
15991160;15289;
15991669;15293;
15992178;15305;
15992687;15307;
15993196;15296;
15993705;15290;
15994214;15287;
15994723;15293;
15995232;15288;
15995741;15275;
15996250;15270;
15996759;15264;
15997268;15264;
15997777;15256;
15998286;15260;
15998795;15251;
15999304;15248;
15999813;15255;
16000322;15252;
16000831;15238;
16001340;15217;
16001849;15216;
16002358;15157;
16002867;15062;
16003376;15156;
16003885;15250;
16004394;15262;
16004902;15273;
16005411;15256;
16005920;15245;
16006429;15262;
16006938;15273;
16007447;15294;
16007956;15268;
16008465;15307;
16008974;15249;
16009483;15116;
16009992;15045;
16010501;14977;
16011010;14946;
16011519;14908;
16012028;14896;
16012537;14893;
16013046;14915;
16013555;14936;
16014064;14930;
16014573;14912;
16015082;14901;
16015591;14891;
16016100;14893;
16016609;14874;
16017118;14877;
16017627;14876;
16018136;14876;
16018645;14873;
16019154;14864;
16019663;14867;
16020172;14932;
16020681;15074;
16021190;15113;
16021699;15158;
16022208;15135;
16022717;15148;
16023226;15132;
16023735;15120;
16024244;15073;
16024752;15066;
16025261;15038;
16025770;15012;
16026279;14993;
16026788;14983;
16027297;15009;
16027806;15015;
16028315;15060;
16028824;15056;
16029333;15098;
16029842;15149;
16030351;15205;
16030860;15246;
16031369;15261;
16031878;15266;
16032387;15276;
16032896;15276;
16033405;15306;
16033914;15285;
16034423;15265;
16034931;15219;
16035440;15208;
16035949;15164;
16036458;15004;
16036967;14968;
16037476;15043;
16037985;15224;
16038494;15297;
16039003;15310;
16039512;15336;
16040021;15332;
16040530;15312;
16041039;15284;
16041548;15284;
16042057;15293;
16042566;15284;
16043075;15282;
16043584;15246;
16044093;15229;
16044602;15237;
16045111;15237;
16045620;15258;
16046129;15281;
16046638;15281;
16047147;15288;
16047655;15293;
16048164;15298;
16048673;15285;
16049182;15284;
16049691;15287;
16050200;15283;
16050709;15286;
16051218;15288;
16051727;15293;
16052236;15300;
16052745;15297;
16053254;15287;
16053763;15294;
16054272;15273;
16054781;15263;
16055290;15269;
16055799;15245;
16056308;15243;
16056817;15235;
16057326;15222;
16057835;15225;
16058344;15226;
16058853;15220;
16059362;15226;
16059871;15232;
16060380;15239;
16060889;15249;
16061398;15251;
16061907;15258;
16062416;15229;
16062925;15287;
16063434;15309;
16063943;15292;
16064452;15243;
16064961;15157;
16065470;15090;
16065979;15005;
16066488;14949;
16066997;14918;
16067506;14907;
16068014;14931;
16068523;14950;
16069032;14953;
16069541;14938;
16070050;14928;
16070559;14914;
16071068;14924;
16071577;14920;
16072086;14913;
16072595;14902;
16073104;14893;
16073613;14883;
16074122;14873;
16074631;14877;
16075140;14873;
16075649;14858;
16076158;14861;
16076667;14890;
16077176;14926;
16077685;14958;
16078194;15003;
16078702;15068;
16079211;15129;
16079720;15129;
16080229;15171;
16080738;15144;
16081247;15128;
16081756;15127;
16082265;15087;
16082774;15056;
16083283;15039;
16083792;15013;
16084301;15007;
16084810;15009;
16085319;15008;
16085828;15014;
16086337;15038;
16086846;15081;
16087355;15135;
16087864;15170;
16088373;15190;
16088882;15220;
16089390;15230;
16089899;15234;
16090408;15249;
16090917;15255;
16091426;15274;
16091935;15260;
16092444;15259;
16092953;15214;
16093462;15206;
16093971;15192;
16094480;15127;
16094989;15034;
16095498;14986;
16096007;14966;
16096516;14984;
16097025;14974;
16097533;15104;
16098042;15161;
16098551;15260;
16099060;15320;
16099569;15324;
16100078;15330;
16100587;15350;
16101096;15350;
16101605;15330;
16102114;15302;
16102623;15293;
16103132;15264;
16103641;15264;
16104150;15256;
16104659;15237;
16105168;15246;
16105677;15251;
16106186;15254;
16106695;15261;
16107203;15257;
16107712;15268;
16108221;15280;
16108730;15294;
16109239;15307;
16109748;15309;
16110257;15308;
16110766;15304;
16111275;15301;
16111784;15298;
16112293;15327;
16112802;15302;
16113311;15310;
16113820;15306;
16114329;15333;
16114838;15314;
16115347;15308;
16115855;15317;
