9798668;25561;
9799176;25575;
9799685;25707;
9800194;25763;
9800702;25759;
9801211;25763;
9801720;25750;
9802229;25729;
9802737;25729;
9803246;25702;
9803755;25689;
9804263;25693;
9804772;25703;
9805281;25717;
9805789;25741;
9806298;25794;
9806807;25814;
9807316;25826;
9807824;25852;
9808333;25866;
9808842;25869;
9809350;25881;
9809859;25899;
9810368;25915;
9810877;25926;
9811385;25932;
9811894;25951;
9812403;25951;
9812912;25942;
9813420;25912;
9813929;25881;
9814438;25854;
9814947;25841;
9815455;25809;
9815964;25791;
9816473;25775;
9816981;25761;
9817490;25722;
9817999;25663;
9818508;25640;
9819016;25627;
9819525;25624;
9820034;25616;
9820543;25614;
9821052;25625;
9821560;25655;
9822069;25692;
9822578;25666;
9823087;25690;
9823595;25674;
9824104;25674;
9824613;25638;
9825122;25612;
9825630;25591;
9826139;25586;
9826648;25566;
9827157;25539;
9827665;25518;
9828174;25522;
9828683;25518;
9829192;25510;
9829700;25497;
9830209;25516;
9830718;25553;
9831227;25558;
9831735;25582;
9832244;25599;
9832753;25577;
9833262;25572;
9833770;25510;
9834279;25438;
9834788;25426;
9835297;25409;
9835806;25393;
9836314;25405;
9836823;25427;
9837332;25480;
9837841;25492;
9838349;25496;
9838858;25485;
9839367;25480;
9839876;25475;
9840384;25460;
9840893;25450;
9841402;25431;
9841911;25418;
9842419;25414;
9842928;25404;
9843437;25402;
9843946;25390;
9844454;25421;
9844963;25434;
9845472;25387;
9845981;25377;
9846489;25378;
9846998;25398;
9847507;25408;
9848016;25432;
9848524;25429;
9849033;25441;
9849542;25452;
9850051;25448;
9850559;25451;
9851068;25435;
9851577;25429;
9852086;25412;
9852594;25419;
9853103;25486;
9853612;25513;
9854121;25556;
9854630;25555;
9855138;25558;
9855647;25580;
9856156;25599;
9856665;25614;
9857174;25631;
9857682;25662;
9858191;25675;
9858700;25679;
9859209;25679;
9859717;25663;
9860226;25670;
9860735;25659;
9861244;25636;
9861753;25621;
9862261;25611;
9862770;25577;
9863279;25559;
9863788;25544;
9864296;25566;
9864805;25597;
9865314;25620;
9865823;25664;
9866331;25694;
9866840;25733;
9867349;25733;
9867858;25757;
9868367;25732;
9868875;25710;
9869384;25705;
9869893;25690;
9870402;25667;
9870910;25643;
9871419;25647;
9871928;25630;
9872437;25616;
9872946;25609;
9873454;25606;
9873963;25644;
9874472;25675;
9874981;25757;
9875489;25751;
9875998;25783;
9876507;25789;
9877016;25792;
9877524;25793;
9878033;25780;
9878542;25780;
9879051;25767;
9879559;25754;
9880068;25748;
9880577;25714;
9881086;25717;
9881595;25741;
9882103;25740;
9882612;25757;
9883121;25770;
9883630;25822;
9884138;25908;
9884647;25915;
9885156;25904;
9885665;25898;
9886173;25882;
9886682;25909;
9887191;25941;
9887700;25955;
9888209;25990;
9888717;25968;
9889226;25966;
9889735;25942;
9890244;25939;
9890752;25903;
9891261;25870;
9891770;25853;
9892279;25844;
9892787;25816;
9893296;25796;
9893805;25779;
9894314;25699;
9894822;25659;
9895331;25654;
9895840;25647;
9896348;25642;
9896857;25614;
9897366;25606;
9897875;25611;
9898383;25636;
9898892;25708;
9899401;25720;
9899910;25720;
9900418;25706;
9900927;25692;
9901436;25679;
9901945;25677;
9902453;25643;
9902962;25645;
9903471;25620;
9903980;25610;
9904488;25597;
9904997;25564;
9905506;25528;
9906015;25542;
9906524;25528;
9907032;25552;
9907541;25566;
9908050;25601;
9908558;25605;
9909067;25616;
9909576;25614;
9910085;25603;
9910594;25578;
9911102;25536;
9911611;25473;
9912120;25434;
9912629;25437;
9913138;25426;
9913646;25431;
9914155;25464;
9914664;25481;
9915173;25506;
9915682;25509;
9916190;25511;
9916699;25497;
9917208;25497;
9917716;25485;
9918225;25477;
9918734;25470;
9919243;25446;
9919752;25449;
9920260;25438;
9920769;25444;
9921278;25423;
9921787;25404;
9922295;25388;
9922804;25411;
9923313;25420;
9923822;25437;
9924331;25422;
9924839;25414;
9925348;25425;
9925857;25432;
9926366;25449;
9926875;25436;
9927383;25448;
9927892;25476;
9928401;25480;
9928910;25442;
9929418;25466;
9929927;25437;
9930436;25444;
9930945;25392;
9931454;25388;
9931962;25438;
9932471;25492;
9932980;25509;
9933489;25530;
9933998;25571;
9934506;25601;
9935015;25647;
9935524;25655;
9936033;25670;
9936542;25678;
9937050;25674;
9937559;25689;
9938068;25677;
9938577;25675;
9939085;25658;
9939594;25644;
9940103;25626;
9940612;25623;
9941121;25585;
9941629;25545;
9942138;25581;
9942647;25584;
9943156;25594;
9943665;25627;
9944173;25661;
9944682;25706;
9945191;25763;
9945700;25758;
9946209;25735;
9946717;25724;
9947226;25673;
9947735;25658;
9948244;25634;
9948753;25629;
9949261;25616;
9949770;25623;
9950279;25649;
9950788;25645;
9951297;25668;
9951805;25735;
9952314;25760;
9952823;25778;
9953332;25804;
9953841;25769;
9954349;25771;
9954858;25760;
9955367;25752;
9955876;25715;
9956384;25704;
9956893;25743;
9957402;25730;
9957911;25743;
9958420;25793;
9958928;25844;
9959437;25878;
9959946;25888;
9960455;25890;
9960964;25906;
9961472;25942;
9961981;25961;
9962490;25962;
9962999;25962;
9963508;25955;
9964016;25924;
9964525;25919;
9965034;25904;
9965543;25884;
9966052;25865;
9966560;25845;
9967069;25815;
9967578;25796;
9968087;25766;
9968596;25735;
9969104;25714;
9969613;25675;
9970122;25632;
9970631;25654;
9971140;25629;
9971648;25629;
9972157;25655;
9972666;25697;
9973175;25702;
9973683;25717;
9974192;25705;
9974701;25704;
9975210;25697;
9975719;25663;
9976227;25677;
9976736;25655;
9977245;25636;
9977754;25635;
9978262;25602;
9978771;25609;
9979280;25596;
9979789;25589;
9980298;25584;
9980806;25548;
9981315;25541;
9981824;25543;
9982333;25548;
9982841;25583;
9983350;25596;
9983859;25605;
9984368;25582;
9984877;25557;
9985385;25546;
9985894;25561;
9986403;25570;
9986912;25533;
9987421;25471;
9987929;25414;
9988438;25404;
9988947;25401;
9989456;25384;
9989965;25387;
9990473;25438;
9990982;25483;
9991491;25490;
9992000;25471;
9992508;25502;
9993017;25496;
9993526;25474;
9994035;25446;
9994544;25434;
9995052;25437;
9995561;25415;
9996070;25414;
9996579;25413;
9997087;25400;
9997596;25411;
9998105;25418;
9998614;25420;
9999123;25430;
9999631;25411;
10000140;25431;
10000649;25421;
10001158;25392;
10001666;25419;
10002175;25440;
10002684;25380;
10003193;25380;
10003702;25397;
10004211;25413;
10004719;25411;
10005228;25390;
10005737;25374;
10006246;25378;
10006755;25366;
10007264;25356;
10007772;25389;
10008281;25424;
10008790;25452;
10009299;25489;
10009808;25498;
10010316;25563;
10010825;25595;
10011334;25608;
10011843;25631;
10012352;25660;
10012860;25674;
10013369;25665;
10013878;25665;
10014387;25651;
10014896;25631;
10015404;25602;
10015913;25551;
10016422;25560;
10016931;25597;
10017440;25619;
10017948;25645;
10018457;25683;
10018966;25713;
10019475;25693;
10019984;25683;
10020492;25639;
10021001;25609;
10021510;25589;
10022019;25593;
10022528;25586;
10023036;25568;
10023545;25540;
10024054;25550;
10024563;25612;
10025072;25630;
10025580;25693;
10026089;25720;
10026598;25756;
10027107;25772;
10027615;25764;
10028124;25784;
10028633;25773;
10029142;25756;
10029651;25744;
10030159;25719;
10030668;25720;
10031177;25734;
10031686;25742;
10032194;25738;
10032703;25756;
10033212;25826;
10033721;25844;
10034230;25861;
10034738;25885;
10035247;25908;
10035756;25901;
10036265;25901;
10036773;25901;
10037282;25907;
10037791;25911;
10038300;25905;
10038808;25924;
10039317;25931;
10039826;25935;
10040335;25946;
10040844;25965;
10041352;25977;
10041861;25971;
10042370;25941;
10042879;25933;
10043387;25927;
10043896;25894;
14059604;25255;
14060113;25282;
14060622;25313;
14061130;25294;
14061639;25357;
14062147;25397;
14062656;25474;
14063165;25480;
14063673;25497;
14064182;25517;
14064691;25519;
14065199;25494;
14065708;25492;
14066216;25497;
14066725;25513;
14067234;25516;
14067742;25502;
14068251;25516;
14068760;25525;
14069268;25513;
14069777;25534;
14070285;25536;
14070794;25523;
14071303;25521;
14071811;25526;
14072320;25518;
14072829;25546;
14073337;25561;
14073846;25558;
14074355;25546;
14074863;25553;
14075372;25563;
14075881;25564;
14076389;25585;
14076898;25597;
14077407;25570;
14077915;25608;
14078424;25601;
14078933;25602;
14079441;25614;
14079950;25635;
14080459;25646;
14080967;25663;
14081476;25699;
14081985;25709;
14082493;25736;
14083002;25750;
14083511;25775;
14084019;25789;
14084528;25784;
14085037;25798;
14085545;25813;
14086054;25804;
14086563;25781;
14087071;25793;
14087580;25780;
14088089;25777;
14088597;25799;
14089106;25869;
14089615;25940;
14090123;25993;
14090632;26032;
14091141;25986;
14091649;25980;
14092158;25966;
14092667;25947;
14093176;25929;
14093684;25928;
14094193;25913;
14094702;25869;
14095210;25878;
14095719;25870;
14096228;25857;
14096737;25834;
14097245;25831;
14097754;25806;
14098263;25772;
14098771;25768;
14099280;25775;
14099789;25777;
14100298;25780;
14100806;25788;
14101315;25747;
14101824;25639;
14102333;25634;
14102841;25658;
14103350;25655;
14103859;25618;
14104368;25609;
14104876;25598;
14105385;25591;
14105894;25594;
14106402;25580;
14106911;25568;
14107420;25562;
14107929;25582;
14108437;25579;
14108946;25560;
14109455;25547;
14109964;25539;
14110472;25511;
14110981;25463;
14111490;25443;
14111999;25394;
14112507;25362;
14113016;25353;
14113525;25331;
14114034;25362;
14114543;25398;
14115051;25424;
14115560;25462;
14116069;25485;
14116578;25509;
14117086;25501;
14117595;25511;
14118104;25492;
14118613;25483;
14119121;25451;
14119630;25433;
14120139;25422;
14120648;25411;
14121156;25423;
14121665;25463;
14122174;25471;
14122683;25466;
14123191;25428;
14123700;25394;
14124209;25390;
14124718;25379;
14125226;25368;
14125735;25341;
14126244;25312;
14126753;25292;
14127261;25311;
14127770;25310;
14128279;25327;
14128788;25309;
14129297;25353;
14129805;25401;
14130314;25441;
14130823;25441;
14131332;25459;
14131841;25472;
14132349;25481;
14132858;25499;
14133367;25495;
14133876;25517;
14134385;25488;
14134893;25449;
14135402;25389;
14135911;25410;
14136420;25423;
14136929;25430;
14137437;25458;
14137946;25529;
14138455;25547;
14138964;25553;
14139473;25548;
14139981;25522;
14140490;25528;
14140999;25561;
14141508;25576;
14142017;25599;
14142525;25600;
14143034;25602;
14143543;25601;
14144052;25618;
14144561;25599;
14145069;25606;
14145578;25627;
14146087;25625;
14146596;25649;
14147105;25654;
14147613;25674;
14148122;25683;
14148631;25712;
14149140;25766;
14149649;25808;
14150157;25848;
14150666;25863;
14151175;25886;
14151684;25874;
14152193;25847;
14152701;25853;
14153210;25873;
14153719;25889;
14154228;25927;
14154736;25960;
14155245;25987;
14155754;26038;
14156263;26070;
14156772;26081;
14157280;26070;
14157789;26055;
14158298;26036;
14158807;26031;
14159316;26000;
14159824;25989;
14160333;25968;
14160842;25929;
14161351;25924;
14161860;25924;
14162368;25918;
14162877;25906;
14163386;25881;
14163895;25822;
14164404;25822;
14164913;25829;
14165421;25818;
14165930;25831;
14166439;25834;
14166948;25812;
14167457;25778;
14167965;25718;
14168474;25673;
14168983;25658;
14169492;25647;
14170001;25634;
14170510;25639;
14171018;25638;
14171527;25629;
14172036;25621;
14172545;25621;
14173054;25621;
14173563;25619;
14174072;25614;
14174580;25625;
14175089;25622;
14175598;25617;
14176107;25609;
14176616;25579;
14177124;25511;
14177633;25454;
14178142;25446;
14178651;25407;
14179160;25409;
14179669;25441;
14180177;25461;
14180686;25513;
14181195;25541;
14181704;25576;
14182213;25579;
14182722;25561;
14183231;25547;
14183739;25534;
14184248;25524;
14184757;25496;
14185266;25474;
14185775;25483;
14186284;25489;
14186793;25493;
14187301;25485;
14187810;25480;
14188319;25497;
14188828;25490;
14189337;25483;
14189846;25452;
14190355;25430;
14190863;25420;
14191372;25406;
14191881;25395;
14192390;25376;
14192899;25385;
14193408;25405;
14193917;25376;
14194425;25361;
14194934;25377;
14195443;25396;
14195952;25457;
14196461;25440;
14196970;25465;
14197479;25479;
14197987;25501;
14198496;25503;
14199005;25526;
14199514;25534;
14200023;25533;
14200532;25531;
14201041;25534;
14201550;25514;
14202058;25438;
14202567;25437;
14203076;25447;
14203585;25468;
14204094;25531;
14204603;25582;
14205112;25593;
14205621;25602;
14206129;25600;
14206638;25568;
14207147;25573;
14207656;25595;
14208165;25597;
14208674;25616;
14209183;25621;
14209692;25623;
14210201;25628;
14210709;25626;
14211218;25652;
14211727;25677;
14212236;25699;
14212745;25725;
14213254;25762;
14213763;25789;
14214272;25838;
14214781;25853;
14215289;25855;
14215798;25898;
14216307;25836;
14216816;25840;
14217325;25858;
14217834;25883;
14218343;25927;
14218852;26007;
14219361;26047;
14219869;26074;
14220378;26071;
14220887;26063;
14221396;26049;
14221905;26066;
14222414;26041;
14222923;26035;
14223432;26032;
14223940;26029;
14224449;26021;
14224958;26003;
14225467;25974;
14225976;25972;
14226485;25968;
14226994;25969;
14227503;25967;
14228011;25953;
14228520;25947;
14229029;25893;
14229538;25871;
14230047;25848;
14230556;25859;
14231065;25807;
14231574;25781;
14232082;25759;
14232591;25752;
14233100;25667;
14233609;25669;
14234118;25671;
14234627;25645;
14235136;25632;
14235645;25672;
14236153;25702;
14236662;25687;
14237171;25677;
14237680;25630;
14238189;25589;
14238698;25555;
14239207;25511;
14239716;25495;
14240225;25444;
14240734;25416;
14241242;25462;
14241751;25508;
14242260;25576;
14242769;25545;
14243278;25567;
14243787;25563;
14244296;25561;
14244805;25547;
14245314;25521;
14245823;25528;
14246332;25548;
14246841;25538;
14247349;25536;
14247858;25526;
14248367;25505;
14248876;25494;
14249385;25463;
14249894;25439;
14250403;25433;
14250912;25403;
14251421;25387;
14251930;25381;
14252439;25402;
14252947;25403;
14253456;25400;
14253965;25456;
14254474;25486;
14254983;25508;
14255492;25512;
14256001;25525;
14256510;25540;
14257019;25536;
14257528;25546;
14258037;25534;
14258546;25521;
14259054;25504;
14259563;25462;
14260072;25464;
14260581;25470;
14261090;25563;
14261599;25611;
14262108;25623;
14262617;25593;
14263126;25593;
14263635;25597;
14264144;25597;
14264653;25581;
14265161;25600;
14265670;25596;
14266179;25610;
14266688;25649;
14267197;25664;
14267706;25686;
14268215;25686;
14268724;25706;
14269233;25722;
14269742;25738;
14270251;25758;
14270760;25794;
14271269;25809;
14271778;25878;
14272287;25889;
14272796;25860;
14273304;25819;
14273813;25825;
14274322;25794;
14274831;25831;
14275340;25865;
14275849;25915;
14276358;25970;
14276867;26020;
14277376;26044;
14277885;26048;
14278394;26054;
14278903;26030;
14279412;25995;
14279921;25999;
14280429;25989;
14280938;25993;
14281447;25979;
14281956;25957;
14282465;25967;
14282974;25961;
14283483;25959;
14283992;25932;
14284501;25930;
14285010;25933;
14285519;25888;
14286028;25861;
14286537;25868;
14287046;25855;
14287555;25808;
14288064;25816;
14288573;25818;
14289082;25758;
14289590;25746;
14290099;25727;
14290608;25678;
14291117;25662;
14291626;25657;
14292135;25664;
14292644;25647;
14293153;25641;
14293662;25651;
14294171;25642;
14294680;25643;
14295189;25671;
14295698;25663;
14296207;25666;
14296716;25648;
14297225;25630;
14297734;25592;
14298243;25580;
14298752;25531;
14299261;25446;
14299770;25420;
14300279;25441;
14300788;25470;
