9183211;17126;
9183720;17159;
9184228;17166;
9184737;17170;
9185245;17167;
9185754;17108;
9186262;17153;
9186771;17140;
9187279;17163;
9187788;17137;
9188297;17143;
9188805;17103;
9189314;17057;
9189822;17035;
9190331;17009;
9190839;16953;
9191348;16939;
9191856;16917;
9192365;16892;
9192874;16810;
9193382;16803;
9193891;16751;
9194399;16830;
9194908;16739;
9195417;16693;
9195925;16764;
9196434;16822;
9196942;16774;
9197451;16803;
9197959;16835;
9198468;16826;
9198977;16764;
9199485;16725;
9199994;16746;
9200502;16770;
9201011;16781;
9201520;16773;
9202028;16821;
9202537;16840;
9203045;16836;
9203554;16835;
9204062;16773;
9204571;16791;
9205079;16839;
9205588;16812;
9206097;16739;
9206605;16764;
9207114;16769;
9207622;16772;
9208131;16764;
9208640;16628;
9209148;16528;
9209657;16464;
9210165;16412;
9210674;16400;
9211183;16393;
9211691;16446;
9212200;16543;
9212708;16842;
9213217;16932;
9213726;17013;
9214234;17114;
9214743;17180;
9215251;17178;
9215760;17110;
9216269;17167;
9216777;17225;
9217286;17219;
9217794;17201;
9218303;17207;
9218812;17185;
9219320;17172;
9219829;17137;
9220337;17102;
9220846;17114;
9221355;17055;
9221863;17101;
9222372;17111;
9222880;17136;
9223389;17131;
9223898;17191;
9224406;17210;
9224915;17246;
9225424;17274;
9225932;17288;
9226441;17341;
9226949;17351;
9227458;17406;
9227967;17396;
9228475;17370;
9228984;17407;
9229492;17430;
9230001;17467;
9230510;17479;
9231018;17532;
9231527;17535;
9232035;17532;
9232544;17481;
9233053;17417;
9233561;17306;
9234070;17275;
9234579;17176;
9235087;17273;
9235596;17301;
9236104;17322;
9236613;17443;
9237122;17428;
9237630;17350;
9238139;17405;
9238647;17379;
9239156;17348;
9239665;17324;
9240173;17322;
9240682;17362;
9241190;17359;
9241699;17359;
9242208;17370;
9242716;17371;
9243225;17406;
9243734;17393;
9244242;17400;
9244751;17350;
9245260;17373;
9245768;17370;
9246277;17363;
9246785;17335;
9247294;17381;
9247803;17406;
9248311;17452;
9248820;17431;
9249329;17446;
9249837;17481;
9250346;17477;
9250855;17445;
9251363;17459;
9251872;17444;
9252381;17402;
9252889;17393;
9253398;17345;
9253906;17332;
9254415;17319;
9254924;17305;
9255432;17294;
9255941;17248;
9256450;17171;
9256958;17148;
9257467;17245;
9257976;17199;
9258484;17236;
9258993;17234;
9259502;17237;
9260010;17255;
9260519;17288;
9261027;17300;
9261536;17296;
9262045;17301;
9262553;17311;
9263062;17302;
9263571;17296;
9264079;17272;
9264588;17250;
9265097;17267;
9265605;17244;
9266114;17198;
9266623;17173;
9267131;17116;
9267640;17061;
9268149;17000;
9268657;16972;
9269166;16947;
9269675;16891;
9270183;16914;
9270692;16846;
9271201;16846;
9271709;16821;
9272218;16806;
9272726;16901;
9273235;16964;
9273744;16945;
9274252;16962;
9274761;16938;
9275269;16930;
9275778;16931;
9276287;16922;
9276795;16869;
9277304;16872;
9277813;16855;
9278321;16843;
9278830;16856;
9279339;16846;
9279847;16853;
9280356;16877;
9280865;16916;
9281373;16905;
9281882;16896;
9282391;16930;
9282899;16945;
9283408;16939;
9283917;16956;
9284425;16975;
9284934;16967;
9285442;17020;
9285951;17001;
9286460;16909;
9286968;16856;
9287477;16789;
9287986;16695;
9288494;16614;
9289003;16520;
9289512;16496;
9290020;16462;
9290529;16467;
9291038;16496;
9291546;16537;
9292055;16576;
9292564;16627;
9293072;16720;
9293581;16812;
9294090;16917;
9294598;17022;
9295107;17085;
9295616;17134;
9296124;17147;
9296633;17168;
9297141;17193;
9297650;17169;
9298159;17219;
9298667;17248;
9299176;17267;
9299685;17270;
9300193;17265;
9300702;17268;
9301211;17254;
9301719;17250;
9302228;17247;
9302737;17205;
9303245;17202;
9303754;17198;
9304262;17195;
9304771;17188;
9305280;17192;
9305788;17248;
9306297;17312;
9306806;17308;
9307314;17335;
9307823;17378;
9308332;17392;
9308840;17430;
9309349;17432;
9309857;17483;
9310366;17473;
9310875;17485;
9311383;17511;
9311892;17496;
9312401;17485;
9312909;17541;
9313418;17549;
9313927;17585;
9314435;17637;
9314944;17592;
9315453;17491;
9315961;17357;
9316470;17279;
9316979;17324;
9317487;17361;
9317996;17414;
9318504;17500;
9319013;17539;
9319522;17500;
9320030;17468;
9320539;17453;
9321048;17454;
9321556;17446;
9322065;17445;
9322574;17453;
9323082;17463;
9323591;17471;
9324100;17479;
9324608;17474;
9325117;17458;
9325626;17461;
9326134;17458;
9326643;17470;
9327151;17480;
9327660;17488;
9328169;17513;
9328677;17504;
9329186;17507;
9329694;17525;
9330203;17525;
9330712;17530;
9331220;17528;
9331729;17502;
9332238;17504;
9332746;17484;
9333255;17451;
9333763;17423;
9334272;17370;
9334781;17368;
9335289;17341;
9335798;17330;
9336307;17321;
9336815;17296;
9337324;17290;
9337833;17283;
9338341;17272;
9338850;17266;
9339358;17270;
9339867;17272;
9340376;17281;
9340884;17236;
9341393;17247;
9341902;17201;
9342410;17170;
9342919;17167;
9343428;17149;
9343936;17139;
9344445;17137;
9344954;17115;
9345462;17094;
9345971;17082;
9346480;17043;
9346988;16983;
9347497;16917;
9348006;16861;
9348514;16869;
9349023;16880;
9349532;16857;
9350040;16822;
9350549;16811;
9351058;16767;
9351566;16767;
9352075;16722;
9352584;16762;
9353092;16876;
9353601;16858;
9354109;16896;
9354618;16888;
9355127;16888;
9355635;16918;
9356144;16968;
9356653;16971;
9357161;16815;
9357670;16700;
9358178;16622;
9358687;16542;
9359196;16444;
9359704;16425;
9360213;16404;
9360722;16460;
9361230;16566;
9361739;16705;
9362248;16821;
9362756;16943;
9363265;17018;
9363774;17095;
9364282;17156;
9364791;17201;
9365300;17188;
9365808;17202;
9366317;17183;
9366826;17230;
9367334;17215;
9367843;17233;
9368352;17223;
9368860;17218;
9369369;17219;
9369877;17204;
9370386;17150;
9370895;17087;
9371403;17083;
9371912;17069;
9372421;17039;
9372929;17073;
9373438;17092;
9373947;17116;
9374455;17124;
9374964;17177;
9375473;17219;
9375981;17262;
9376490;17272;
9376999;17321;
9377508;17361;
9378016;17379;
9378525;17400;
9379034;17408;
9379542;17438;
9380051;17477;
9380559;17497;
9381068;17501;
9381577;17511;
9382085;17472;
9382594;17532;
9383103;17590;
9383612;17586;
9384120;17556;
9384629;17448;
9385138;17317;
9385646;17320;
9386155;17349;
9386663;17295;
9387172;17315;
9387681;17455;
9388189;17491;
9388698;17465;
9389207;17494;
9389715;17462;
9390224;17447;
9390733;17408;
9391241;17388;
9391750;17371;
9392259;17384;
9392767;17419;
9393276;17400;
9393785;17408;
9394294;17436;
9394802;17459;
9395311;17467;
9395820;17472;
9396328;17445;
9396837;17399;
9397346;17385;
9397854;17357;
9398363;17427;
9398872;17395;
9399380;17349;
9399889;17453;
9400398;17507;
9400906;17487;
9401415;17478;
9401924;17480;
9402432;17475;
9402941;17475;
9403450;17448;
9403959;17414;
9404467;17400;
9404976;17366;
9405485;17349;
9405993;17336;
9406502;17321;
9407011;17319;
9407519;17298;
9408028;17291;
9408537;17289;
9409045;17285;
9409554;17279;
9410063;17274;
9410571;17271;
9411080;17257;
9411589;17242;
9412097;17251;
9412606;17248;
9413115;17252;
9413623;17248;
9414132;17260;
9414641;17293;
9415149;17306;
9415658;17279;
9416167;17292;
9416675;17293;
9417184;17287;
9417693;17304;
9418201;17273;
9418710;17209;
9419219;17164;
9419727;17090;
9420236;17022;
9420745;16964;
9421253;16958;
9421762;16931;
9422271;16924;
9422779;16924;
9423288;16955;
9423797;16979;
9424305;16953;
9424814;16941;
15299447;17450;
15299955;17447;
15300464;17489;
15300974;17517;
15301483;17545;
15301992;17620;
15302501;17625;
15303010;17633;
15303519;17648;
15304027;17656;
15304536;17687;
15305045;17667;
15305554;17685;
15306063;17669;
15306572;17671;
15307081;17678;
15307590;17682;
15308099;17695;
15308608;17702;
15309117;17748;
15309626;17750;
15310135;17778;
15310644;17805;
15311153;17828;
15311662;17851;
15312171;17876;
15312680;17880;
15313189;17959;
15313698;17977;
15314207;17996;
15314716;18013;
15315225;18051;
15315734;18058;
15316243;18077;
15316752;18060;
15317261;18148;
15317770;18140;
15318279;18129;
15318788;18109;
15319297;18048;
15319806;18028;
15320315;17982;
15320824;17916;
15321333;17888;
15321842;17870;
15322351;17852;
15322860;17825;
15323369;17820;
15323878;17816;
15324387;17799;
15324896;17830;
15325405;17810;
15325914;17822;
15326423;17834;
15326932;17829;
15327441;17868;
15327950;17901;
15328459;17912;
15328968;17925;
15329477;17933;
15329986;17936;
15330496;17942;
15331005;17920;
15331514;17905;
15332023;17897;
15332532;17905;
15333041;17909;
15333550;17902;
15334059;17891;
15334568;17890;
15335077;17795;
15335586;17719;
15336095;17627;
15336604;17485;
15337113;17331;
15337622;17253;
15338131;17226;
15338640;17239;
15339149;17319;
15339658;17380;
15340167;17434;
15340676;17436;
15341185;17440;
15341694;17395;
15342203;17362;
15342712;17338;
15343221;17337;
15343730;17361;
15344239;17375;
15344748;17424;
15345257;17451;
15345766;17498;
15346275;17495;
15346784;17460;
15347293;17449;
15347803;17458;
15348312;17437;
15348821;17406;
15349330;17353;
15349839;17332;
15350348;17303;
15350857;17268;
15351366;17247;
15351875;17173;
15352384;17135;
15352893;17123;
15353402;17110;
15353911;17132;
15354420;17150;
15354929;17225;
15355438;17228;
15355947;17229;
15356456;17211;
15356965;17211;
15357474;17214;
15357983;17235;
15358492;17238;
15359001;17186;
15359510;17161;
15360019;17134;
15360528;17092;
15361037;17077;
15361546;17055;
15362055;17107;
15362564;17146;
15363073;17168;
15363582;17163;
15364091;17215;
15364601;17250;
15365110;17383;
15365619;17449;
15366128;17557;
15366637;17465;
15367146;17373;
15367655;17209;
15368164;17101;
15368673;17060;
15369182;17024;
15369691;17110;
15370200;17221;
15370709;17518;
15371218;17588;
15371727;17659;
15372236;17672;
15372745;17706;
15373254;17710;
15373763;17723;
15374272;17734;
15374781;17730;
15375290;17731;
15375799;17739;
15376308;17732;
15376817;17732;
15377326;17723;
15377835;17717;
15378344;17715;
15378854;17718;
15379363;17723;
15379872;17731;
15380381;17753;
15380890;17769;
15381399;17794;
15381908;17817;
15382417;17836;
15382926;17865;
15383435;17894;
15383944;17916;
15384453;17934;
15384962;17963;
15385471;17993;
15385980;17997;
15386489;17968;
15386998;18037;
15387507;18100;
15388016;18119;
15388526;18151;
15389035;18181;
15389544;18197;
15390053;18179;
15390562;18159;
15391071;18123;
15391580;18056;
15392089;17995;
15392598;17931;
15393107;17878;
15393616;17878;
15394125;17863;
15394634;17869;
15395143;17852;
15395652;17874;
15396161;17878;
15396670;17900;
15397179;17952;
15397689;17962;
15398198;17960;
15398707;17967;
15399216;17957;
15399725;17921;
15400234;17938;
15400743;17934;
15401252;17935;
15401761;17849;
15402270;17694;
15402779;17572;
15403288;17412;
15403797;17303;
15404306;17267;
15404815;17270;
15405324;17322;
15405833;17413;
15406342;17442;
15406851;17451;
15407361;17449;
15407870;17420;
15408379;17369;
15408888;17365;
15409397;17374;
15409906;17385;
15410415;17412;
15410924;17422;
15411433;17483;
15411942;17523;
15412451;17493;
15412960;17459;
15413469;17478;
15413978;17476;
15414487;17423;
15414996;17360;
15415505;17315;
15416015;17280;
15416524;17233;
15417033;17159;
15417542;17149;
15418051;17161;
15418560;17219;
15419069;17222;
15419578;17253;
15420087;17236;
15420596;17211;
15421105;17228;
15421614;17228;
15422123;17187;
15422632;17134;
15423141;17109;
15423651;17079;
15424160;17103;
15424669;17138;
15425178;17166;
15425687;17185;
15426196;17264;
15426705;17361;
15427214;17443;
15427723;17556;
15428232;17542;
15428741;17469;
15429250;17405;
15429759;17294;
15430268;17230;
15430777;17168;
15431286;17067;
15431795;17045;
15432304;17070;
15432813;17146;
15433322;17262;
15433832;17423;
15434341;17563;
15434850;17644;
15435359;17692;
15435868;17738;
15436377;17738;
15436886;17756;
15437395;17761;
15437904;17763;
15438413;17776;
15438922;17778;
15439431;17773;
15439940;17762;
15440449;17727;
15440958;17754;
15441467;17741;
15441976;17723;
15442485;17720;
15442994;17721;
15443503;17684;
15444012;17703;
15444521;17761;
15445030;17796;
15445539;17810;
15446049;17831;
15446558;17852;
15447067;17884;
15447576;17875;
15448085;17993;
15448594;18013;
15449103;18040;
15449612;18066;
15450121;18108;
15450630;18136;
15451139;18152;
15451648;18192;
15452157;18189;
15452666;18180;
15453175;18164;
15453684;18139;
15454193;18113;
15454702;18065;
15455211;17981;
15455720;17940;
15456230;17900;
15456739;17870;
15457248;17885;
15457757;17864;
15458266;17846;
15458775;17860;
15459284;17866;
15459793;17905;
15460302;17928;
15460811;17959;
15461320;17964;
15461829;17951;
15462338;17953;
15462847;17947;
15463356;17921;
15463865;17940;
15464374;17931;
15464883;17804;
15465392;17581;
15465901;17457;
15466410;17345;
15466919;17286;
15467428;17278;
15467937;17318;
15468446;17402;
15468955;17444;
15469464;17438;
15469973;17439;
15470482;17453;
15470992;17434;
15471501;17386;
15472010;17353;
15472519;17345;
15473028;17333;
15473537;17329;
15474046;17378;
15474555;17401;
15475064;17419;
15475573;17451;
15476082;17499;
15476591;17490;
15477100;17459;
15477609;17449;
15478118;17446;
15478627;17443;
15479136;17399;
15479645;17364;
15480154;17335;
15480663;17305;
15481172;17254;
15481681;17242;
15482190;17187;
15482699;17125;
15483208;17101;
15483717;17123;
15484227;17125;
15484736;17163;
15485245;17193;
15485754;17228;
15486263;17222;
15486772;17205;
15487281;17197;
15487790;17201;
15488299;17200;
15488808;17210;
15489317;17224;
15489826;17216;
15490335;17192;
15490844;17186;
15491353;17161;
15491862;17135;
15492371;17131;
15492880;17103;
15493389;17055;
15493898;17043;
15494407;17104;
15494916;17142;
15495425;17171;
15495934;17253;
15496443;17303;
15496952;17420;
15497461;17512;
15497970;17550;
15498480;17496;
15498989;17437;
15499498;17354;
15500007;17248;
15500516;17137;
15501025;17080;
15501534;17034;
15502043;17047;
15502552;17056;
15503061;17097;
15503570;17157;
15504079;17268;
15504588;17389;
15505097;17520;
15505606;17578;
15506115;17637;
15506624;17664;
15507133;17716;
15507642;17735;
15508151;17737;
15508660;17751;
15509169;17760;
15509678;17771;
15510187;17792;
15510696;17792;
15511205;17795;
15511714;17785;
15512223;17773;
15512732;17753;
15513241;17743;
15513750;17734;
15514259;17726;
15514768;17718;
15515277;17702;
15515786;17693;
15516295;17712;
15516804;17711;
15517313;17717;
15517822;17731;
15518331;17748;
15518840;17767;
15519349;17786;
15519858;17808;
15520367;17830;
15520876;17856;
15521385;17874;
15521894;17899;
15522403;17927;
15522912;17951;
15523422;17974;
15523931;18002;
15524440;18015;
15524949;18052;
15525458;18055;
15525967;18081;
15526476;18093;
15526985;18104;
15527494;18109;
15528003;18134;
15528512;18143;
15529021;18157;
15529530;18155;
15530039;18167;
15530548;18162;
15531057;18139;
15531566;18144;
15532075;18137;
15532584;18128;
15533093;18118;
15533602;18105;
15534111;18092;
15534620;18071;
15535130;18044;
15535639;18012;
15536148;17973;
15536657;17934;
15537166;17904;
15537675;17858;
15538184;17860;
15538693;17852;
15539202;17858;
15539711;17862;
15540220;17866;
