17390492;25240;
17391001;25195;
17391509;25162;
17392017;25173;
17392526;25208;
17393034;25203;
17393543;25238;
17394051;25270;
17394559;25264;
17395068;25269;
17395576;25263;
17396085;25242;
17396593;25207;
17397102;25185;
17397610;25170;
17398118;25177;
17398627;25224;
17399135;25215;
17399644;25193;
17400152;25183;
17400660;25172;
17401169;25168;
17401677;25162;
17402186;25145;
17402694;25150;
17403203;25150;
17403711;25138;
17404219;25123;
17404728;25150;
17405236;25131;
17405745;25129;
17406253;25103;
17406762;25074;
17407270;25073;
17407778;25051;
17408287;25056;
17408795;25051;
17409304;25036;
17409812;25011;
17410321;25004;
17410829;25003;
17411337;24984;
17411846;24978;
17412354;24984;
17412863;24976;
17413371;24970;
17413880;24965;
17414388;24949;
17414896;24916;
17415405;24913;
17415913;24920;
17416422;24931;
17416930;24925;
17417439;24917;
17417947;24924;
17418456;24912;
17418964;24896;
17419472;24893;
17419981;24913;
17420489;24904;
17420998;24927;
17421506;24970;
17422015;25001;
17422523;24998;
17423032;25019;
17423540;25014;
17424049;24985;
17424557;24964;
17425066;24911;
17425574;24900;
17426083;24868;
17426591;24853;
17427099;24829;
17427608;24816;
17428116;24818;
17428625;24834;
17429133;24844;
17429642;24852;
17430150;24879;
17430659;24875;
17431167;24875;
17431675;24861;
17432184;24888;
17432692;24889;
17433201;24887;
17433709;24906;
17434218;24892;
17434726;24896;
17435235;24875;
17435743;24873;
17436252;24865;
17436760;24862;
17437269;24873;
17437777;24885;
17438285;24913;
17438794;24925;
17439302;24960;
17439811;24987;
17440319;25024;
17440828;25020;
17441336;25062;
17441845;25104;
17442353;25103;
17442861;25115;
17443370;25123;
17443878;25152;
17444387;25160;
17444895;25176;
17445404;25193;
17445912;25217;
17446421;25208;
17446929;25204;
17447438;25209;
17447946;25196;
17448454;25210;
17448963;25204;
17449471;25186;
17449980;25204;
17450488;25203;
17450997;25205;
17451505;25214;
17452014;25220;
17452522;25240;
17453031;25267;
17453539;25274;
17454048;25284;
17454556;25308;
17455064;25305;
17455573;25299;
17456081;25286;
17456590;25278;
17457098;25287;
17457607;25304;
17458115;25289;
17458624;25308;
17459132;25317;
17459641;25332;
17460149;25344;
17460657;25357;
17461166;25346;
17461674;25347;
17462183;25389;
17462691;25378;
17463200;25403;
17463708;25405;
17464217;25402;
17464725;25394;
17465234;25389;
17465742;25385;
17466251;25371;
17466759;25335;
17467268;25323;
17467776;25316;
17468284;25318;
17468793;25300;
17469301;25271;
17469810;25255;
17470318;25246;
17470827;25236;
17471335;25219;
17471844;25251;
17472352;25245;
17472861;25302;
17473369;25328;
17473877;25319;
17474386;25303;
17474894;25278;
17475403;25243;
17475911;25223;
17476420;25216;
17476928;25200;
17477437;25183;
17477945;25172;
17478454;25170;
17478962;25167;
17479470;25164;
17479979;25149;
17480487;25146;
17480996;25128;
17481504;25107;
17482013;25085;
17482521;25082;
17483030;25053;
17483538;25020;
17484047;25009;
17484555;24999;
17485064;24981;
17485572;24986;
17486081;24978;
17486589;24963;
17487098;24942;
17487606;24939;
17488115;24930;
17488623;24935;
17489131;24922;
17489640;24911;
17490148;24922;
17490657;24932;
17491165;24935;
17491674;24947;
17492182;24965;
17492691;25005;
17493199;25029;
17493708;25062;
17494216;25064;
17494725;25036;
17495233;24997;
17495742;24957;
17496250;24916;
17496759;24883;
17497267;24852;
17497776;24827;
17498284;24844;
17498793;24863;
17499301;24882;
17499810;24897;
17500318;24887;
17500827;24885;
17501335;24898;
17501844;24899;
17502352;24898;
17502861;24895;
17503369;24918;
17503878;24917;
17504386;24891;
17504895;24886;
17505403;24877;
17505912;24883;
17506420;24891;
17506929;24927;
17507437;24958;
17507946;24998;
17508454;25028;
17508963;25060;
17509471;25102;
17509980;25098;
17510488;25135;
17510997;25156;
17511505;25162;
17512014;25190;
17512522;25219;
17513031;25221;
17513539;25227;
17514048;25220;
17514556;25231;
17515064;25229;
17515573;25226;
17516081;25239;
17516590;25258;
17517098;25247;
17517607;25300;
17518115;25314;
17518624;25340;
17519132;25331;
17519641;25311;
17520149;25310;
17520658;25312;
17521166;25302;
17521675;25304;
17522183;25337;
17522692;25333;
17523200;25329;
17523709;25344;
17524217;25348;
17524725;25370;
17525234;25392;
17525742;25400;
17526251;25406;
17526759;25412;
17527268;25414;
17527776;25417;
17528285;25395;
17528793;25383;
17529302;25366;
17529810;25370;
17530319;25355;
17530827;25356;
17531336;25324;
17531844;25333;
17532353;25317;
17532861;25302;
17533370;25287;
17533878;25281;
17534387;25253;
17534895;25244;
17535403;25247;
17535912;25250;
17536420;25259;
17536929;25259;
17537437;25275;
17537946;25275;
17538454;25280;
17538963;25305;
17539471;25290;
17539980;25298;
17540488;25282;
17540997;25279;
17541505;25273;
17542014;25249;
17542522;25226;
17543031;25227;
17543539;25204;
17544048;25180;
17544556;25186;
17545065;25179;
17545573;25173;
17546081;25163;
17546590;25148;
17547098;25126;
17547607;25092;
17548115;25065;
17548624;25048;
17549132;25026;
17549641;25005;
17550149;25006;
17550658;24996;
17551166;24994;
17551675;24958;
17552183;24945;
17552692;24946;
17553200;24944;
17553709;24929;
17554217;24930;
17554726;24944;
17555234;24961;
17555742;24980;
17556251;25003;
17556759;25056;
17557268;25082;
17557776;25063;
17558285;25065;
17558793;25041;
17559302;25035;
17559810;25008;
17560319;24992;
17560827;24936;
17561336;24898;
17561844;24878;
17562352;24843;
17562861;24828;
17563369;24833;
17563878;24845;
17564386;24861;
17564895;24895;
17565403;24900;
17565912;24884;
17566420;24899;
17566929;24901;
17567437;24892;
17567946;24902;
17568454;24906;
17568962;24897;
17569471;24919;
17569979;24910;
17570488;24911;
17570996;24900;
17571505;24871;
17572013;24882;
17572522;24886;
17573030;24902;
17573539;24926;
17574047;24934;
17574556;24940;
17575064;24956;
17575573;24996;
17576081;25017;
17576590;25049;
17577098;25063;
17577607;25105;
17578115;25131;
17578624;25143;
17579132;25167;
17579641;25183;
17580149;25211;
17580657;25222;
17581166;25232;
17581674;25238;
17582183;25238;
17582691;25235;
17583200;25243;
17583708;25243;
17584217;25243;
17584725;25237;
17585234;25235;
17585742;25239;
17586251;25254;
17586759;25256;
17587268;25247;
17587776;25273;
17588285;25306;
17588793;25333;
17589302;25357;
17589810;25359;
17590319;25343;
17590827;25336;
17591336;25317;
17591844;25293;
17592353;25297;
17592861;25296;
17593369;25334;
17593878;25368;
17594386;25376;
17594895;25369;
17595403;25388;
17595912;25400;
17596420;25406;
17596929;25403;
17597437;25395;
17597946;25384;
17598454;25383;
17598963;25364;
17599471;25348;
17599980;25312;
17600488;25278;
17600997;25274;
17601505;25269;
17602014;25267;
17602522;25279;
17603030;25283;
17603539;25270;
17604047;25261;
17604556;25285;
17605064;25302;
17605573;25301;
17606081;25296;
17606590;25276;
17607098;25263;
17607607;25243;
17608115;25209;
17608624;25192;
17609132;25170;
17609641;25163;
17610149;25111;
17610658;25134;
17611166;25141;
17611675;25128;
17612183;25121;
17612691;25096;
17613200;25067;
17613708;25060;
17614217;25053;
17614725;25020;
17615234;25012;
17615742;25006;
17616251;25006;
17616759;24991;
17617268;24968;
17617776;24949;
17618285;24940;
17618793;24932;
17619301;24913;
17619810;24881;
17620318;24900;
17620827;24924;
17621335;24947;
17621844;24967;
17622352;24942;
17622861;25024;
17623369;25086;
17623877;25060;
17624386;25022;
17624894;24999;
17625403;24967;
17625911;24956;
17626420;24901;
17626928;24820;
17627437;24815;
17627945;24830;
17628454;24860;
17628962;24897;
17629471;24896;
17629979;24880;
17630487;24892;
17630996;24879;
17631504;24877;
17632013;24914;
17632521;24899;
17633030;24902;
17633538;24871;
17634047;24855;
17634555;24862;
17635064;24860;
17635572;24868;
17636081;24885;
17636589;24901;
17637098;24888;
17637606;24902;
17638115;24938;
17638623;24957;
17639132;25027;
17639640;25034;
17640149;25071;
17640657;25098;
17641166;25112;
17641674;25115;
17642183;25116;
17642691;25162;
17643200;25165;
17643708;25179;
17644217;25194;
17644725;25200;
17645233;25210;
17645742;25236;
17646250;25227;
17646759;25221;
17647268;25235;
17647776;25231;
17648285;25228;
17648793;25251;
17649302;25263;
17649810;25240;
17650319;25249;
17650827;25259;
17651336;25276;
17651844;25277;
17652353;25280;
17652861;25286;
17653370;25283;
17653878;25289;
17654387;25331;
17654895;25347;
17655404;25335;
17655912;25331;
17656421;25323;
17656929;25316;
17657438;25313;
17657946;25324;
17658455;25337;
17658963;25369;
17659472;25380;
17659980;25406;
17660489;25425;
17660997;25436;
17661505;25439;
17662014;25422;
17662522;25426;
17663031;25413;
17663539;25416;
17664048;25391;
17664556;25388;
17665065;25379;
17665573;25367;
17666082;25369;
17666590;25352;
17667099;25346;
17667607;25333;
17668116;25321;
17668624;25305;
17669133;25288;
17669641;25271;
17670150;25257;
17670658;25261;
17671166;25252;
17671675;25241;
17672183;25257;
17672692;25262;
17673200;25275;
17673709;25269;
17674217;25270;
17674726;25267;
17675234;25265;
17675743;25262;
17676251;25278;
17676760;25258;
17677268;25269;
17677777;25272;
17678285;25271;
17678794;25260;
17679302;25245;
17679810;25230;
17680319;25231;
17680827;25210;
17681336;25209;
17681844;25195;
17682353;25175;
17682861;25149;
17683370;25141;
17683878;25140;
17684387;25138;
17684895;25097;
17685404;25072;
17685912;25117;
17686421;25099;
17686929;25064;
17687438;25034;
17687946;25023;
17688455;25015;
17688963;24988;
17689471;24970;
17689980;24978;
17690488;24980;
17690997;24963;
17691505;24959;
17692014;24952;
17692522;24949;
17693031;24946;
17693539;24924;
17694048;24936;
17694556;24930;
17695065;24909;
17695573;24918;
17696082;24924;
17696590;24945;
17697099;24881;
17697607;24988;
17698116;25042;
17698624;25019;
17699133;25011;
17699641;24962;
17700150;24886;
17700658;24842;
17701167;24836;
17701675;24834;
17702183;24834;
17702692;24820;
17703200;24819;
17703709;24853;
17704217;24855;
17704726;24873;
17705234;24880;
17705743;24868;
17706251;24851;
17706760;24849;
17707268;24847;
17707777;24864;
17708285;24905;
17708794;24910;
17709302;24876;
17709811;24886;
17710319;24894;
17710828;24877;
17711336;24861;
17711845;24849;
17712353;24845;
17712862;24879;
17713370;24896;
17713878;24880;
17714387;24916;
17714895;24956;
17715404;24985;
17715912;25034;
17716421;25052;
17716929;25071;
17717438;25114;
17717946;25119;
17718455;25131;
17718963;25156;
17719472;25175;
17719980;25177;
17720489;25183;
17720997;25187;
17721506;25221;
17722014;25220;
17722523;25210;
17723031;25197;
17723540;25209;
17724048;25225;
17724557;25225;
17725065;25222;
17725574;25209;
17726082;25218;
17726590;25224;
17727099;25222;
17727607;25235;
17728116;25243;
17728624;25235;
17729133;25247;
17729641;25254;
17730150;25286;
17730658;25290;
17731167;25299;
17731675;25292;
17732184;25289;
17732692;25320;
17733201;25314;
17733709;25309;
17734218;25300;
17734726;25293;
17735235;25290;
17735743;25295;
17736251;25309;
17736760;25335;
17737268;25342;
17737777;25369;
17738286;25386;
17738794;25395;
17739302;25410;
17739811;25414;
17740319;25421;
17740828;25420;
17741336;25398;
17741845;25381;
17742353;25381;
17742862;25361;
17743370;25339;
17743879;25353;
17744388;25347;
17744896;25329;
17745404;25298;
17745913;25277;
17746421;25262;
17746930;25255;
17747438;25254;
17747947;25280;
17748455;25277;
17748964;25283;
17749472;25305;
17749981;25290;
17750489;25271;
17750998;25256;
17751506;25230;
17752015;25230;
17752523;25215;
17753032;25200;
17753540;25172;
17754049;25176;
17754557;25152;
17755066;25173;
17755574;25161;
17756083;25137;
17756591;25105;
17757099;25071;
17757608;25057;
17758116;25028;
17758625;25013;
17759133;24998;
17759642;24984;
17760150;24976;
17760659;24964;
17761167;24950;
17761676;24950;
17762184;24943;
17762693;24936;
17763201;24919;
17763710;24932;
17764218;24947;
17764727;25004;
17765235;25039;
17765744;25043;
17766252;25030;
17766761;24993;
17767269;24922;
17767777;24904;
17768286;24870;
17768794;24817;
17769303;24821;
17769811;24853;
17770320;24873;
17770828;24890;
17771337;24878;
17771845;24884;
17772354;24901;
17772862;24903;
17773370;24909;
17773879;24925;
17774387;24909;
17774896;24873;
17775404;24865;
17775913;24878;
17776421;24891;
17776930;24921;
17777438;24932;
17777947;24956;
17778455;24974;
17778964;25019;
17779472;25046;
17779980;25074;
17780489;25095;
17780997;25106;
17781506;25153;
17782014;25167;
17782523;25186;
17783031;25201;
17783540;25229;
17784048;25229;
17784557;25238;
17785065;25240;
17785573;25247;
17786082;25252;
17786590;25251;
17787099;25246;
17787607;25235;
17788116;25243;
17788624;25246;
17789133;25257;
17789641;25265;
17790150;25289;
17790658;25293;
17791167;25307;
17791675;25316;
17792184;25334;
17792692;25343;
17793201;25328;
17793709;25308;
17794218;25300;
17794726;25304;
17795234;25315;
17795743;25343;
17796251;25363;
17796760;25370;
17797268;25374;
17797777;25412;
17798285;25417;
17798794;25411;
17799302;25384;
17799811;25366;
17800319;25372;
17800828;25366;
17801336;25354;
17801845;25344;
17802353;25337;
17802861;25334;
17803370;25317;
17803878;25310;
17804387;25297;
17804895;25282;
17805404;25284;
17805912;25275;
17806421;25265;
17806929;25290;
17807437;25301;
17807946;25279;
17808454;25281;
17808963;25295;
17809471;25310;
17809980;25306;
17810488;25291;
17810997;25270;
17811505;25245;
17812014;25256;
17812522;25244;
17813031;25221;
17813539;25198;
17814047;25191;
17814556;25140;
17815064;25080;
17815573;25120;
17816081;25137;
17816590;25151;
17817098;25135;
17817606;25124;
17818115;25094;
17818623;25056;
17819132;25030;
17819640;25012;
17820149;24997;
17820657;24989;
17821166;24963;
17821674;24970;
17822182;24956;
17822691;24955;
17823199;24947;
17823708;24937;
17824216;24935;
17824725;24925;
17825233;24921;
17825742;24931;
17826250;24968;
17826758;24972;
17827267;24974;
17827775;25017;
17828284;25055;
17828792;25038;
17829301;25035;
17829809;25002;
17830317;24970;
17830826;24914;
17831334;24847;
17831843;24842;
17832351;24858;
17832860;24887;
17833368;24904;
17833877;24911;
17834385;24914;
17834894;24873;
17835402;24907;
17835910;24891;
17836419;24887;
17836927;24907;
17837436;24892;
17837944;24914;
17838453;24912;
17838961;24921;
17839470;24913;
17839978;24902;
17840487;24907;
17840995;24898;
17841504;24881;
17842012;24872;
17842521;24927;
17843029;24939;
17843537;24952;
17844046;24988;
17844554;25016;
17845063;25053;
17845571;25068;
17846079;25104;
17846588;25128;
17847096;25140;
17847605;25166;
17848113;25169;
17848622;25172;
17849130;25192;
17849639;25218;
17850147;25235;
17850655;25233;
17851164;25237;
17851672;25249;
17852181;25247;
17852689;25240;
17853198;25247;
17853706;25244;
17854214;25233;
17854723;25251;
17855231;25249;
17855740;25264;
17856248;25269;
17856757;25261;
17857265;25258;
17857773;25258;
17858282;25269;
17858790;25270;
17859299;25283;
17859807;25299;
17860316;25302;
17860824;25320;
17861332;25332;
17861841;25327;
17862349;25333;
17862858;25323;
17863366;25307;
17863874;25308;
17864383;25306;
17864891;25302;
17865400;25307;
17865908;25310;
17866416;25315;
17866925;25324;
17867433;25344;
17867942;25346;
17868450;25361;
17868959;25369;
17869467;25388;
17869975;25397;
