10762819;7940;
10763328;8064;
10763836;8050;
10764345;8040;
10764854;8050;
10765363;8052;
10765872;8051;
10766380;8028;
10766889;7987;
10767398;7987;
10767907;7973;
10768415;7966;
10768924;7991;
10769433;8016;
10769942;7997;
10770451;7775;
10770959;7844;
10771468;7880;
10771977;7881;
10772486;7917;
10772994;7912;
10773503;7895;
10774012;7932;
10774521;7905;
10775030;7913;
10775538;7811;
10776047;7744;
10776556;7680;
10777065;7643;
10777573;7696;
10778082;7728;
10778591;7565;
10779100;7555;
10779609;7575;
10780117;7488;
10780626;7467;
10781135;7415;
10781644;7389;
10782153;7416;
10782662;7349;
10783170;7163;
10783679;7266;
10784188;7410;
10784697;7501;
10785206;7511;
10785714;7432;
10786223;7410;
10786732;7396;
10787241;7318;
10787750;7264;
10788258;7264;
10788767;7238;
10789276;7246;
10789785;7212;
10790293;7220;
10790802;7269;
10791311;7238;
10791820;7222;
10792329;7177;
10792837;7136;
10793346;7143;
10793855;7099;
10794364;7171;
10794873;7267;
10795381;7227;
10795890;7236;
10796399;7175;
10796908;7078;
10797417;7055;
10797925;7224;
10798434;7244;
10798943;7380;
10799452;7592;
10799961;7795;
10800469;7920;
10800978;7863;
10801487;7729;
10801996;7636;
10802505;7610;
10803013;7642;
10803522;7825;
10804031;7934;
10804540;7845;
10805048;7695;
10805557;7710;
10806066;7734;
10806575;7762;
10807084;7839;
10807592;8063;
10808101;8121;
10808610;7973;
10809119;7937;
10809627;7923;
10810136;7670;
10810645;7032;
10811154;6952;
10811663;6912;
10812171;7234;
10812680;7711;
10813189;7843;
10813698;7883;
10814207;7943;
10814715;7964;
10815224;7790;
10815733;7779;
10816242;7895;
10816751;7812;
10817259;7712;
10817768;7687;
10818277;7714;
10818786;7657;
10819295;7805;
10819803;7828;
10820312;7851;
10820821;7808;
10821330;7748;
10821839;7787;
10822347;7840;
10822856;7912;
10823365;7888;
10823874;7847;
10824382;7759;
10824891;7766;
10825400;7895;
10825909;8048;
10826418;7998;
10826926;7995;
10827435;7908;
10827944;8042;
10828453;8052;
10828961;8059;
10829470;8055;
10829979;8115;
10830488;8022;
10830996;7978;
10831505;7873;
10832014;7784;
10832523;7798;
10833031;7749;
10833540;7773;
10834049;7731;
10834558;7796;
10835067;7898;
10835575;7868;
10836084;7798;
10836593;7862;
10837102;7849;
10837611;7770;
10838119;7743;
10838628;7819;
10839137;7810;
10839646;7816;
10840155;7778;
10840663;7778;
10841172;7863;
10841681;7764;
10842190;7929;
10842699;7901;
10843207;7838;
10843716;7948;
10844225;8028;
10844734;8035;
10845242;7936;
10845751;8006;
10846260;7999;
10846769;7995;
10847277;7957;
10847786;7859;
10848295;7729;
10848804;7722;
10849313;7617;
10849821;7615;
10850330;7664;
10850839;7729;
10851348;7719;
10851857;7722;
10852365;7615;
10852874;7603;
10853383;7622;
10853892;7574;
10854401;7551;
10854909;7539;
10855418;7499;
10855927;7490;
10856436;7491;
10856945;7463;
10857453;7541;
10857962;7555;
10858471;7359;
10858980;7273;
10859488;7438;
10859997;7507;
10860506;7516;
10861015;7532;
10861524;7561;
10862032;7563;
10862541;7476;
10863050;7492;
10863559;7544;
10864068;7548;
10864576;7617;
10865085;7653;
10865594;7644;
10866103;7634;
10866611;7605;
10867120;7587;
10867629;7506;
10868138;7411;
10868647;7468;
10869155;7497;
10869664;7477;
10870173;7475;
10870682;7537;
10871191;7448;
10871699;7411;
10872208;7467;
10872717;7463;
10873226;7379;
10873734;7305;
10874243;7293;
10874752;7256;
10875261;7333;
10875770;7324;
10876278;7333;
10876787;7173;
10877296;7289;
10877805;7430;
10878313;7344;
10878822;7194;
10879331;7168;
10879840;7191;
10880349;7182;
10880857;7135;
10881366;7164;
10881875;7166;
10882384;7268;
10882893;7256;
10883401;7268;
10883910;7418;
10884419;7523;
10884928;7516;
10885436;7564;
10885945;7742;
10886454;7854;
10886963;8045;
10887472;8059;
10887980;8031;
10888489;7986;
10888998;7901;
10889507;7822;
10890015;7753;
10890524;7729;
10891033;7689;
10891542;7713;
10892050;7665;
10892559;7663;
10893068;7648;
10893577;7590;
10894085;7638;
10894594;7709;
10895103;7733;
10895612;7763;
10896121;8050;
10896629;8010;
10897138;7763;
10897647;7789;
10898156;7813;
10898664;7810;
10899173;7787;
10899682;7825;
10900191;7875;
10900700;7886;
10901208;7866;
10901717;7875;
10902226;7966;
10902735;8008;
10903243;8167;
10903752;8208;
10904261;8235;
10904770;8114;
10905279;8060;
10905787;7974;
10906296;7921;
10906805;7849;
10907314;7629;
10907823;7191;
10908331;6932;
10908840;6838;
10909349;6805;
10909858;6820;
10910366;6842;
10910875;6916;
10911384;6976;
10911893;7169;
10912402;7412;
10912910;7443;
10913419;7556;
10913928;7573;
10914437;7587;
10914945;7643;
10915454;7708;
10915963;7758;
10916472;7727;
10916981;7755;
10917489;7736;
10917998;7783;
10918507;7899;
10919016;8048;
10919524;8026;
10920033;8011;
10920542;7987;
10921051;7944;
10921559;7899;
10922068;7852;
10922577;7877;
10923086;7888;
10923594;7744;
10924103;7726;
10924612;7747;
10925121;7758;
10925629;7755;
10926138;7764;
10926647;7746;
10927156;7743;
10927664;7764;
10928173;7800;
10928682;7820;
10929191;7853;
10929699;7861;
10930208;7869;
10930717;7899;
10931226;7934;
10931734;7847;
10932243;7709;
10932752;7740;
10933261;7799;
10933769;7808;
10934278;7767;
10934787;7802;
10935296;7851;
10935805;7828;
10936313;8050;
10936822;8126;
10937331;8114;
10937840;7944;
10938348;7943;
10938857;7783;
10939366;7794;
10939875;7820;
10940383;7892;
10940892;7974;
10941401;8067;
10941910;8128;
10942418;8110;
10942927;8111;
10943436;8132;
10943945;8070;
10944453;8068;
10944962;8082;
10945471;8045;
10945980;8038;
10946489;8040;
10946997;7922;
10947506;7870;
10948015;7933;
10948524;7982;
10949032;7911;
10949541;7965;
10950050;8018;
10950559;7897;
10951067;7906;
10951576;7912;
10952085;7900;
10952594;8031;
10953102;8082;
10953611;8021;
10954120;7852;
10954629;7797;
10955138;7809;
10955646;7847;
10956155;7767;
10956664;7795;
10957173;7805;
10957681;7811;
10958190;7820;
10958699;7704;
10959208;7763;
10959716;7963;
10960225;7908;
10960734;7836;
10961243;7781;
10961751;7845;
10962260;7781;
10962769;7744;
10963278;7852;
10963787;7852;
10964295;7862;
10964804;7812;
10965313;7761;
10965822;7705;
10966330;7668;
10966839;7654;
10967348;7618;
10967857;7555;
10968365;7581;
10968874;7579;
10969383;7572;
10969892;7565;
10970401;7453;
10970909;7254;
10971418;7337;
10971927;7420;
10972436;7513;
10972945;7473;
10973453;7596;
10973962;7602;
10974471;7686;
10974980;7583;
10975489;7585;
10975997;7366;
10976506;7384;
10977015;7282;
10977524;7264;
10978032;7307;
10978541;7283;
10979050;7338;
10979559;7270;
10980068;7185;
10980576;7128;
10981085;7151;
10981594;7148;
10982103;7193;
10982612;7219;
10983120;7222;
10983629;7199;
10984138;7180;
10984647;7140;
10985156;7098;
10985664;7117;
10986173;7207;
10986682;7182;
10987191;7375;
10987699;7457;
10988208;7533;
10988717;7665;
10989226;7765;
10989735;7925;
10990243;7941;
10990752;7860;
10991261;7792;
10991770;7690;
10992278;7667;
10992787;7727;
10993296;7816;
10993805;7948;
10994314;8046;
10994822;8006;
10995331;7911;
10995840;7891;
10996349;7909;
10996857;7996;
10997366;7950;
10997875;7875;
10998384;7904;
10998893;7957;
10999401;8029;
10999910;8043;
11000419;8056;
11000928;8013;
11001436;7652;
11001945;7086;
11002454;6914;
11002963;6862;
11003472;7089;
11003980;7315;
11004489;7688;
11004998;7917;
11005507;7961;
11006015;7999;
11006524;7932;
15588572;7758;
15589081;7780;
15589590;7824;
15590099;7942;
15590608;7876;
15591117;7829;
15591626;7750;
15592135;7755;
15592644;7829;
15593153;7911;
15593662;7889;
15594171;7878;
15594680;7878;
15595189;7858;
15595698;7868;
15596207;7843;
15596716;7752;
15597225;7648;
15597734;7793;
15598243;7789;
15598752;7703;
15599261;7649;
15599770;7783;
15600279;7841;
15600788;7844;
15601296;7875;
15601805;7936;
15602314;8015;
15602823;8064;
15603332;8114;
15603841;8087;
15604350;8049;
15604859;8008;
15605368;7953;
15605877;7906;
15606386;7836;
15606895;7791;
15607404;7793;
15607913;7810;
15608422;7810;
15608931;7815;
15609440;7825;
15609949;7843;
15610458;7866;
15610967;7895;
15611476;7907;
15611985;7922;
15612494;7921;
15613003;7899;
15613512;7884;
15614021;7876;
15614530;7865;
15615039;7829;
15615548;7811;
15616057;7787;
15616566;7790;
15617075;7755;
15617584;7726;
15618093;7724;
15618602;7703;
15619111;7671;
15619620;7659;
15620129;7632;
15620638;7637;
15621147;7605;
15621656;7582;
15622165;7601;
15622674;7597;
15623183;7577;
15623692;7528;
15624201;7603;
15624710;7597;
15625219;7620;
15625728;7628;
15626237;7612;
15626746;7607;
15627255;7609;
15627764;7595;
15628273;7604;
15628782;7621;
15629291;7606;
15629800;7634;
15630309;7646;
15630818;7657;
15631327;7683;
15631836;7739;
15632345;7699;
15632854;7717;
15633363;7623;
15633872;7607;
15634381;7723;
15634890;7787;
15635399;7879;
15635908;7855;
15636417;7846;
15636926;7825;
15637435;7828;
15637944;7831;
15638453;7862;
15638962;7848;
15639471;7817;
15639980;7809;
15640489;7801;
15640998;7781;
15641507;7712;
15642016;7689;
15642525;7665;
15643034;7609;
15643543;7586;
15644052;7544;
15644561;7510;
15645070;7456;
15645579;7439;
15646088;7425;
15646597;7405;
15647106;7373;
15647615;7363;
15648124;7310;
15648633;7301;
15649142;7309;
15649651;7341;
15650160;7332;
15650669;7258;
15651178;7188;
15651687;7228;
15652196;7288;
15652705;7373;
15653214;7406;
15653723;7440;
15654232;7412;
15654741;7486;
15655250;7575;
15655759;7397;
15656268;7489;
15656777;7487;
15657286;7490;
15657795;7500;
15658304;7499;
15658813;7490;
15659322;7507;
15659831;7476;
15660340;7487;
15660849;7463;
15661358;7472;
15661867;7475;
15662376;7426;
15662885;7452;
15663394;7471;
15663903;7477;
15664412;7449;
15664921;7424;
15665430;7406;
15665939;7404;
15666448;7401;
15666957;7388;
15667466;7375;
15667975;7398;
15668484;7422;
15668993;7408;
15669502;7392;
15670011;7374;
15670520;7343;
15671029;7328;
15671539;7314;
15672048;7301;
15672557;7283;
15673066;7303;
15673575;7324;
15674084;7347;
15674593;7352;
15675102;7385;
15675611;7422;
15676120;7476;
15676629;7545;
15677138;7566;
15677647;7565;
15678156;7565;
15678665;7568;
15679174;7572;
15679683;7595;
15680192;7634;
15680701;7712;
15681210;7762;
15681719;7872;
15682228;8002;
15682737;8015;
15683246;7944;
15683755;7818;
15684264;7729;
15684773;7688;
15685282;7660;
15685791;7657;
15686301;7629;
15686810;7702;
15687319;7778;
15687828;7927;
15688337;7967;
15688846;7980;
15689355;8029;
15689864;8041;
15690373;8045;
15690882;8052;
15691391;8056;
15691900;8062;
15692409;8081;
15692918;8138;
15693427;8154;
15693936;8183;
15694445;8191;
15694954;8214;
15695463;8245;
15695972;8277;
15696481;8305;
15696990;8313;
15697499;8324;
15698008;8334;
15698517;8323;
15699026;8292;
15699535;8130;
15700044;7860;
15700553;7701;
15701062;7537;
15701571;7386;
15702080;7293;
15702589;7185;
15703098;7109;
15703607;7054;
15704116;7048;
15704625;7077;
15705134;7175;
15705643;7278;
15706152;7514;
15706661;7619;
15707170;7743;
15707679;7833;
15708188;7875;
15708697;7896;
15709206;7901;
15709715;7927;
15710224;7964;
15710733;7957;
15711242;7957;
15711751;7945;
15712260;7934;
15712769;7929;
15713278;7913;
15713787;7950;
15714296;7948;
15714805;7973;
15715314;7948;
15715823;7957;
15716332;7959;
15716841;7968;
15717350;7950;
15717859;7991;
15718368;7990;
15718877;7961;
15719386;7936;
15719895;7923;
15720404;7916;
15720913;7941;
15721422;7943;
15721931;7924;
15722440;7902;
15722949;7872;
15723458;7865;
15723967;7889;
15724476;7905;
15724985;7880;
15725494;7870;
15726003;7913;
15726512;7987;
15727021;8043;
15727530;8104;
15728039;8094;
15728548;8026;
15729057;7955;
15729566;7863;
15730075;7801;
15730584;7781;
15731093;7773;
15731602;7790;
15732111;7816;
15732620;7815;
15733129;7827;
15733638;7858;
15734147;7889;
15734656;7911;
15735165;7889;
15735674;7844;
15736183;7808;
15736691;7778;
15737200;7738;
15737709;7724;
15738218;7678;
15738727;7635;
15739236;7598;
15739745;7585;
15740254;7577;
15740763;7586;
15741272;7578;
15741781;7581;
15742290;7605;
15742799;7600;
15743308;7598;
15743817;7590;
15744326;7569;
15744835;7588;
15745344;7605;
15745853;7603;
15746362;7611;
15746871;7636;
15747380;7674;
15747889;7661;
15748398;7709;
15748907;7808;
15749416;7869;
15749925;7869;
15750434;7892;
15750943;7931;
15751452;7914;
15751961;7895;
15752470;7890;
15752979;7900;
15753488;7875;
15753997;7844;
15754506;7834;
15755015;7771;
15755524;7698;
15756033;7543;
15756542;7462;
15757051;7428;
15757560;7421;
15758069;7417;
15758578;7401;
15759087;7379;
15759596;7355;
15760105;7342;
15760614;7337;
15761123;7316;
15761632;7319;
15762141;7301;
15762650;7336;
15763159;7341;
15763668;7350;
15764177;7348;
15764686;7281;
15765195;7193;
15765704;7207;
15766213;7269;
15766722;7307;
15767231;7313;
15767740;7333;
15768249;7406;
15768758;7393;
15769267;7408;
15769776;7416;
15770285;7468;
15770794;7515;
15771303;7529;
15771812;7499;
15772321;7492;
15772830;7478;
15773339;7488;
15773848;7490;
15774357;7483;
15774866;7488;
15775375;7494;
15775884;7445;
15776393;7443;
15776902;7452;
15777411;7396;
15777920;7383;
15778429;7430;
15778938;7471;
15779447;7455;
15779956;7418;
15780465;7400;
15780974;7394;
15781483;7397;
15781992;7379;
15782501;7361;
15783010;7423;
15783519;7404;
15784028;7394;
15784537;7379;
15785046;7338;
15785555;7339;
15786064;7259;
15786573;7282;
15787082;7323;
15787591;7350;
15788100;7337;
15788609;7339;
15789118;7377;
15789627;7431;
15790136;7499;
15790645;7737;
15791154;7908;
15791663;7979;
15792172;7953;
15792681;7856;
15793190;7784;
15793699;7725;
15794208;7681;
15794717;7627;
15795226;7643;
15795735;7675;
15796244;7750;
15796753;7847;
15797262;7919;
15797771;7946;
15798280;7940;
15798789;7942;
15799298;7984;
15799807;8010;
15800316;8012;
15800825;8019;
15801334;8026;
15801843;8031;
15802352;8162;
15802861;8006;
15803370;8239;
15803879;8312;
15804388;8284;
15804897;8259;
15805406;8194;
15805915;8120;
15806424;8061;
15806933;7820;
15807442;7199;
15807951;7081;
15808459;7056;
15808968;7137;
15809477;7225;
15809986;7320;
15810495;7587;
15811004;7822;
15811513;7815;
15812022;7833;
15812531;7882;
15813040;7922;
15813549;7928;
15814058;7929;
15814567;7918;
15815076;7910;
15815585;7902;
15816094;7878;
15816603;7905;
15817112;7924;
15817621;7909;
15818130;7909;
15818639;7946;
15819148;7959;
15819657;7968;
15820166;7950;
15820675;7908;
15821184;7885;
15821693;7896;
15822202;7902;
15822711;7912;
15823220;7920;
15823729;7889;
15824238;7841;
15824747;7824;
15825256;7792;
15825765;7864;
15826274;7857;
15826783;7876;
15827292;8008;
15827801;8070;
15828310;8109;
15828819;8053;
15829328;7990;
15829837;7924;
