8869470;15750;
8869978;15641;
8870487;15599;
8870995;15658;
8871504;15663;
8872012;15762;
8872521;15746;
8873029;15714;
8873538;15704;
8874046;15585;
8874555;15537;
8875063;15362;
8875572;15312;
8876080;15245;
8876588;15157;
8877097;15182;
8877605;15277;
8878114;15284;
8878622;15143;
8879131;15143;
8879639;15267;
8880148;15305;
8880656;15337;
8881165;15277;
8881673;15291;
8882182;15281;
8882690;15284;
8883199;15287;
8883707;15320;
8884216;15386;
8884724;15432;
8885233;15460;
8885741;15566;
8886249;15574;
8886758;15516;
8887266;15476;
8887775;15425;
8888283;15465;
8888792;15459;
8889300;15469;
8889809;15507;
8890317;15616;
8890826;15745;
8891334;15739;
8891843;15707;
8892351;15691;
8892860;15706;
8893368;15727;
8893877;15752;
8894385;15743;
8894894;15723;
8895402;15733;
8895911;15747;
8896419;15723;
8896928;15652;
8897436;15645;
8897945;15602;
8898453;15596;
8898962;15591;
8899470;15589;
8899979;15574;
8900487;15614;
8900995;15626;
8901504;15647;
8902013;15599;
8902521;15603;
8903030;15683;
8903538;15669;
8904047;15663;
8904555;15663;
8905064;15628;
8905572;15609;
8906081;15606;
8906589;15624;
8907098;15613;
8907606;15590;
8908115;15605;
8908623;15616;
8909132;15556;
8909640;15542;
8910149;15577;
8910657;15559;
8911166;15466;
8911674;15493;
8912183;15462;
8912691;15393;
8913200;15426;
8913708;15369;
8914217;15374;
8914725;15377;
8915234;15468;
8915742;15449;
8916251;15379;
8916759;15375;
8917268;15429;
8917776;15625;
8918285;15609;
8918793;15531;
8919302;15551;
8919810;15563;
8920319;15555;
8920827;15528;
8921336;15490;
8921844;15478;
8922353;15535;
8922861;15577;
8923370;15599;
8923878;15634;
8924387;15699;
8924895;15723;
8925404;15754;
8925912;15823;
8926421;15843;
8926929;15828;
8927438;15760;
8927946;15736;
8928455;15755;
8928964;15802;
8929472;15903;
8929981;15876;
8930489;15910;
8930998;15905;
8931506;15896;
8932015;15792;
8932523;15740;
8933032;15747;
8933540;15732;
8934049;15769;
8934557;15771;
8935066;15724;
8935574;15659;
8936083;15702;
8936591;15708;
8937100;15753;
8937608;15774;
8938117;15771;
8938625;15788;
8939134;15747;
8939642;15707;
8940151;15768;
8940659;15763;
8941168;15747;
8941676;15744;
8942185;15723;
8942693;15764;
8943202;15716;
8943710;15749;
8944219;15753;
8944727;15742;
8945236;15706;
8945744;15693;
8946253;15680;
8946761;15680;
8947270;15800;
8947778;15822;
8948287;15824;
8948795;15921;
8949304;15965;
8949812;15943;
8950321;15941;
8950829;15986;
8951338;15975;
8951846;15990;
8952355;15940;
8952863;15957;
8953372;15993;
8953880;16032;
8954389;16022;
8954897;16028;
8955406;16008;
8955914;16001;
8956423;16008;
8956931;16028;
8957440;16005;
8957948;16011;
8958457;16041;
8958965;16042;
8959474;16049;
8959982;16061;
8960491;16020;
8960999;16015;
8961508;16008;
8962016;16045;
8962525;16029;
8963033;15975;
8963542;15983;
8964050;15970;
8964559;15907;
8965067;15917;
8965576;15923;
8966084;15859;
8966593;15815;
8967101;15805;
8967610;15739;
8968118;15746;
8968627;15793;
8969135;15791;
8969644;15760;
8970152;15647;
8970661;15706;
8971169;15746;
8971678;15910;
8972186;15946;
8972695;15968;
8973203;15951;
8973712;15904;
8974220;15901;
8974729;15924;
8975237;15908;
8975746;15927;
8976254;15873;
8976763;15903;
8977272;15923;
8977780;15947;
8978289;15948;
8978797;15961;
8979306;15960;
8979814;15965;
8980323;15963;
8980831;15945;
8981340;15961;
8981848;15955;
8982357;15920;
8982865;15894;
8983374;15892;
8983882;15898;
8984391;15888;
8984899;15900;
8985408;15900;
8985916;15908;
8986425;15902;
8986933;15893;
8987442;15898;
8987950;15898;
8988459;15897;
8988967;15873;
8989476;15868;
8989984;15852;
8990493;15805;
8991001;15807;
8991510;15813;
8992018;15783;
8992527;15776;
8993035;15757;
8993544;15724;
8994052;15663;
8994561;15622;
8995069;15664;
8995578;15601;
8996086;15522;
8996595;15521;
8997103;15455;
8997612;15291;
8998120;15362;
8998629;15371;
8999137;15347;
8999646;15374;
9000154;15399;
9000663;15458;
9001171;15430;
9001680;15466;
9002188;15459;
9002697;15482;
9003205;15505;
9003714;15534;
9004222;15533;
9004731;15526;
9005239;15503;
9005748;15502;
9006256;15539;
9006765;15586;
9007273;15549;
9007782;15588;
9008290;15573;
9008799;15780;
9009307;15777;
9009816;15753;
9010324;15759;
9010833;15752;
9011341;15779;
9011850;15828;
9012358;15822;
9012867;15844;
9013375;15841;
9013884;15824;
9014392;15830;
9014901;15824;
9015409;15791;
9015918;15803;
9016426;15815;
9016935;15780;
9017443;15799;
9017952;15797;
9018460;15766;
9018969;15737;
9019477;15740;
9019986;15736;
9020494;15767;
9021003;15682;
9021511;15676;
9022020;15670;
9022528;15660;
9023037;15617;
9023545;15626;
9024054;15632;
9024562;15680;
9025071;15678;
9025579;15655;
9026088;15686;
9026596;15758;
9027105;15750;
9027613;15745;
9028122;15742;
9028630;15745;
9029139;15725;
9029647;15703;
9030156;15704;
9030664;15662;
9031173;15693;
9031681;15723;
9032190;15683;
9032698;15696;
9033207;15672;
9033715;15722;
9034224;15753;
9034732;15749;
9035241;15770;
9035749;15797;
9036258;15807;
9036766;15783;
9037275;15741;
9037783;15750;
9038292;15826;
9038800;15795;
9039309;15741;
9039817;15701;
9040326;15699;
9040834;15665;
9041343;15674;
9041851;15666;
9042360;15645;
9042868;15583;
9043377;15558;
9043885;15579;
9044394;15581;
9044902;15610;
9045411;15643;
9045919;15725;
9046428;15721;
9046936;15736;
9047445;15775;
9047953;15822;
9048461;15873;
9048970;15890;
9049478;15878;
9049987;15879;
9050495;15865;
9051004;15884;
9051512;15875;
9052021;15871;
9052529;15876;
9053038;15875;
9053546;15866;
9054055;15873;
9054563;15931;
9055071;15939;
9055580;15934;
9056088;15954;
9056597;15908;
9057105;15902;
9057614;15909;
9058122;15907;
9058631;15838;
9059139;15816;
9059648;15908;
9060156;15899;
9060665;15912;
9061173;15929;
9061682;15960;
9062190;15965;
9062699;15982;
9063207;15982;
9063716;15961;
9064224;15942;
9064733;15992;
9065241;16000;
9065750;15981;
9066258;16019;
9066766;16004;
9067275;16026;
9067783;16024;
9068292;15951;
9068800;15908;
9069309;15877;
9069817;15881;
9070326;15919;
9070834;16003;
9071343;15942;
9071851;15922;
9072360;15882;
9072868;15949;
9073377;15940;
9073885;15978;
9074394;16145;
9074902;16151;
9075411;16118;
9075919;16097;
9076428;16075;
9076936;16062;
9077445;15982;
9077953;15912;
9078462;15877;
9078970;15885;
9079479;15814;
9079987;15802;
9080496;15819;
9081004;15859;
9081513;15884;
9082021;15922;
9082529;15896;
9083038;15831;
9083546;15799;
9084055;15812;
9084563;15837;
9085072;15923;
9085580;15952;
9086089;15938;
9086597;15948;
9087106;15949;
9087614;15936;
9088123;15951;
9088631;15930;
9089140;15932;
9089648;15918;
9090157;15921;
9090665;15893;
9091174;15929;
9091682;15929;
9092191;15937;
9092699;15953;
9093208;15949;
9093716;15949;
9094224;15939;
9094733;15891;
9095241;15891;
9095750;15904;
9096258;15818;
9096767;15878;
9097275;15898;
9097784;15902;
9098292;15911;
9098801;15896;
9099309;15837;
9099818;15864;
9100326;15874;
9100835;15856;
9101343;15750;
9101852;15791;
9102360;15792;
9102869;15755;
9103377;15737;
9103886;15701;
9104394;15688;
9104903;15642;
9105411;15645;
9105920;15622;
9106428;15564;
9106937;15552;
9107445;15539;
9107954;15510;
9108462;15460;
9108970;15382;
9109479;15360;
9109987;15357;
9110496;15347;
9111004;15358;
9111513;15353;
9112021;15370;
9112530;15442;
9113038;15443;
9113546;15502;
9114055;15521;
14705935;15460;
14706444;15479;
14706953;15498;
14707462;15495;
14707971;15456;
14708480;15582;
14708988;15628;
14709497;15946;
14710006;15929;
14710515;15916;
14711024;15882;
14711533;15881;
14712042;15876;
14712551;15828;
14713060;15806;
14713569;15787;
14714078;15788;
14714587;15790;
14715096;15829;
14715605;15820;
14716114;15816;
14716623;15801;
14717131;15731;
14717640;15774;
14718149;15747;
14718658;15730;
14719167;15722;
14719676;15664;
14720185;15643;
14720694;15622;
14721203;15566;
14721712;15555;
14722221;15585;
14722730;15558;
14723239;15495;
14723748;15503;
14724257;15557;
14724766;15543;
14725275;15559;
14725784;15611;
14726293;15639;
14726802;15690;
14727311;15759;
14727820;15794;
14728329;15849;
14728837;15822;
14729346;15813;
14729855;15842;
14730364;15894;
14730873;15910;
14731382;15914;
14731891;15902;
14732400;15907;
14732909;15871;
14733418;15841;
14733927;15806;
14734436;15801;
14734945;15830;
14735454;15837;
14735963;15864;
14736472;15850;
14736981;15897;
14737490;15918;
14737999;15981;
14738508;15966;
14739017;15947;
14739526;15976;
14740035;15986;
14740544;16005;
14741053;16038;
14741562;16058;
14742071;16090;
14742580;16077;
14743089;16078;
14743598;16062;
14744107;16040;
14744616;16048;
14745125;16036;
14745634;16029;
14746143;16034;
14746652;16062;
14747161;16095;
14747670;16103;
14748179;16092;
14748688;16092;
14749197;16109;
14749706;16101;
14750215;16087;
14750724;16094;
14751233;16093;
14751742;16082;
14752251;16072;
14752760;16088;
14753269;16069;
14753778;16068;
14754287;16071;
14754796;16061;
14755305;16059;
14755814;16060;
14756323;16058;
14756832;16048;
14757341;16045;
14757850;16058;
14758359;16061;
14758868;16057;
14759377;16066;
14759886;16078;
14760395;16092;
14760904;16107;
14761413;16101;
14761922;16096;
14762431;16093;
14762940;16110;
14763449;16116;
14763958;16133;
14764467;16125;
14764976;16126;
14765485;16154;
14765994;16119;
14766503;16079;
14767012;16097;
14767521;16114;
14768030;16163;
14768539;16182;
14769048;16196;
14769557;16228;
14770066;16231;
14770575;16237;
14771084;16292;
14771593;16303;
14772102;16310;
14772611;16330;
14773120;16308;
14773629;16310;
14774138;16313;
14774647;16312;
14775156;16336;
14775665;16332;
14776174;16340;
14776683;16362;
14777192;16349;
14777701;16327;
14778210;16331;
14778719;16318;
14779228;16308;
14779737;16291;
14780246;16278;
14780756;16291;
14781265;16304;
14781774;16306;
14782283;16295;
14782792;16275;
14783301;16258;
14783810;16282;
14784319;16297;
14784828;16250;
14785337;16255;
14785846;16295;
14786355;16278;
14786864;16273;
14787373;16270;
14787882;16257;
14788391;16208;
14788900;16207;
14789409;16214;
14789918;16214;
14790427;16218;
14790936;16221;
14791445;16227;
14791954;16205;
14792464;16201;
14792973;16296;
14793482;16289;
14793991;16314;
14794500;16308;
14795009;16315;
14795518;16269;
14796027;16277;
14796536;16292;
14797045;16281;
14797554;16288;
14798063;16273;
14798572;16265;
14799081;16263;
14799590;16289;
14800099;16286;
14800608;16287;
14801117;16268;
14801626;16287;
14802135;16300;
14802644;16307;
14803153;16308;
14803662;16309;
14804171;16319;
14804680;16321;
14805189;16324;
14805698;16327;
14806207;16321;
14806716;16324;
14807225;16333;
14807734;16340;
14808243;16329;
14808752;16333;
14809261;16328;
14809770;16334;
14810279;16340;
14810788;16332;
14811297;16333;
14811806;16336;
14812315;16349;
14812824;16347;
14813333;16346;
14813842;16357;
14814351;16358;
14814860;16348;
14815369;16358;
14815878;16324;
14816387;16303;
14816896;16309;
14817406;16296;
14817915;16282;
14818424;16245;
14818933;16216;
14819442;16268;
14819951;16254;
14820460;16240;
14820969;16207;
14821478;16196;
14821987;16185;
14822496;16179;
14823005;16175;
14823514;16175;
14824023;16170;
14824532;16139;
14825041;16161;
14825550;16159;
14826059;16149;
14826568;16132;
14827077;16127;
14827586;16079;
14828095;16087;
14828605;16093;
14829114;16078;
14829623;16063;
14830132;16064;
14830641;16005;
14831150;15971;
14831659;15929;
14832168;15924;
14832677;15911;
14833186;15903;
14833695;15881;
14834204;15852;
14834713;15746;
14835222;15706;
14835731;15652;
14836240;15587;
14836749;15561;
14837258;15550;
14837767;15570;
14838277;15580;
14838786;15610;
14839295;15653;
14839804;15697;
14840313;15736;
14840822;15714;
14841331;15681;
14841840;15666;
14842349;15658;
14842858;15672;
14843367;15676;
14843876;15689;
14844385;15697;
14844894;15691;
14845403;15667;
14845912;15638;
14846421;15622;
14846931;15610;
14847440;15573;
14847949;15546;
14848458;15526;
14848967;15491;
14849476;15472;
14849985;15513;
14850494;15546;
14851003;15556;
14851512;15560;
14852021;15560;
14852530;15608;
14853039;15684;
14853548;15908;
14854057;15993;
14854566;16011;
14855075;16001;
14855584;15986;
14856094;15976;
14856603;15952;
14857112;15942;
14857621;15937;
14858130;15917;
14858639;15908;
14859148;15889;
14859657;15871;
14860166;15856;
14860675;15864;
14861184;15883;
14861693;15880;
14862202;15891;
14862711;15863;
14863220;15848;
14863729;15851;
14864238;15828;
14864747;15815;
14865256;15798;
14865765;15789;
14866274;15751;
14866784;15722;
14867293;15712;
14867802;15685;
14868311;15641;
14868820;15611;
14869329;15636;
14869838;15595;
14870347;15579;
14870856;15565;
14871365;15601;
14871874;15655;
14872383;15673;
14872892;15689;
14873401;15717;
14873910;15756;
14874419;15813;
14874928;15889;
14875437;15880;
14875946;15851;
14876455;15744;
14876964;15884;
14877473;15845;
14877982;15823;
14878491;15823;
14879000;15858;
14879509;15884;
14880018;15893;
14880527;15920;
14881036;15950;
14881545;15971;
14882054;15998;
14882563;16032;
14883072;16078;
14883581;16103;
14884090;16120;
14884599;16130;
14885108;16120;
14885618;16101;
14886127;16101;
14886636;16099;
14887145;16103;
14887654;16091;
14888163;15927;
14888672;16036;
14889181;16079;
14889690;16070;
14890199;16078;
14890708;16090;
14891217;16146;
14891726;16147;
14892235;16143;
14892744;16153;
14893253;16126;
14893762;16112;
14894271;16103;
14894780;16111;
14895289;16104;
14895798;16098;
14896307;16080;
14896816;16073;
14897325;16076;
14897834;16089;
14898343;16089;
14898852;16088;
14899361;16108;
14899870;16133;
14900379;16136;
14900888;16127;
14901397;16107;
14901906;16125;
14902415;16128;
14902924;16136;
14903433;16152;
14903942;16154;
14904451;16178;
14904960;16163;
14905469;16174;
14905978;16175;
14906487;16186;
14906996;16187;
14907505;16164;
14908014;16182;
14908523;16180;
14909032;16172;
14909541;16182;
14910050;16187;
14910559;16214;
14911068;16264;
14911577;16288;
14912086;16305;
14912596;16309;
14913105;16309;
14913614;16321;
14914123;16354;
14914632;16385;
14915141;16378;
14915650;16380;
14916159;16383;
14916668;16382;
14917177;16355;
14917686;16318;
14918195;16313;
14918704;16326;
14919213;16291;
14919722;16287;
14920231;16266;
14920740;16307;
14921249;16315;
14921758;16323;
14922267;16316;
14922776;16314;
14923285;16307;
14923794;16286;
14924303;16234;
14924812;16263;
14925322;16248;
14925831;16188;
14926340;16202;
14926849;16188;
14927358;16183;
14927867;16186;
14928376;16190;
14928885;16183;
14929394;16234;
14929903;16241;
14930412;16237;
14930921;16220;
14931430;16219;
14931939;16306;
14932448;16273;
14932957;16272;
14933466;16262;
14933975;16267;
14934484;16259;
14934993;16258;
14935502;16274;
14936011;16257;
14936520;16263;
14937029;16266;
14937539;16265;
14938048;16254;
14938557;16273;
14939066;16274;
14939575;16295;
14940084;16310;
14940593;16313;
14941102;16333;
14941611;16335;
14942120;16353;
14942629;16352;
14943138;16348;
14943647;16345;
14944156;16344;
14944665;16340;
14945174;16335;
14945683;16338;
14946192;16330;
14946701;16329;
14947210;16350;
14947719;16356;
