9481778;7993;
9482287;7992;
9482795;7877;
9483304;7939;
9483813;7859;
9484321;8029;
9484830;8001;
9485338;7943;
9485847;7863;
9486356;7828;
9486864;7825;
9487373;7764;
9487882;7906;
9488390;7882;
9488899;7897;
9489407;7899;
9489916;8007;
9490425;8058;
9490933;8003;
9491442;7890;
9491950;7827;
9492459;7793;
9492968;7747;
9493476;7715;
9493985;7686;
9494494;7698;
9495002;7756;
9495511;7798;
9496019;7818;
9496528;7772;
9497037;7913;
9497545;7854;
9498054;7887;
9498562;7963;
9499071;8008;
9499580;8059;
9500088;8098;
9500597;8077;
9501106;8054;
9501614;8010;
9502123;7992;
9502632;7984;
9503140;8000;
9503649;8040;
9504157;8058;
9504666;8083;
9505175;8150;
9505683;8110;
9506192;8011;
9506701;7894;
9507209;7631;
9507718;7571;
9508227;7908;
9508735;8020;
9509244;8113;
9509753;8150;
9510261;8093;
9510770;8063;
9511278;8153;
9511787;8151;
9512296;8137;
9512804;8134;
9513313;8046;
9513822;8114;
9514330;8183;
9514839;8208;
9515348;8165;
9515856;8085;
9516365;8094;
9516874;8258;
9517382;8235;
9517891;8126;
9518400;8091;
9518908;8110;
9519417;8140;
9519925;8158;
9520434;8227;
9520943;8317;
9521451;8138;
9521960;7946;
9522469;7749;
9522977;7405;
9523486;7423;
9523995;7426;
9524503;7678;
9525012;7862;
9525521;7936;
9526029;7987;
9526538;8083;
9527047;8024;
9527555;8035;
9528064;8070;
9528573;8070;
9529081;8042;
9529590;8005;
9530099;7947;
9530607;7882;
9531116;7868;
9531625;7856;
9532133;7867;
9532642;7873;
9533151;7842;
9533659;7753;
9534168;7930;
9534677;7956;
9535185;7975;
9535694;7978;
9536203;8030;
9536711;7989;
9537220;7968;
9537729;7975;
9538237;7995;
9538746;7951;
9539255;7933;
9539763;7879;
9540272;7792;
9540781;7722;
9541289;7680;
9541798;7715;
9542306;7715;
9542815;7749;
9543324;7783;
9543832;7816;
9544341;7860;
9544850;7887;
9545358;7948;
9545867;7949;
9546376;7915;
9546884;7931;
9547393;7928;
9547902;7917;
9548410;7915;
9548919;7997;
9549428;7928;
9549936;7901;
9550445;7817;
9550954;7831;
9551462;7790;
9551971;7820;
9552480;7721;
9552988;7685;
9553497;7729;
9554006;7761;
9554514;7758;
9555023;7737;
9555532;7755;
9556040;7777;
9556549;7802;
9557058;7868;
9557566;7900;
9558075;7890;
9558584;7849;
9559092;7889;
9559601;7960;
9560110;8005;
9560618;8015;
9561127;8092;
9561636;8081;
9562144;7988;
9562653;8020;
9563161;8010;
9563670;7983;
9564179;7964;
9564687;8000;
9565196;8016;
9565705;7982;
9566213;7871;
9566722;8083;
9567231;8078;
9567739;8127;
9568248;8194;
9568757;8269;
9569265;8214;
9569774;8191;
9570283;7952;
9570791;7845;
9571300;7992;
9571809;8156;
9572317;8175;
9572826;8178;
9573335;8148;
9573843;8168;
9574352;8100;
9574861;8219;
9575369;8245;
9575878;8249;
9576387;8162;
9576895;8097;
9577404;8247;
9577913;8278;
9578421;8310;
9578930;8245;
9579439;8278;
9579947;8283;
9580456;8268;
9580965;8278;
9581473;8306;
9581982;8426;
9582491;8438;
9583000;8432;
9583508;8375;
9584017;8230;
9584526;8054;
9585034;7929;
9585543;7749;
9586052;7483;
9586560;7391;
9587069;7329;
9587578;7548;
9588086;7777;
9588595;7969;
9589104;7836;
9589612;7920;
9590121;8012;
9590630;7989;
9591139;7913;
9591647;7781;
9592156;7793;
9592665;7795;
9593173;7947;
9593682;7955;
9594191;7836;
9594699;7742;
9595208;7739;
9595717;7849;
9596225;7823;
9596734;7821;
9597243;7938;
9597751;7996;
9598260;7992;
9598769;8058;
9599277;8105;
9599786;8048;
9600295;7965;
9600804;8037;
9601312;8099;
9601821;7985;
9602330;7970;
9602838;7777;
9603347;7793;
9603856;7791;
9604364;7654;
9604873;7624;
9605381;7566;
9605890;7717;
9606399;7601;
9606907;7824;
9607416;7924;
9607925;7923;
9608434;7978;
9608942;8014;
9609451;8042;
9609960;8065;
9610468;8024;
9610977;7988;
9611486;7963;
9611994;7898;
9612503;7905;
9613012;7864;
9613520;7820;
9614029;7784;
9614537;7829;
9615046;7826;
9615555;7885;
9616064;7868;
9616572;7894;
9617081;7928;
9617590;7976;
9618098;8013;
9618607;7967;
9619116;7893;
9619624;8026;
9620133;8127;
9620642;8108;
9621150;8125;
9621659;8205;
9622168;8171;
9622676;8153;
9623185;8142;
9623694;7998;
9624203;7990;
9624711;7986;
9625220;8053;
9625729;8112;
9626237;8149;
9626746;8098;
9627255;8054;
9627763;8195;
9628272;8195;
9628781;8234;
9629289;8164;
9629798;7967;
9630307;7758;
9630815;7881;
9631324;8060;
9631833;8156;
9632341;8153;
9632850;8192;
9633359;8197;
9633867;8178;
9634376;8235;
9634885;8283;
9635393;8294;
9635902;8283;
9636411;8300;
9636919;8305;
9637428;8302;
9637937;8282;
9638446;8263;
9638954;8286;
9639463;8319;
9639972;8356;
9640480;8304;
9640989;7935;
9641498;7570;
9642006;7522;
9642515;7621;
9643024;7843;
9643532;7985;
9644041;8038;
9644550;8073;
9645058;8027;
9645567;8034;
9646076;8074;
9646584;8051;
9647093;8009;
9647602;7984;
9648110;7946;
9648619;7916;
9649128;8072;
9649636;7905;
9650145;7953;
9650654;7931;
9651162;7794;
9651671;7833;
9652180;8045;
9652688;7924;
9653197;7866;
9653706;7870;
9654215;7784;
9654723;7750;
9655232;7862;
9655741;7810;
9656249;7760;
9656758;7641;
9657267;7567;
9657775;7629;
9658284;7626;
9658793;7730;
9659301;7801;
9659810;7793;
9660319;7922;
9660827;7979;
9661336;7983;
9661845;7906;
9662353;8009;
9662862;8029;
9663371;7959;
9663879;7995;
9664388;8011;
9664897;7964;
9665405;7909;
9665914;7880;
9666423;7834;
9666931;7810;
9667440;7765;
9667949;7767;
9668458;7739;
9668966;7825;
9669475;7839;
9669984;7885;
9670492;7820;
9671001;7923;
9671510;7960;
9672018;7991;
9672527;7944;
9673036;7917;
9673544;8004;
9674053;8093;
9674562;8140;
9675070;8191;
9675579;7940;
9676088;7956;
9676596;8121;
9677105;8124;
9677614;8149;
9678122;8002;
9678631;7918;
9679140;7987;
9679648;7985;
9680157;7929;
9680666;7886;
9681174;7978;
9681683;8020;
9682192;7900;
9682700;7882;
9683209;7858;
9683718;7923;
9684226;7986;
9684735;8089;
9685244;8186;
9685752;8294;
9686261;8267;
9686769;8237;
9687278;8256;
9687787;8220;
9688295;8243;
9688804;8185;
9689313;8223;
9689821;8192;
9690330;8249;
9690838;8234;
9691347;8223;
9691856;8306;
9692364;8313;
9692873;8304;
9693382;8101;
9693890;8210;
9694399;8191;
9694908;8272;
9695416;8266;
9695925;8294;
9696433;8192;
9696942;8237;
9697451;8178;
9697959;8296;
9698468;8250;
9698977;8328;
9699485;8328;
9699994;8338;
9700503;8368;
9701011;8329;
9701520;7868;
9702029;7536;
9702537;7445;
9703046;7670;
9703555;8010;
9704063;8098;
9704572;8083;
9705080;8156;
9705589;7967;
9706098;7980;
9706606;7986;
9707115;8005;
9707624;7990;
9708132;8094;
9708641;8131;
9709150;8136;
9709658;8148;
9710167;8136;
9710676;8144;
9711184;8133;
9711693;8076;
9712202;8062;
9712710;8021;
9713219;7996;
9713727;7979;
9714236;7880;
9714745;7833;
9715253;7860;
9715762;7807;
9716271;7846;
9716779;7914;
9717288;7965;
9717797;7998;
9718305;8004;
9718814;8056;
9719322;8071;
9719831;8058;
9720340;8104;
9720848;8073;
9721357;8087;
9721866;8032;
9722374;8029;
9722883;8022;
9723391;7993;
9723900;7958;
9724409;7786;
15876657;7676;
15877166;7714;
15877674;7776;
15878183;7894;
15878692;8085;
15879201;8055;
15879710;8081;
15880219;8074;
15880727;8014;
15881236;8024;
15881745;8015;
15882254;8060;
15882763;8072;
15883272;8044;
15883780;8019;
15884289;8052;
15884798;8104;
15885307;8147;
15885816;8155;
15886325;8152;
15886833;8085;
15887342;8045;
15887851;8004;
15888360;7863;
15888869;7854;
15889378;7960;
15889886;7862;
15890395;7977;
15890904;8030;
15891413;8017;
15891922;8017;
15892431;8078;
15892939;8061;
15893448;8057;
15893957;8105;
15894466;8140;
15894975;8139;
15895484;8120;
15895992;8216;
15896501;8297;
15897010;8382;
15897519;8377;
15898028;8384;
15898537;8390;
15899045;8371;
15899554;8276;
15900063;8303;
15900572;8404;
15901081;8261;
15901590;8248;
15902099;8359;
15902608;8431;
15903117;8396;
15903625;8375;
15904134;8344;
15904643;8275;
15905152;8219;
15905661;8158;
15906170;8196;
15906678;8156;
15907187;8260;
15907696;8276;
15908205;8304;
15908714;8284;
15909223;8286;
15909732;8284;
15910241;8280;
15910749;8304;
15911258;8293;
15911767;8310;
15912276;8317;
15912785;8237;
15913294;8213;
15913803;8254;
15914312;8284;
15914820;8345;
15915329;8329;
15915838;8292;
15916347;8310;
15916856;8365;
15917365;8407;
15917874;8424;
15918383;8426;
15918892;8439;
15919401;8464;
15919909;8449;
15920418;8432;
15920927;8401;
15921436;8403;
15921945;8433;
15922454;8350;
15922963;8217;
15923472;8284;
15923980;8536;
15924489;8449;
15924998;8529;
15925507;8609;
15926016;8575;
15926525;8514;
15927034;8421;
15927543;8299;
15928052;8051;
15928561;7771;
15929069;7722;
15929578;7754;
15930087;7822;
15930596;7911;
15931105;7962;
15931614;8155;
15932123;8304;
15932632;8403;
15933141;8386;
15933650;8376;
15934158;8377;
15934667;8324;
15935176;8375;
15935685;8296;
15936194;8281;
15936703;8242;
15937212;8215;
15937721;8162;
15938230;8075;
15938739;7960;
15939248;7775;
15939757;7692;
15940265;7602;
15940774;7482;
15941283;7465;
15941792;7456;
15942301;7464;
15942810;7457;
15943319;7415;
15943828;7380;
15944337;7369;
15944846;7393;
15945355;7421;
15945864;7393;
15946373;7377;
15946882;7319;
15947390;7274;
15947899;7286;
15948408;7273;
15948917;7294;
15949426;7238;
15949935;7250;
15950444;7277;
15950953;7379;
15951462;7562;
15951971;7746;
15952480;7875;
15952989;7883;
15953498;7928;
15954007;7869;
15954515;7837;
15955024;7803;
15955533;7786;
15956042;7785;
15956551;7808;
15957060;7842;
15957569;7888;
15958078;7892;
15958587;7921;
15959096;7914;
15959605;7913;
15960114;7891;
15960623;7896;
15961132;7922;
15961641;7940;
15962149;7989;
15962658;8035;
15963167;8034;
15963676;8038;
15964185;8153;
15964694;8042;
15965203;8009;
15965712;8070;
15966221;8073;
15966730;8094;
15967239;8205;
15967748;8269;
15968257;8231;
15968766;8169;
15969275;8113;
15969784;8043;
15970293;8023;
15970802;7954;
15971311;8058;
15971819;8121;
15972328;8149;
15972837;8189;
15973346;8197;
15973855;8209;
15974364;8243;
15974873;8298;
15975382;8350;
15975891;8397;
15976400;8425;
15976909;8396;
15977418;8403;
15977927;8385;
15978436;8423;
15978945;8403;
15979454;8365;
15979963;8358;
15980472;8356;
15980981;8370;
15981490;8358;
15981999;8328;
15982508;8322;
15983017;8360;
15983526;8393;
15984035;8395;
15984544;8397;
15985053;8386;
15985562;8426;
15986071;8374;
15986580;8379;
15987089;8399;
15987598;8414;
15988107;8444;
15988616;8475;
15989125;8467;
15989634;8463;
15990143;8460;
15990652;8469;
15991161;8419;
15991670;8421;
15992179;8397;
15992688;8489;
15993197;8424;
15993706;8421;
15994215;8437;
15994723;8449;
15995232;8453;
15995741;8453;
15996250;8469;
15996759;8455;
15997268;8477;
15997777;8510;
15998286;8522;
15998795;8521;
15999304;8491;
15999813;8400;
16000322;8236;
16000831;8211;
16001340;8001;
16001849;7777;
16002358;7611;
16002867;7573;
16003376;7830;
16003885;8182;
16004394;8345;
16004903;8403;
16005412;8347;
16005921;8302;
16006430;8295;
16006939;8267;
16007448;8285;
16007957;8159;
16008466;8278;
16008975;8175;
16009484;7846;
16009993;7713;
16010502;7586;
16011011;7503;
16011520;7453;
16012029;7409;
16012538;7417;
16013047;7415;
16013556;7413;
16014065;7348;
16014574;7369;
16015083;7377;
16015592;7398;
16016101;7359;
16016610;7360;
16017119;7308;
16017628;7307;
16018137;7306;
16018646;7287;
16019155;7247;
16019664;7239;
16020172;7292;
16020681;7497;
16021190;7622;
16021699;7815;
16022208;7829;
16022717;7905;
16023226;7930;
16023735;7920;
16024244;7862;
16024753;7850;
16025262;7835;
16025771;7813;
16026280;7774;
16026789;7804;
16027298;7796;
16027807;7817;
16028316;7895;
16028825;7883;
16029334;7922;
16029843;7955;
16030352;8023;
16030860;8043;
16031369;8017;
16031878;7997;
16032387;7993;
16032896;7961;
16033405;8041;
16033914;8014;
16034423;8048;
16034932;8042;
16035441;8130;
16035950;8089;
16036459;8044;
16036968;8075;
16037477;8169;
16037986;8193;
16038495;8111;
16039004;8067;
16039513;8157;
16040022;8178;
16040531;8194;
16041039;8174;
16041548;8264;
16042057;8394;
16042566;8464;
16043075;8446;
16043584;8390;
16044093;8387;
16044602;8384;
16045111;8369;
16045620;8334;
16046129;8322;
16046638;8317;
16047147;8331;
16047656;8329;
16048165;8357;
16048674;8354;
16049183;8386;
16049692;8400;
16050201;8425;
16050710;8449;
16051219;8454;
16051728;8459;
16052237;8463;
16052746;8500;
16053255;8485;
16053764;8447;
16054273;8438;
16054782;8464;
16055291;8520;
16055800;8519;
16056308;8433;
16056817;8206;
16057326;7923;
16057835;7733;
16058344;7676;
16058853;7749;
16059362;7917;
16059871;8057;
16060380;8195;
16060889;8302;
16061398;8298;
16061907;8281;
16062416;8179;
16062925;8241;
16063434;8249;
16063943;8237;
16064452;8156;
16064961;7950;
16065470;7786;
16065979;7607;
16066488;7482;
16066997;7425;
16067506;7410;
16068015;7417;
16068524;7418;
16069033;7387;
16069542;7384;
16070051;7369;
16070560;7369;
16071069;7412;
16071578;7430;
16072087;7412;
16072595;7408;
16073104;7379;
16073613;7350;
16074122;7318;
16074631;7300;
16075140;7283;
16075649;7253;
16076158;7227;
16076667;7246;
16077176;7272;
16077685;7320;
16078194;7405;
16078703;7577;
16079212;7695;
16079721;7823;
16080230;7954;
16080739;7935;
16081248;7945;
16081757;7961;
16082266;7856;
16082775;7845;
16083284;7817;
16083793;7806;
16084302;7813;
16084810;7831;
16085319;7808;
16085828;7820;
16086337;7863;
16086846;7909;
16087355;7936;
16087864;7938;
16088373;7933;
16088882;7915;
16089391;7894;
16089900;7886;
16090409;7913;
16090918;7933;
16091427;7967;
16091936;7999;
16092445;8042;
16092953;8061;
16093462;8123;
16093971;8150;
16094480;8035;
16094989;8048;
16095498;8152;
16096007;8101;
16096516;8137;
16097025;8075;
16097534;8274;
16098043;8254;
16098552;8163;
16099061;8136;
16099570;8088;
16100079;8088;
16100588;8184;
16101097;8263;
16101605;8235;
16102114;8204;
16102623;8258;
16103132;8299;
16103641;8351;
16104150;8383;
16104659;8333;
16105168;8397;
16105677;8391;
16106186;8391;
16106695;8371;
16107204;8358;
16107713;8343;
16108222;8331;
16108731;8327;
16109240;8330;
16109749;8335;
16110258;8343;
16110766;8339;
16111275;8362;
16111784;8361;
16112293;8415;
16112802;8401;
16113311;8423;
16113820;8433;
16114329;8487;
16114838;8464;
16115347;8461;
16115856;8460;
