10115630;15863;
10116139;15792;
10116647;15890;
10117156;15814;
10117665;15795;
10118173;15780;
10118682;15827;
10119191;15863;
10119700;15821;
10120208;15774;
10120717;15816;
10121226;15842;
10121735;15869;
10122244;15854;
10122752;15870;
10123261;15926;
10123770;15840;
10124279;15798;
10124787;15859;
10125296;15858;
10125805;15750;
10126314;15747;
10126823;15761;
10127331;15740;
10127840;15875;
10128349;15886;
10128858;15805;
10129366;15809;
10129875;15804;
10130384;15748;
10130893;15742;
10131402;15820;
10131910;15925;
10132419;15945;
10132928;16176;
10133437;16140;
10133946;16155;
10134454;16179;
10134963;16200;
10135472;16225;
10135981;16269;
10136490;16223;
10136998;16276;
10137507;16176;
10138016;16017;
10138525;16043;
10139033;16015;
10139542;16199;
10140051;16291;
10140560;16296;
10141069;16296;
10141577;16207;
10142086;16238;
10142595;16226;
10143104;16211;
10143613;16154;
10144121;16150;
10144630;16145;
10145139;16137;
10145648;16092;
10146156;16087;
10146665;16034;
10147174;16099;
10147683;16090;
10148191;16051;
10148700;16062;
10149209;16091;
10149718;16151;
10150226;16138;
10150735;16200;
10151244;16127;
10151753;16160;
10152261;15976;
10152770;16090;
10153279;15977;
10153788;15875;
10154297;15762;
10154805;15683;
10155314;15602;
10155823;15525;
10156332;15523;
10156840;15506;
10157349;15553;
10157858;15438;
10158367;15536;
10158875;15608;
10159384;15643;
10159893;15630;
10160402;15681;
10160911;15780;
10161419;15822;
10161928;15889;
10162437;15912;
10162946;15913;
10163454;15936;
10163963;15896;
10164472;15939;
10164981;15934;
10165489;15899;
10165998;15863;
10166507;15924;
10167016;15925;
10167524;15890;
10168033;16043;
10168542;16045;
10169051;15938;
10169560;16003;
10170068;16029;
10170577;15980;
10171086;16019;
10171595;15992;
10172104;16001;
10172612;16022;
10173121;16028;
10173630;16030;
10174139;15998;
10174647;16016;
10175156;15960;
10175665;15844;
10176174;15838;
10176683;16080;
10177191;16086;
10177700;16085;
10178209;16025;
10178718;15998;
10179227;15964;
10179735;15983;
10180244;15927;
10180753;15994;
10181262;15933;
10181771;15850;
10182279;15942;
10182788;15914;
10183297;15927;
10183806;15895;
10184315;15843;
10184824;15946;
10185332;15960;
10185841;15940;
10186350;15920;
10186859;15941;
10187368;15948;
10187876;15928;
10188385;15939;
10188894;15930;
10189403;15874;
10189912;15992;
10190420;16044;
10190929;16025;
10191438;16044;
10191947;16062;
10192456;16092;
10192964;16058;
10193473;16038;
10193982;16074;
10194491;16148;
10195000;16089;
10195508;16198;
10196017;16197;
10196526;16162;
10197035;16207;
10197544;16181;
10198053;16230;
10198561;16186;
10199070;16140;
10199579;16193;
10200088;16111;
10200597;16076;
10201105;16062;
10201614;15995;
10202123;15937;
10202632;15962;
10203141;16128;
10203649;16161;
10204158;16147;
10204667;16165;
10205176;16152;
10205685;15982;
10206194;15896;
10206702;16054;
10207211;16094;
10207720;16155;
10208229;16130;
10208737;16214;
10209246;16187;
10209755;16158;
10210264;16032;
10210773;15985;
10211281;15935;
10211790;15842;
10212299;15721;
10212808;15579;
10213316;15625;
10213825;15574;
10214334;15724;
10214843;15716;
10215352;15733;
10215860;15732;
10216369;15806;
10216878;15812;
10217387;15873;
10217895;15874;
10218404;15902;
10218913;15932;
10219422;15918;
10219931;15894;
10220439;15901;
10220948;15921;
10221457;15939;
10221966;15906;
10222474;15917;
10222983;15980;
10223492;15982;
10224001;15991;
10224510;15985;
10225019;15951;
10225527;15970;
10226036;16013;
10226545;16016;
10227054;15899;
10227562;15982;
10228071;16017;
10228580;16032;
10229089;16067;
10229597;16048;
10230106;16097;
10230615;16084;
10231124;16060;
10231633;16025;
10232141;16071;
10232650;16075;
10233159;16075;
10233668;16045;
10234177;16043;
10234685;15943;
10235194;15964;
10235703;15965;
10236212;15933;
10236720;15841;
10237229;15871;
10237738;15880;
10238247;15891;
10238755;15952;
10239264;15972;
10239773;15955;
10240282;15957;
10240790;15930;
10241299;16002;
10241808;16060;
10242317;16107;
10242825;16117;
10243334;16137;
10243843;16185;
10244352;16200;
10244861;16216;
10245369;16193;
10245878;16247;
10246387;16264;
10246895;16279;
10247404;16268;
10247913;16275;
10248422;16255;
10248930;16256;
10249439;16224;
10249948;16229;
10250457;16216;
10250965;16075;
10251474;16050;
10251983;16112;
10252492;16176;
10253000;16170;
10253509;16147;
10254018;16063;
10254527;15944;
10255035;15966;
10255544;15969;
10256053;15978;
10256562;16080;
10257070;16044;
10257579;16040;
10258088;16090;
10258597;15965;
10259105;15837;
10259614;15678;
10260123;15674;
10260632;15635;
10261140;15641;
10261649;15739;
10262158;15778;
10262667;15736;
10263175;15823;
10263684;15791;
10264193;15780;
10264702;15941;
10265210;16030;
10265719;15908;
10266228;15851;
10266737;15880;
10267245;15987;
10267754;16079;
10268263;16059;
10268772;16000;
10269280;15867;
10269789;15977;
10270298;16045;
10270807;16011;
10271315;16003;
10271824;16015;
10272333;16013;
10272842;16040;
10273350;16045;
10273859;16009;
10274368;16052;
10274877;16034;
10275385;15975;
10275894;15982;
10276403;16041;
10276912;16071;
10277420;16033;
10277929;16054;
10278438;16044;
10278947;16026;
10279455;15975;
10279964;15949;
10280473;15928;
10280982;15922;
10281490;15915;
10281999;15910;
10282508;15897;
10283017;15896;
10283525;15884;
10284034;15811;
10284543;15816;
10285052;15750;
10285560;15864;
10286069;15887;
10286578;15889;
10287087;15804;
10287595;15751;
10288104;15729;
10288613;15720;
10289121;15820;
10289630;15854;
10290139;15905;
10290648;15922;
10291156;15883;
10291665;15840;
10292174;16003;
10292683;16079;
10293191;16105;
10293700;16187;
10294209;16168;
10294718;16153;
10295226;16124;
10295735;16102;
10296244;16150;
10296752;16193;
10297261;16067;
10297770;16127;
10298279;16129;
10298787;16091;
10299296;16087;
10299805;16089;
10300314;16104;
10300822;16133;
10301331;16089;
10301840;16083;
10302349;16040;
10302857;16034;
10303366;16147;
10303875;16143;
10304384;16170;
10304892;16216;
10305401;16201;
10305910;16200;
10306419;16179;
10306927;16124;
10307436;16040;
10307945;15908;
10308454;15786;
10308962;15753;
10309471;15673;
10309980;15576;
10310489;15638;
10310997;15645;
10311506;15801;
10312015;15821;
10312523;15874;
10313032;15881;
10313541;15843;
10314050;15828;
10314558;15862;
10315067;15945;
10315576;15901;
10316085;15886;
10316593;15922;
10317102;15891;
10317611;15883;
10318120;15945;
10318628;15981;
10319137;15928;
10319646;16092;
10320155;16072;
10320663;15863;
10321172;15963;
10321681;15865;
10322190;15919;
10322698;15980;
10323207;16017;
10323716;16010;
10324225;15992;
10324733;16019;
10325242;16055;
10325751;16047;
10326260;16057;
10326768;16060;
10327277;16058;
10327786;16052;
10328295;16065;
10328804;16028;
10329312;16070;
10329821;16063;
10330330;16055;
10330839;16015;
10331347;15958;
10331856;15939;
10332365;15930;
10332874;15915;
10333382;15905;
10333891;15918;
10334400;15861;
10334909;15959;
10335417;15981;
10335926;15982;
10336435;15971;
10336944;15962;
10337453;15955;
10337961;15914;
10338470;15863;
10338979;15939;
10339487;15948;
10339996;16026;
10340505;16078;
10341014;16112;
10341522;16137;
10342031;16166;
10342540;16184;
10343049;16181;
10343557;16189;
10344066;16207;
10344575;16214;
10345084;16224;
10345593;16222;
10346101;16222;
10346610;16257;
10347119;16262;
10347627;16270;
10348136;16287;
10348645;16279;
10349154;16270;
10349662;16254;
10350171;16247;
10350680;16226;
10351189;16216;
10351697;16175;
10352206;16166;
10352715;16164;
10353224;16159;
10353732;16115;
10354241;16063;
10354750;16114;
10355259;16111;
10355767;16062;
10356276;16050;
10356785;16132;
10357294;16178;
10357802;16175;
10358311;16123;
10358820;16118;
10359329;16098;
10359837;15750;
14377627;15974;
14378136;15953;
14378645;15927;
14379154;15994;
14379663;16140;
14380172;16156;
14380681;16185;
14381190;16205;
14381698;16215;
14382207;16227;
14382716;16224;
14383225;16245;
14383734;16254;
14384243;16250;
14384752;16230;
14385261;16249;
14385770;16225;
14386279;16201;
14386787;16120;
14387296;16063;
14387805;16088;
14388314;16087;
14388823;16050;
14389332;16117;
14389841;16140;
14390350;16116;
14390859;16138;
14391368;16076;
14391877;16170;
14392386;16134;
14392895;16145;
14393403;16140;
14393912;16067;
14394421;15899;
14394930;15928;
14395439;16142;
14395948;16089;
14396457;16198;
14396966;16271;
14397475;16242;
14397984;16252;
14398493;16430;
14399002;16471;
14399511;16464;
14400020;16440;
14400529;16440;
14401038;16455;
14401547;16473;
14402056;16478;
14402565;16486;
14403074;16434;
14403583;16483;
14404092;16504;
14404601;16517;
14405110;16493;
14405618;16475;
14406127;16460;
14406636;16430;
14407145;16403;
14407654;16311;
14408163;16157;
14408672;16273;
14409181;16293;
14409690;16283;
14410199;16289;
14410708;16281;
14411217;16285;
14411726;16289;
14412235;16302;
14412744;16367;
14413253;16377;
14413762;16379;
14414271;16340;
14414780;16261;
14415289;16143;
14415798;16059;
14416307;16006;
14416816;15963;
14417325;15984;
14417834;15989;
14418343;15984;
14418852;15987;
14419361;16017;
14419870;16098;
14420379;16188;
14420888;16356;
14421397;16340;
14421906;16418;
14422415;16386;
14422924;16302;
14423433;16226;
14423942;16104;
14424451;16029;
14424960;15984;
14425469;15968;
14425978;15970;
14426487;15970;
14426996;15929;
14427505;15937;
14428014;15952;
14428523;15943;
14429032;15988;
14429541;16076;
14430050;16095;
14430559;16124;
14431068;16135;
14431577;16128;
14432086;16119;
14432595;16109;
14433104;16122;
14433613;16147;
14434122;16153;
14434631;16204;
14435140;16197;
14435649;16242;
14436158;16256;
14436667;16257;
14437176;16253;
14437685;16258;
14438194;16271;
14438703;16302;
14439212;16301;
14439721;16316;
14440230;16305;
14440739;16300;
14441248;16265;
14441757;16254;
14442266;16241;
14442775;16220;
14443284;16211;
14443793;16220;
14444302;16229;
14444811;16201;
14445320;16217;
14445829;16220;
14446338;16197;
14446847;16204;
14447356;16231;
14447865;16230;
14448375;16226;
14448884;16221;
14449393;16235;
14449902;16306;
14450411;16307;
14450920;16280;
14451429;16254;
14451938;16237;
14452447;16248;
14452956;16258;
14453465;16248;
14453974;16270;
14454483;16310;
14454992;16333;
14455501;16295;
14456010;16296;
14456519;16337;
14457028;16291;
14457537;16264;
14458046;16248;
14458555;16222;
14459065;16213;
14459574;16197;
14460083;16193;
14460592;16190;
14461101;16167;
14461610;16142;
14462119;16161;
14462628;16160;
14463137;16178;
14463646;16186;
14464155;16205;
14464664;16220;
14465173;16235;
14465682;16241;
14466191;16216;
14466700;16205;
14467209;16207;
14467718;16206;
14468227;16216;
14468736;16205;
14469245;16196;
14469754;16184;
14470263;16179;
14470772;16177;
14471281;16209;
14471790;16215;
14472299;16228;
14472808;16260;
14473317;16299;
14473826;16352;
14474336;16409;
14474845;16446;
14475354;16456;
14475863;16458;
14476372;16460;
14476881;16452;
14477390;16468;
14477899;16476;
14478408;16480;
14478917;16471;
14479426;16401;
14479935;16528;
14480444;16510;
14480953;16471;
14481462;16423;
14481971;16369;
14482480;16276;
14482989;16245;
14483498;16252;
14484007;16291;
14484516;16274;
14485025;16319;
14485534;16360;
14486043;16393;
14486553;16391;
14487062;16373;
14487571;16243;
14488080;16157;
14488589;16069;
14489098;16034;
14489607;15991;
14490116;16010;
14490625;15967;
14491134;15965;
14491643;15994;
14492152;16022;
14492661;16068;
14493170;16135;
14493679;16204;
14494188;16313;
14494697;16363;
14495207;16407;
14495716;16411;
14496225;16331;
14496734;16253;
14497243;16140;
14497752;16061;
14498261;16018;
14498770;15977;
14499279;15977;
14499788;15963;
14500297;15947;
14500806;15978;
14501315;16028;
14501824;16063;
14502333;16067;
14502842;16071;
14503351;16104;
14503860;16143;
14504369;16170;
14504878;16156;
14505388;16146;
14505897;16129;
14506406;16203;
14506915;16177;
14507424;16172;
14507933;16224;
14508442;16247;
14508951;16269;
14509460;16258;
14509969;16253;
14510478;16249;
14510987;16254;
14511496;16260;
14512005;16276;
14512514;16287;
14513023;16300;
14513532;16288;
14514041;16278;
14514550;16256;
14515059;16228;
14515569;16211;
14516078;16195;
14516587;16203;
14517096;16224;
14517605;16241;
14518114;16252;
14518623;16247;
14519132;16244;
14519641;16233;
14520150;16234;
14520659;16227;
14521168;16240;
14521677;16251;
14522186;16241;
14522695;16232;
14523204;16259;
14523713;16282;
14524222;16298;
14524731;16278;
14525240;16298;
14525749;16300;
14526258;16297;
14526767;16288;
14527276;16282;
14527786;16269;
14528295;16288;
14528804;16244;
14529313;16210;
14529822;16184;
14530331;16197;
14530840;16193;
14531349;16187;
14531858;16126;
14532367;16171;
14532876;16250;
14533385;16277;
14533894;16266;
14534403;16163;
14534912;16064;
14535421;16289;
14535930;16270;
14536439;16250;
14536948;16223;
14537457;16211;
14537966;16207;
14538475;16203;
14538984;16204;
14539493;16203;
14540002;16240;
14540511;16268;
14541020;16260;
14541529;16261;
14542038;16328;
14542547;16347;
14543056;16320;
14543565;16385;
14544074;16457;
14544583;16500;
14545092;16493;
14545601;16486;
14546110;16450;
14546619;16500;
14547128;16510;
14547638;16487;
14548147;16531;
14548656;16503;
14549165;16491;
14549674;16460;
14550183;16396;
14550692;16332;
14551201;16305;
14551710;16298;
14552219;16278;
14552728;16323;
14553237;16392;
14553746;16381;
14554255;16286;
14554764;16153;
14555273;16028;
14555782;15974;
14556291;16002;
14556800;15987;
14557309;16051;
14557818;16207;
14558327;16368;
14558836;16443;
14559345;16376;
14559854;16247;
14560363;16103;
14560872;16000;
14561381;15981;
14561890;15989;
14562399;15962;
14562908;15984;
14563417;16021;
14563926;16133;
14564435;16137;
14564944;16061;
14565453;16057;
14565962;16134;
14566471;16165;
14566980;16204;
14567489;16244;
14567998;16284;
14568507;16277;
14569017;16266;
14569526;16284;
14570035;16300;
14570544;16258;
14571053;16302;
14571562;16289;
14572071;16260;
14572580;16241;
14573089;16229;
14573598;16223;
14574107;16207;
14574616;16196;
14575125;16218;
14575634;16267;
14576143;16273;
14576652;16263;
14577161;16273;
14577670;16289;
14578179;16285;
14578688;16288;
14579197;16297;
14579706;16306;
14580215;16265;
14580724;16209;
14581234;16190;
14581743;16160;
14582252;16157;
14582761;16235;
14583270;16179;
14583779;16192;
14584288;16206;
14584797;16207;
14585306;16214;
14585815;16247;
14586324;16243;
14586833;16190;
14587342;16220;
14587851;16182;
14588360;16231;
14588869;16267;
14589378;16344;
14589887;16314;
14590397;16348;
14590906;16413;
14591415;16445;
14591924;16429;
14592433;16433;
14592942;16443;
14593451;16476;
14593960;16465;
14594469;16491;
14594978;16467;
14595487;16422;
14595996;16345;
14596505;16261;
14597014;16300;
14597523;16380;
14598032;16332;
14598541;16290;
14599050;16291;
14599559;16286;
14600068;16336;
14600577;16376;
14601087;16360;
14601596;16335;
14602105;16250;
14602614;16126;
14603123;16036;
14603632;15981;
14604141;15975;
14604650;15974;
14605159;16016;
14605668;16016;
14606177;16039;
14606686;16131;
14607195;16268;
14607704;16409;
14608213;16423;
14608722;16379;
14609231;16267;
14609740;16081;
14610250;16013;
14610759;15988;
14611268;15986;
14611777;15957;
14612286;15941;
14612795;16012;
14613304;16037;
14613813;16141;
14614322;16159;
14614831;16098;
14615340;16125;
14615849;16086;
14616358;16187;
14616867;16264;
14617376;16277;
