9481779;8050;
9482287;8051;
9482796;7938;
9483304;7978;
9483813;7884;
9484322;8066;
9484830;8072;
9485339;8027;
9485848;7980;
9486356;7960;
9486865;7922;
9487373;7820;
9487882;7846;
9488391;7834;
9488899;7830;
9489408;7871;
9489916;7960;
9490425;8040;
9490934;8032;
9491442;7963;
9491951;7929;
9492460;7880;
9492968;7837;
9493477;7831;
9493985;7826;
9494494;7799;
9495003;7794;
9495511;7800;
9496020;7841;
9496528;7861;
9497037;8002;
9497546;7956;
9498054;8008;
9498563;8000;
9499072;7902;
9499580;7934;
9500089;7972;
9500597;8173;
9501106;8186;
9501615;8094;
9502123;8023;
9502632;8006;
9503141;8017;
9503649;8025;
9504158;8041;
9504667;8057;
9505175;8078;
9505684;8127;
9506193;8124;
9506701;8141;
9507210;8040;
9507718;8023;
9508227;8062;
9508736;8006;
9509244;7934;
9509753;7808;
9510262;7659;
9510770;7578;
9511279;7621;
9511788;7795;
9512296;8092;
9512805;8183;
9513314;8104;
9513822;8162;
9514331;8191;
9514840;8188;
9515348;8145;
9515857;8078;
9516365;8076;
9516874;8222;
9517383;8237;
9517891;8171;
9518400;8106;
9518909;8180;
9519417;8210;
9519926;8207;
9520435;8218;
9520943;8255;
9521452;8208;
9521961;8153;
9522469;8138;
9522978;8165;
9523486;8131;
9523995;7919;
9524504;7784;
9525013;7777;
9525521;7797;
9526030;7853;
9526539;7947;
9527047;8031;
9527556;8094;
9528065;8095;
9528573;8083;
9529082;8077;
9529591;8082;
9530099;8025;
9530608;7973;
9531116;7962;
9531625;7940;
9532134;7931;
9532642;7937;
9533151;7897;
9533660;7826;
9534168;7993;
9534677;8008;
9535186;8043;
9535694;8048;
9536203;8073;
9536712;8039;
9537220;8009;
9537729;8040;
9538238;8064;
9538746;8036;
9539255;8019;
9539764;7962;
9540272;7918;
9540781;7884;
9541290;7836;
9541798;7820;
9542307;7747;
9542816;7761;
9543324;7786;
9543833;7814;
9544342;7879;
9544850;7889;
9545359;7932;
9545868;7936;
9546376;7925;
9546885;7948;
9547394;7983;
9547902;7968;
9548411;7979;
9548919;8059;
9549428;7999;
9549937;7964;
9550445;7902;
9550954;7899;
9551463;7880;
9551971;7932;
9552480;7884;
9552989;7830;
9553497;7825;
9554006;7834;
9554515;7805;
9555023;7775;
9555532;7793;
9556041;7809;
9556549;7859;
9557058;7957;
9557567;7984;
9558075;7948;
9558584;7872;
9559093;7990;
9559601;8016;
9560110;7974;
9560619;7915;
9561127;7926;
9561636;7980;
9562145;8098;
9562653;8212;
9563162;8168;
9563671;8092;
9564179;8006;
9564688;8045;
9565197;8051;
9565705;8022;
9566214;7889;
9566723;8124;
9567231;8104;
9567740;8118;
9568248;8130;
9568757;8143;
9569266;8195;
9569774;8223;
9570283;8211;
9570792;8149;
9571300;8054;
9571809;7908;
9572318;7766;
9572826;7665;
9573335;7845;
9573844;8221;
9574352;8157;
9574861;8214;
9575370;8224;
9575878;8224;
9576387;8118;
9576896;8068;
9577404;8240;
9577913;8261;
9578422;8291;
9578931;8252;
9579439;8308;
9579948;8304;
9580457;8295;
9580965;8299;
9581474;8299;
9581983;8324;
9582491;8328;
9583000;8315;
9583509;8317;
9584017;8288;
9584526;8312;
9585035;8352;
9585544;8314;
9586052;8225;
9586561;8087;
9587070;7914;
9587578;7884;
9588087;7789;
9588596;7795;
9589104;7775;
9589613;7902;
9590122;8063;
9590630;8058;
9591139;7963;
9591648;7830;
9592156;7858;
9592665;7849;
9593174;8029;
9593682;8050;
9594191;7908;
9594700;7816;
9595208;7809;
9595717;7866;
9596226;7837;
9596735;7848;
9597243;7921;
9597752;7986;
9598261;8014;
9598769;8039;
9599278;8090;
9599787;8083;
9600295;8003;
9600804;8060;
9601313;8120;
9601821;8036;
9602330;8043;
9602839;7859;
9603347;7881;
9603856;7879;
9604365;7753;
9604873;7750;
9605382;7652;
9605891;7826;
9606399;7654;
9606908;7801;
9607417;7845;
9607925;7823;
9608434;7937;
9608943;7957;
9609451;7986;
9609960;8053;
9610469;8052;
9610977;8050;
9611486;8017;
9611995;7933;
9612503;7961;
9613012;7939;
9613521;7926;
9614029;7890;
9614538;7880;
9615047;7846;
9615555;7880;
9616064;7875;
9616573;7934;
9617081;8017;
9617590;8056;
9618099;8076;
9618607;8081;
9619116;8072;
9619625;8023;
9620134;8045;
9620642;7970;
9621151;7918;
9621660;7943;
9622168;7956;
9622677;8046;
9623186;8088;
9623694;8048;
9624203;8057;
9624712;8087;
9625220;8167;
9625729;8145;
9626238;8153;
9626746;8131;
9627255;8079;
9627764;8132;
9628272;8123;
9628781;8149;
9629290;8229;
9629798;8212;
9630307;8030;
9630816;7807;
9631324;7648;
9631833;7663;
9632342;7636;
9632851;7773;
9633359;8039;
9633868;8162;
9634377;8216;
9634885;8230;
9635394;8236;
9635903;8239;
9636411;8271;
9636920;8292;
9637429;8295;
9637937;8298;
9638446;8305;
9638955;8308;
9639463;8308;
9639972;8292;
9640481;8322;
9640989;8317;
9641498;8286;
9642007;8170;
9642515;8014;
9643024;7853;
9643533;7798;
9644041;7837;
9644550;7938;
9645059;8038;
9645568;8104;
9646076;8089;
9646585;8095;
9647094;8103;
9647602;8104;
9648111;7969;
9648620;7891;
9649128;8020;
9649637;7949;
9650146;8025;
9650654;8020;
9651163;7899;
9651672;7919;
9652180;8094;
9652689;7995;
9653198;7921;
9653706;7938;
9654215;7889;
9654724;7866;
9655232;7980;
9655741;7925;
9656250;7864;
9656758;7769;
9657267;7702;
9657776;7708;
9658284;7640;
9658793;7726;
9659302;7792;
9659810;7758;
9660319;7852;
9660828;7924;
9661336;7935;
9661845;7907;
9662354;7988;
9662862;8007;
9663371;7994;
9663880;8003;
9664389;8031;
9664897;7980;
9665406;7967;
9665915;7953;
9666423;7919;
9666932;7917;
9667441;7905;
9667949;7883;
9668458;7813;
9668967;7856;
9669475;7850;
9669984;7876;
9670493;7854;
9671001;7978;
9671510;8043;
9672019;8061;
9672527;8050;
9673036;8062;
9673545;8008;
9674053;8016;
9674562;7950;
9675071;7929;
9675579;7892;
9676088;8020;
9676597;8068;
9677105;8249;
9677614;8230;
9678123;8024;
9678631;7872;
9679140;7931;
9679649;7965;
9680157;7949;
9680666;7953;
9681175;8047;
9681683;8147;
9682192;8136;
9682701;8176;
9683210;8131;
9683718;8114;
9684227;7949;
9684735;7820;
9685244;7828;
9685753;7793;
9686261;8005;
9686770;8147;
9687279;8338;
9687787;8481;
9688296;8527;
9688804;8458;
9689313;8434;
9689822;8321;
9690330;8318;
9690839;8273;
9691348;8226;
9691856;8301;
9692365;8269;
9692873;8260;
9693382;8098;
9693891;8204;
9694399;8180;
9694908;8270;
9695417;8273;
9695925;8304;
9696434;8222;
9696943;8263;
9697451;8207;
9697960;8327;
9698469;8293;
9698977;8327;
9699486;8314;
9699994;8316;
9700503;8328;
9701012;8320;
9701520;8340;
9702029;8290;
9702538;8137;
9703046;8002;
9703555;7845;
9704064;7871;
9704572;7994;
9705081;8155;
9705590;7998;
9706098;7994;
9706607;8069;
9707116;8112;
9707624;8086;
9708133;8008;
9708642;8033;
9709150;8058;
9709659;8126;
9710167;8140;
9710676;8143;
9711185;8137;
9711693;8111;
9712202;8093;
9712711;8059;
9713219;8046;
9713728;8036;
9714237;7994;
9714745;7964;
9715254;7937;
9715763;7894;
9716271;7858;
9716780;7875;
9717288;7852;
9717797;7885;
9718306;7909;
9718814;7951;
9719323;7993;
9719832;8029;
9720340;8076;
9720849;8062;
9721357;8077;
9721866;8067;
9722375;8054;
9722883;8022;
9723392;8010;
9723901;7992;
9724409;7845;
15876657;7748;
15877166;7762;
15877675;7792;
15878184;7839;
15878693;7948;
15879201;7898;
15879710;7970;
15880219;8001;
15880728;7922;
15881237;8103;
15881746;8103;
15882254;8118;
15882763;8096;
15883272;8062;
15883781;7995;
15884290;7975;
15884799;8002;
15885307;8015;
15885816;7998;
15886325;7988;
15886834;7999;
15887343;8018;
15887852;8131;
15888360;8105;
15888869;8145;
15889378;8232;
15889887;8149;
15890396;8166;
15890905;8109;
15891413;8093;
15891922;8063;
15892431;8067;
15892940;8004;
15893449;7939;
15893958;7993;
15894466;8052;
15894975;8046;
15895484;7981;
15895993;8078;
15896502;8138;
15897011;8201;
15897519;8207;
15898028;8204;
15898537;8208;
15899046;8190;
15899555;8120;
15900064;8151;
15900573;8279;
15901082;8190;
15901590;8198;
15902099;8294;
15902608;8371;
15903117;8358;
15903626;8348;
15904135;8324;
15904644;8293;
15905152;8258;
15905661;8211;
15906170;8245;
15906679;8213;
15907188;8313;
15907697;8326;
15908206;8362;
15908714;8342;
15909223;8336;
15909732;8325;
15910241;8319;
15910750;8319;
15911259;8301;
15911768;8331;
15912277;8327;
15912785;8240;
15913294;8203;
15913803;8232;
15914312;8238;
15914821;8304;
15915330;8307;
15915839;8278;
15916348;8294;
15916857;8311;
15917365;8346;
15917874;8353;
15918383;8346;
15918892;8359;
15919401;8371;
15919910;8366;
15920419;8375;
15920928;8362;
15921437;8375;
15921945;8396;
15922454;8328;
15922963;8288;
15923472;8366;
15923981;8518;
15924490;8461;
15924999;8481;
15925508;8511;
15926017;8500;
15926525;8492;
15927034;8482;
15927543;8443;
15928052;8474;
15928561;8423;
15929070;8413;
15929579;8372;
15930088;8255;
15930597;8123;
15931106;8068;
15931614;7988;
15932123;8016;
15932632;8104;
15933141;8181;
15933650;8263;
15934159;8318;
15934668;8308;
15935177;8326;
15935686;8290;
15936195;8277;
15936704;8258;
15937212;8253;
15937721;8264;
15938230;8280;
15938739;8277;
15939248;8260;
15939757;8274;
15940266;8240;
15940775;8158;
15941284;7968;
15941793;7825;
15942302;7746;
15942811;7679;
15943320;7624;
15943828;7598;
15944337;7578;
15944846;7593;
15945355;7595;
15945864;7576;
15946373;7568;
15946882;7506;
15947391;7443;
15947900;7477;
15948409;7474;
15948918;7503;
15949427;7479;
15949936;7464;
15950445;7427;
15950953;7400;
15951462;7411;
15951971;7463;
15952480;7575;
15952989;7710;
15953498;7891;
15954007;7994;
15954516;8034;
15955025;8007;
15955534;7973;
15956043;7952;
15956552;7912;
15957061;7896;
15957570;7902;
15958079;7833;
15958587;7893;
15959096;7934;
15959605;7988;
15960114;7979;
15960623;7995;
15961132;7987;
15961641;7975;
15962150;7985;
15962659;8006;
15963168;8016;
15963677;8006;
15964186;8083;
15964695;8109;
15965204;8081;
15965712;8147;
15966221;8184;
15966730;8149;
15967239;8069;
15967748;8066;
15968257;8019;
15968766;8060;
15969275;8228;
15969784;8305;
15970293;8293;
15970802;8195;
15971311;8163;
15971820;8147;
15972329;8112;
15972838;8101;
15973347;8111;
15973856;8108;
15974365;8122;
15974874;8166;
15975383;8202;
15975892;8254;
15976401;8331;
15976910;8322;
15977419;8347;
15977928;8352;
15978437;8398;
15978946;8405;
15979455;8379;
15979964;8390;
15980472;8382;
15980981;8390;
15981490;8385;
15981999;8368;
15982508;8355;
15983017;8350;
15983526;8358;
15984035;8362;
15984544;8346;
15985053;8334;
15985562;8365;
15986071;8341;
15986580;8344;
15987089;8352;
15987598;8355;
15988107;8352;
15988616;8369;
15989125;8385;
15989634;8397;
15990143;8410;
15990652;8416;
15991161;8397;
15991670;8404;
15992179;8370;
15992688;8475;
15993197;8463;
15993706;8466;
15994215;8467;
15994724;8485;
15995233;8479;
15995742;8489;
15996251;8487;
15996760;8465;
15997269;8462;
15997778;8476;
15998287;8479;
15998796;8481;
15999305;8469;
15999814;8470;
16000323;8501;
16000832;8483;
16001341;8481;
16001850;8473;
16002359;8300;
16002868;8031;
16003377;8016;
16003885;8033;
16004394;8027;
16004903;8072;
16005412;8101;
16005921;8188;
16006430;8289;
16006939;8300;
16007448;8292;
16007957;8197;
16008466;8299;
16008975;8262;
16009484;8232;
16009993;8265;
16010502;8237;
16011011;8171;
16011520;8085;
16012029;7995;
16012538;7880;
16013047;7725;
16013556;7642;
16014065;7572;
16014574;7585;
16015083;7598;
16015592;7578;
16016101;7534;
16016610;7518;
16017119;7485;
16017628;7482;
16018137;7490;
16018646;7495;
16019155;7513;
16019664;7479;
16020173;7442;
16020682;7406;
16021191;7410;
16021700;7494;
16022209;7516;
16022718;7658;
16023227;7801;
16023736;7924;
16024244;8002;
16024753;8061;
16025262;8052;
16025771;8011;
16026280;7957;
16026789;7976;
16027298;7917;
16027807;7917;
16028316;7918;
16028825;7910;
16029334;7901;
16029843;7899;
16030352;7954;
16030861;8010;
16031370;8037;
16031879;8037;
16032388;8063;
16032897;7996;
16033406;8019;
16033915;7994;
16034423;8022;
16034932;8037;
16035441;8081;
16035950;8088;
16036459;8139;
16036968;8129;
16037477;8038;
16037986;8131;
16038495;8298;
16039004;8304;
16039513;8249;
16040022;8182;
16040531;8117;
16041040;8089;
16041549;8132;
16042058;8219;
16042567;8274;
16043076;8307;
16043585;8321;
16044094;8344;
16044603;8364;
16045112;8384;
16045621;8378;
16046130;8373;
16046639;8370;
16047147;8350;
16047656;8340;
16048165;8335;
16048674;8338;
16049183;8345;
16049692;8351;
16050201;8359;
16050710;8358;
16051219;8369;
16051728;8396;
16052237;8420;
16052746;8451;
16053255;8456;
16053764;8471;
16054273;8470;
16054782;8465;
16055291;8474;
16055800;8477;
16056309;8475;
16056818;8489;
16057327;8485;
16057836;8436;
16058345;8373;
16058854;8215;
16059363;8073;
16059872;7981;
16060381;7979;
16060890;8040;
16061399;8134;
16061908;8265;
16062417;8230;
16062926;8261;
16063435;8273;
16063944;8275;
16064453;8297;
16064962;8294;
16065471;8272;
16065980;8244;
16066489;8163;
16066997;8062;
16067506;7930;
16068015;7773;
16068524;7645;
16069033;7600;
16069542;7600;
16070051;7581;
16070560;7578;
16071069;7591;
16071578;7579;
16072087;7561;
16072596;7545;
16073105;7525;
16073614;7499;
16074123;7487;
16074632;7486;
16075141;7496;
16075650;7499;
16076159;7492;
16076668;7454;
16077177;7436;
16077685;7400;
16078194;7364;
16078703;7413;
16079212;7427;
16079721;7507;
16080230;7697;
16080739;7756;
16081248;7856;
16081757;8012;
16082266;8019;
16082775;8037;
16083284;8049;
16083793;7995;
16084302;7970;
16084811;7951;
16085320;7926;
16085829;7921;
16086338;7900;
16086847;7902;
16087356;7887;
16087865;7906;
16088374;7933;
16088882;7979;
16089391;7981;
16089900;8007;
16090409;7996;
16090918;7983;
16091427;7990;
16091936;8001;
16092445;8013;
16092954;8053;
16093463;8083;
16093972;8098;
16094481;8100;
16094990;8129;
16095499;8187;
16096008;8191;
16096517;8147;
16097025;8055;
16097534;8068;
16098043;8056;
16098552;8114;
16099061;8350;
16099570;8335;
16100079;8281;
16100588;8205;
16101097;8175;
16101606;8124;
16102115;8119;
16102624;8129;
16103133;8163;
16103642;8210;
16104151;8250;
16104660;8251;
16105169;8333;
16105678;8350;
16106186;8363;
16106695;8373;
16107204;8377;
16107713;8399;
16108222;8388;
16108731;8381;
16109240;8358;
16109749;8360;
16110258;8354;
16110767;8350;
16111276;8335;
16111785;8344;
16112294;8347;
16112803;8351;
16113312;8350;
16113821;8363;
16114330;8377;
16114839;8383;
16115347;8410;
16115856;8417;
