10762819;7853;
10763328;7982;
10763837;8027;
10764346;8081;
10764854;8242;
10765363;8157;
10765872;8156;
10766381;8141;
10766890;8089;
10767398;8087;
10767907;8081;
10768416;8067;
10768925;8067;
10769433;8057;
10769942;8052;
10770451;7882;
10770960;7933;
10771469;7948;
10771977;7920;
10772486;7930;
10772995;7908;
10773504;7893;
10774012;7935;
10774521;7923;
10775030;7949;
10775539;7879;
10776048;7831;
10776556;7797;
10777065;7752;
10777574;7766;
10778083;7768;
10778592;7663;
10779100;7667;
10779609;7766;
10780118;7651;
10780627;7600;
10781136;7599;
10781644;7586;
10782153;7614;
10782662;7599;
10783171;7658;
10783680;7584;
10784188;7631;
10784697;7478;
10785206;7368;
10785715;7396;
10786224;7510;
10786732;7690;
10787241;7652;
10787750;7581;
10788259;7601;
10788768;7598;
10789276;7573;
10789785;7489;
10790294;7414;
10790803;7404;
10791312;7368;
10791820;7393;
10792329;7388;
10792838;7413;
10793347;7424;
10793855;7352;
10794364;7375;
10794873;7375;
10795382;7315;
10795891;7302;
10796399;7303;
10796908;7297;
10797417;7320;
10797926;7293;
10798435;7190;
10798944;7203;
10799452;7222;
10799961;7311;
10800470;7485;
10800979;7634;
10801487;7695;
10801996;7766;
10802505;7848;
10803014;7844;
10803523;7834;
10804031;7794;
10804540;7776;
10805049;7694;
10805558;7666;
10806066;7674;
10806575;7744;
10807084;7823;
10807593;7956;
10808102;7924;
10808610;7783;
10809119;7737;
10809628;7737;
10810137;7918;
10810646;8196;
10811154;8100;
10811663;7938;
10812172;7618;
10812681;7379;
10813190;7362;
10813698;7353;
10814207;7441;
10814716;7567;
10815225;7456;
10815733;7572;
10816242;7917;
10816751;7902;
10817260;7815;
10817769;7781;
10818277;7763;
10818786;7740;
10819295;7868;
10819804;7858;
10820313;7854;
10820821;7820;
10821330;7780;
10821839;7809;
10822348;7893;
10822857;7943;
10823365;7975;
10823874;8011;
10824383;7968;
10824892;7952;
10825401;8047;
10825909;8098;
10826418;7977;
10826927;7970;
10827436;7889;
10827944;7984;
10828453;7930;
10828962;7958;
10829471;8007;
10829979;8124;
10830488;8163;
10830997;8124;
10831506;7976;
10832014;7903;
10832523;7901;
10833032;7871;
10833541;7881;
10834049;7846;
10834558;7901;
10835067;8005;
10835576;7967;
10836085;7860;
10836593;7887;
10837102;7880;
10837611;7811;
10838120;7803;
10838629;7834;
10839137;7824;
10839646;7837;
10840155;7819;
10840664;7852;
10841173;7913;
10841681;7814;
10842190;7944;
10842699;7892;
10843208;7821;
10843717;7934;
10844225;7994;
10844734;8007;
10845243;7942;
10845752;8001;
10846260;8006;
10846769;8021;
10847278;8000;
10847787;7920;
10848295;7826;
10848804;7822;
10849313;7754;
10849822;7746;
10850331;7813;
10850839;7884;
10851348;7864;
10851857;7848;
10852366;7735;
10852875;7733;
10853383;7789;
10853892;7737;
10854401;7711;
10854910;7668;
10855419;7649;
10855927;7646;
10856436;7647;
10856945;7630;
10857454;7652;
10857963;7695;
10858471;7658;
10858980;7657;
10859489;7711;
10859998;7793;
10860507;7789;
10861015;7753;
10861524;7669;
10862033;7591;
10862542;7425;
10863050;7346;
10863559;7405;
10864068;7457;
10864577;7564;
10865086;7655;
10865594;7755;
10866103;7876;
10866612;7955;
10867121;7940;
10867630;7818;
10868138;7702;
10868647;7728;
10869156;7729;
10869665;7667;
10870173;7630;
10870682;7643;
10871191;7584;
10871700;7595;
10872209;7616;
10872717;7606;
10873226;7516;
10873735;7458;
10874244;7468;
10874752;7476;
10875261;7558;
10875770;7551;
10876279;7541;
10876788;7404;
10877296;7453;
10877805;7508;
10878314;7399;
10878823;7257;
10879331;7282;
10879840;7340;
10880349;7345;
10880858;7339;
10881367;7372;
10881875;7380;
10882384;7424;
10882893;7408;
10883402;7338;
10883911;7323;
10884419;7312;
10884928;7278;
10885437;7246;
10885946;7233;
10886454;7356;
10886963;7478;
10887472;7573;
10887981;7636;
10888490;7708;
10888998;7730;
10889507;7771;
10890016;7845;
10890525;8007;
10891033;7943;
10891542;7894;
10892051;7845;
10892560;7841;
10893069;7826;
10893577;7783;
10894086;7775;
10894595;7764;
10895103;7750;
10895612;7707;
10896121;7854;
10896630;7832;
10897139;7668;
10897647;7690;
10898156;7750;
10898665;7761;
10899174;7744;
10899682;7775;
10900191;7800;
10900700;7797;
10901209;7780;
10901718;7759;
10902226;7795;
10902735;7808;
10903244;7917;
10903753;7968;
10904262;8026;
10904770;7901;
10905279;7893;
10905788;7805;
10906297;7795;
10906805;7805;
10907314;7853;
10907823;7966;
10908332;8058;
10908841;7996;
10909349;7938;
10909858;7826;
10910367;7769;
10910876;7704;
10911385;7555;
10911893;7375;
10912402;7306;
10912911;7304;
10913420;7299;
10913928;7266;
10914437;7257;
10914946;7265;
10915455;7349;
10915963;7618;
10916472;7727;
10916981;7801;
10917490;7793;
10917999;7827;
10918507;7888;
10919016;8003;
10919525;8018;
10920034;8019;
10920542;8022;
10921051;7980;
10921560;7901;
10922069;7812;
10922577;7822;
10923086;7829;
10923595;7749;
10924104;7723;
10924612;7722;
10925121;7728;
10925630;7729;
10926139;7739;
10926647;7739;
10927156;7760;
10927665;7782;
10928174;7782;
10928682;7783;
10929191;7823;
10929700;7841;
10930209;7822;
10930717;7833;
10931226;7846;
10931735;7825;
10932244;7782;
10932752;7751;
10933261;7725;
10933770;7696;
10934279;7678;
10934788;7704;
10935296;7744;
10935805;7745;
10936314;8046;
10936823;8169;
10937331;8167;
10937840;8025;
10938349;8085;
10938858;7934;
10939366;7936;
10939875;7961;
10940384;8071;
10940893;8183;
10941401;8173;
10941910;8206;
10942419;8200;
10942928;8195;
10943436;8210;
10943945;8183;
10944454;8159;
10944963;8161;
10945471;8150;
10945980;8137;
10946489;8124;
10946998;8018;
10947506;7949;
10948015;7984;
10948524;8019;
10949033;7985;
10949541;8006;
10950050;8018;
10950559;7913;
10951068;7916;
10951577;7907;
10952085;7884;
10952594;7971;
10953103;8001;
10953612;7956;
10954121;7831;
10954629;7786;
10955138;7820;
10955647;7857;
10956156;7799;
10956664;7812;
10957173;7832;
10957682;7842;
10958191;7857;
10958699;7759;
10959208;7822;
10959717;7998;
10960226;7954;
10960734;7892;
10961243;7872;
10961752;7965;
10962261;7927;
10962769;7875;
10963278;7975;
10963787;7971;
10964296;7987;
10964805;7955;
10965313;7942;
10965822;7913;
10966331;7867;
10966840;7857;
10967348;7826;
10967857;7730;
10968366;7751;
10968875;7738;
10969383;7702;
10969892;7698;
10970401;7704;
10970910;7671;
10971419;7626;
10971927;7659;
10972436;7641;
10972945;7372;
10973454;7450;
10973963;7495;
10974471;7650;
10974980;7727;
10975489;7927;
10975998;7673;
10976507;7676;
10977015;7542;
10977524;7488;
10978033;7474;
10978542;7407;
10979050;7387;
10979559;7380;
10980068;7384;
10980577;7405;
10981086;7439;
10981594;7393;
10982103;7356;
10982612;7325;
10983121;7282;
10983630;7252;
10984138;7257;
10984647;7289;
10985156;7307;
10985665;7325;
10986174;7286;
10986682;7257;
10987191;7212;
10987700;7242;
10988209;7230;
10988717;7284;
10989226;7307;
10989735;7379;
10990244;7547;
10990753;7619;
10991261;7773;
10991770;8009;
10992279;7886;
10992788;7859;
10993296;7843;
10993805;7857;
10994314;7837;
10994823;7838;
10995332;7817;
10995840;7798;
10996349;7847;
10996858;7933;
10997367;7866;
10997876;7793;
10998384;7776;
10998893;7793;
10999402;7815;
10999911;7811;
11000419;7865;
11000928;7892;
11001437;7945;
11001946;8110;
11002454;8042;
11002963;7915;
11003472;7626;
11003981;7379;
11004490;7365;
11004998;7453;
11005507;7578;
11006016;7851;
11006525;7926;
15588573;7693;
15589082;7718;
15589591;7809;
15590100;7955;
15590609;7890;
15591118;7887;
15591627;7806;
15592136;7819;
15592645;7882;
15593154;7972;
15593663;7959;
15594171;7937;
15594680;7946;
15595189;7951;
15595698;7956;
15596207;7971;
15596716;7913;
15597225;7826;
15597734;7951;
15598243;7962;
15598752;7885;
15599261;7848;
15599770;7995;
15600279;8040;
15600788;8030;
15601297;8042;
15601806;8056;
15602315;8076;
15602824;8087;
15603333;8074;
15603842;8030;
15604351;7998;
15604860;8001;
15605369;8018;
15605878;8052;
15606387;8092;
15606896;8173;
15607405;8174;
15607914;8198;
15608423;8206;
15608932;8215;
15609441;8191;
15609950;8165;
15610459;8115;
15610968;8060;
15611477;8023;
15611986;7991;
15612495;7985;
15613004;7981;
15613513;7974;
15614022;8000;
15614531;8025;
15615040;8027;
15615549;8028;
15616058;8035;
15616567;8057;
15617076;8050;
15617585;8043;
15618093;8042;
15618602;8030;
15619111;8006;
15619620;7991;
15620129;7969;
15620638;7983;
15621147;7954;
15621656;7921;
15622165;7898;
15622674;7855;
15623183;7826;
15623692;7758;
15624201;7770;
15624710;7768;
15625220;7778;
15625729;7768;
15626238;7755;
15626747;7732;
15627256;7715;
15627765;7692;
15628274;7700;
15628783;7715;
15629292;7706;
15629801;7735;
15630310;7730;
15630819;7725;
15631328;7738;
15631837;7746;
15632346;7663;
15632855;7677;
15633364;7631;
15633873;7614;
15634382;7716;
15634891;7799;
15635400;7922;
15635909;7936;
15636418;7967;
15636927;7970;
15637436;7972;
15637945;7964;
15638454;7979;
15638963;7991;
15639472;7992;
15639981;7979;
15640490;7949;
15640999;7908;
15641508;7905;
15642017;7903;
15642526;7912;
15643035;7918;
15643544;7922;
15644053;7921;
15644562;7910;
15645071;7901;
15645580;7898;
15646089;7875;
15646598;7855;
15647107;7830;
15647616;7802;
15648125;7733;
15648634;7692;
15649143;7656;
15649652;7613;
15650161;7581;
15650670;7536;
15651179;7527;
15651688;7533;
15652197;7553;
15652706;7594;
15653215;7528;
15653724;7429;
15654233;7366;
15654742;7330;
15655251;7463;
15655760;7431;
15656269;7485;
15656778;7556;
15657287;7645;
15657796;7779;
15658305;7826;
15658814;7769;
15659323;7729;
15659832;7701;
15660341;7693;
15660850;7657;
15661359;7642;
15661868;7632;
15662377;7638;
15662886;7643;
15663395;7659;
15663904;7658;
15664413;7659;
15664922;7609;
15665431;7608;
15665940;7633;
15666449;7666;
15666958;7657;
15667467;7639;
15667976;7646;
15668485;7653;
15668994;7606;
15669503;7552;
15670012;7536;
15670521;7546;
15671030;7572;
15671539;7592;
15672048;7588;
15672557;7592;
15673066;7582;
15673575;7578;
15674084;7565;
15674593;7537;
15675102;7516;
15675611;7484;
15676120;7477;
15676629;7467;
15677138;7463;
15677647;7462;
15678156;7456;
15678665;7461;
15679174;7454;
15679684;7440;
15680193;7400;
15680702;7390;
15681211;7419;
15681720;7452;
15682229;7543;
15682738;7622;
15683247;7645;
15683756;7722;
15684265;7823;
15684774;7926;
15685283;7915;
15685792;7919;
15686301;7904;
15686810;7893;
15687319;7905;
15687828;7898;
15688337;7868;
15688846;7886;
15689355;7898;
15689864;7908;
15690373;7949;
15690882;8022;
15691391;8033;
15691900;8023;
15692409;8029;
15692918;8046;
15693427;8041;
15693936;8031;
15694445;8033;
15694954;8044;
15695463;8034;
15695972;8039;
15696482;8059;
15696991;8062;
15697500;8075;
15698009;8086;
15698518;8071;
15699027;8069;
15699536;8098;
15700045;8153;
15700554;8192;
15701063;8224;
15701572;8256;
15702081;8275;
15702590;8260;
15703099;8253;
15703608;8229;
15704117;8176;
15704626;8113;
15705135;7956;
15705644;7776;
15706153;7610;
15706662;7568;
15707171;7521;
15707680;7496;
15708189;7490;
15708698;7506;
15709207;7498;
15709716;7484;
15710225;7533;
15710734;7590;
15711243;7707;
15711752;7839;
15712261;7920;
15712770;7995;
15713279;8009;
15713788;8038;
15714297;8023;
15714806;8047;
15715315;8031;
15715824;8032;
15716333;8012;
15716842;8011;
15717351;8002;
15717860;8003;
15718369;8004;
15718878;7991;
15719387;7988;
15719896;7981;
15720405;7979;
15720914;8000;
15721423;8015;
15721932;8007;
15722441;7990;
15722950;7971;
15723459;7976;
15723968;7993;
15724477;8021;
15724986;8046;
15725495;8046;
15726003;8044;
15726512;8062;
15727021;8049;
15727530;8056;
15728039;8029;
15728548;7992;
15729057;8007;
15729566;8062;
15730075;8111;
15730584;8153;
15731093;8174;
15731602;8171;
15732111;8201;
15732620;8212;
15733129;8183;
15733638;8106;
15734147;8022;
15734656;7979;
15735165;7976;
15735674;7996;
15736183;8015;
15736692;8035;
15737201;8049;
15737710;8041;
15738219;8015;
15738728;7980;
15739237;7961;
15739746;7940;
15740255;7915;
15740764;7865;
15741273;7815;
15741782;7760;
15742291;7766;
15742800;7750;
15743309;7736;
15743818;7720;
15744327;7679;
15744836;7688;
15745345;7705;
15745853;7714;
15746362;7725;
15746871;7725;
15747380;7737;
15747889;7718;
15748398;7738;
15748907;7760;
15749416;7763;
15749925;7786;
15750434;7831;
15750944;7924;
15751453;7955;
15751962;7996;
15752471;7980;
15752980;7986;
15753489;7987;
15753998;7986;
15754507;7950;
15755016;7906;
15755525;7912;
15756034;7899;
15756543;7884;
15757052;7879;
15757561;7873;
15758070;7861;
15758579;7851;
15759088;7818;
15759597;7788;
15760106;7771;
15760615;7755;
15761124;7715;
15761633;7686;
15762142;7665;
15762651;7639;
15763160;7622;
15763669;7606;
15764178;7580;
15764687;7533;
15765196;7518;
15765705;7524;
15766214;7539;
15766723;7552;
15767232;7553;
15767741;7559;
15768250;7612;
15768759;7550;
15769268;7426;
15769777;7340;
15770286;7317;
15770795;7373;
15771304;7415;
15771813;7449;
15772322;7492;
15772831;7584;
15773340;7686;
15773849;7806;
15774358;7798;
15774867;7748;
15775376;7714;
15775885;7632;
15776394;7582;
15776903;7612;
15777412;7573;
15777921;7564;
15778430;7627;
15778939;7648;
15779448;7645;
15779957;7626;
15780466;7586;
15780975;7610;
15781484;7645;
15781993;7649;
15782502;7629;
15783011;7643;
15783520;7620;
15784029;7574;
15784538;7528;
15785047;7510;
15785556;7604;
15786065;7552;
15786574;7536;
15787083;7523;
15787592;7465;
15788101;7340;
15788610;7278;
15789119;7267;
15789628;7237;
15790137;7211;
15790645;7380;
15791154;7447;
15791663;7558;
15792172;7589;
15792681;7655;
15793190;7863;
15793699;7952;
15794208;7918;
15794717;7892;
15795226;7904;
15795735;7887;
15796244;7899;
15796753;7909;
15797262;7889;
15797771;7873;
15798280;7854;
15798789;7848;
15799298;7868;
15799807;7876;
15800316;7884;
15800825;7884;
15801334;7982;
15801843;8012;
15802352;8050;
15802861;7897;
15803370;8002;
15803879;8040;
15804388;8029;
15804897;8024;
15805406;7961;
15805915;7942;
15806424;8047;
15806933;8140;
15807442;8237;
15807951;8235;
15808460;8146;
15808969;7992;
15809478;7839;
15809987;7658;
15810496;7523;
15811005;7472;
15811514;7468;
15812023;7479;
15812532;7479;
15813041;7463;
15813550;7532;
15814059;7689;
15814568;7778;
15815077;7900;
15815586;7963;
15816095;7980;
15816604;7996;
15817113;8010;
15817622;7996;
15818131;7991;
15818640;7998;
15819149;7980;
15819658;7975;
15820167;7969;
15820676;7955;
15821185;7953;
15821694;7960;
15822203;7963;
15822712;7970;
15823221;8000;
15823730;7965;
15824239;7959;
15824748;7958;
15825257;7986;
15825766;8022;
15826274;8034;
15826783;8008;
15827292;8037;
15827801;8059;
15828310;8056;
15828819;7992;
15829328;7966;
15829837;7999;
