9481779;12920;
9482288;12921;
9482796;12857;
9483305;12901;
9483814;12857;
9484322;12962;
9484831;12933;
9485339;12884;
9485848;12853;
9486357;12813;
9486865;12745;
9487374;12724;
9487882;12769;
9488391;12789;
9488900;12830;
9489408;12859;
9489917;12956;
9490426;12998;
9490934;12979;
9491443;12914;
9491951;12868;
9492460;12839;
9492969;12820;
9493477;12802;
9493986;12780;
9494494;12745;
9495003;12788;
9495512;12854;
9496020;12895;
9496529;12875;
9497038;12898;
9497546;12896;
9498055;12817;
9498563;12785;
9499072;12836;
9499581;12952;
9500089;13128;
9500598;13044;
9501107;13002;
9501615;12974;
9502124;12954;
9502632;12960;
9503141;12950;
9503650;12963;
9504158;12982;
9504667;13016;
9505176;13040;
9505684;13066;
9506193;13003;
9506702;12979;
9507210;12860;
9507719;12806;
9508228;12774;
9508736;12620;
9509245;12691;
9509753;12932;
9510262;13060;
9510771;13077;
9511279;13106;
9511788;13097;
9512297;13067;
9512805;13068;
9513314;13031;
9513823;13053;
9514331;13091;
9514840;13098;
9515349;13087;
9515857;13051;
9516366;13067;
9516875;13145;
9517383;13141;
9517892;13102;
9518400;13062;
9518909;13105;
9519418;13107;
9519926;13095;
9520435;13097;
9520944;13142;
9521452;13130;
9521961;13066;
9522470;12957;
9522978;12751;
9523487;12512;
9523996;12383;
9524504;12436;
9525013;12545;
9525522;12739;
9526030;12891;
9526539;12956;
9527048;12938;
9527556;12952;
9528065;12966;
9528574;12979;
9529082;12984;
9529591;12971;
9530100;12900;
9530608;12842;
9531117;12849;
9531626;12841;
9532134;12849;
9532643;12857;
9533152;12837;
9533660;12800;
9534169;12925;
9534678;12930;
9535186;12948;
9535695;12948;
9536204;12971;
9536712;12955;
9537221;12948;
9537730;12955;
9538238;12958;
9538747;12916;
9539255;12900;
9539764;12846;
9540273;12818;
9540781;12778;
9541290;12671;
9541799;12696;
9542307;12671;
9542816;12691;
9543325;12798;
9543833;12817;
9544342;12858;
9544851;12897;
9545359;12956;
9545868;12957;
9546377;12937;
9546885;12944;
9547394;12956;
9547903;12960;
9548411;12952;
9548920;12990;
9549429;12941;
9549937;12922;
9550446;12872;
9550955;12884;
9551463;12857;
9551972;12861;
9552481;12813;
9552989;12787;
9553498;12784;
9554007;12797;
9554515;12805;
9555024;12824;
9555533;12866;
9556041;12891;
9556550;12897;
9557059;12925;
9557567;12913;
9558076;12893;
9558585;12869;
9559093;12821;
9559602;12811;
9560111;12847;
9560619;12912;
9561128;12973;
9561636;13062;
9562145;13067;
9562654;13030;
9563162;12993;
9563671;12986;
9564180;12969;
9564688;12993;
9565197;12991;
9565706;12975;
9566214;12898;
9566723;13037;
9567232;13017;
9567740;13041;
9568249;13094;
9568758;13139;
9569266;13171;
9569775;13172;
9570284;13067;
9570792;12930;
9571301;12717;
9571809;12745;
9572318;13043;
9572827;13159;
9573336;13123;
9573844;13113;
9574353;13074;
9574861;13127;
9575370;13141;
9575879;13144;
9576388;13111;
9576896;13100;
9577405;13173;
9577914;13181;
9578422;13185;
9578931;13183;
9579440;13219;
9579948;13187;
9580457;13167;
9580966;13175;
9581474;13180;
9581983;13201;
9582492;13196;
9583001;13234;
9583509;13227;
9584018;13207;
9584527;13156;
9585035;13106;
9585544;13008;
9586053;12782;
9586561;12505;
9587070;12358;
9587579;12414;
9588087;12488;
9588596;12674;
9589105;12837;
9589613;12888;
9590122;12952;
9590631;12943;
9591139;12905;
9591648;12825;
9592157;12834;
9592666;12842;
9593174;12945;
9593683;12941;
9594192;12837;
9594700;12785;
9595209;12783;
9595718;12819;
9596226;12817;
9596735;12837;
9597244;12910;
9597752;12948;
9598261;12949;
9598770;12986;
9599278;13017;
9599787;12990;
9600296;12938;
9600804;12980;
9601313;13021;
9601822;12966;
9602331;12945;
9602839;12806;
9603348;12821;
9603857;12816;
9604365;12705;
9604874;12722;
9605382;12589;
9605891;12701;
9606400;12639;
9606908;12743;
9607417;12860;
9607926;12865;
9608434;12914;
9608943;12962;
9609452;12997;
9609960;13027;
9610469;13013;
9610978;12990;
9611486;12955;
9611995;12915;
9612504;12921;
9613012;12888;
9613521;12860;
9614030;12831;
9614538;12846;
9615047;12868;
9615556;12938;
9616064;12934;
9616573;12945;
9617082;12962;
9617591;12956;
9618099;12973;
9618608;12990;
9619117;12960;
9619625;12842;
9620134;12908;
9620643;12900;
9621151;12897;
9621660;12985;
9622169;13176;
9622677;13160;
9623186;13143;
9623695;13024;
9624203;12981;
9624712;12989;
9625221;13019;
9625730;13048;
9626238;13081;
9626747;13064;
9627256;13029;
9627764;13081;
9628273;13103;
9628782;13147;
9629290;13157;
9629799;13070;
9630308;12819;
9630816;12523;
9631325;12820;
9631834;13161;
9632342;13147;
9632851;13147;
9633360;13133;
9633868;13115;
9634377;13138;
9634886;13162;
9635394;13172;
9635903;13180;
9636412;13193;
9636920;13192;
9637429;13189;
9637938;13192;
9638447;13190;
9638955;13178;
9639464;13176;
9639973;13203;
9640481;13229;
9640990;13082;
9641499;12792;
9642007;12547;
9642516;12483;
9643025;12548;
9643533;12666;
9644042;12807;
9644551;12937;
9645059;12948;
9645568;12965;
9646077;12990;
9646585;13010;
9647094;12975;
9647603;12929;
9648111;12891;
9648620;12845;
9649129;12965;
9649637;12904;
9650146;12939;
9650655;12916;
9651163;12849;
9651672;12863;
9652181;12990;
9652689;12918;
9653198;12890;
9653707;12898;
9654215;12850;
9654724;12822;
9655233;12876;
9655742;12827;
9656250;12780;
9656759;12714;
9657268;12623;
9657776;12634;
9658285;12635;
9658794;12674;
9659302;12735;
9659811;12795;
9660320;12866;
9660828;12903;
9661337;12939;
9661846;12914;
9662354;12997;
9662863;12993;
9663372;12965;
9663880;12986;
9664389;12987;
9664898;12943;
9665406;12915;
9665915;12895;
9666424;12874;
9666932;12857;
9667441;12831;
9667950;12815;
9668458;12777;
9668967;12851;
9669476;12873;
9669984;12921;
9670493;12908;
9671002;12963;
9671510;12954;
9672019;12953;
9672528;12980;
9673037;12919;
9673545;12822;
9674054;12881;
9674563;12926;
9675071;12940;
9675580;13026;
9676089;13087;
9676597;13126;
9677106;13063;
9677615;13069;
9678123;12974;
9678632;12907;
9679141;12949;
9679649;12985;
9680158;12996;
9680667;12977;
9681175;13057;
9681684;13107;
9682193;13041;
9682701;12990;
9683210;12820;
9683719;12735;
9684227;12716;
9684736;12788;
9685244;12844;
9685753;13039;
9686262;13244;
9686770;13278;
9687279;13290;
9687788;13272;
9688296;13302;
9688805;13212;
9689314;13177;
9689822;13094;
9690331;13104;
9690839;13099;
9691348;13100;
9691857;13170;
9692365;13203;
9692874;13211;
9693383;13097;
9693891;13176;
9694400;13169;
9694908;13218;
9695417;13223;
9695926;13212;
9696434;13157;
9696943;13166;
9697452;13148;
9697960;13231;
9698469;13169;
9698978;13183;
9699486;13178;
9699995;13171;
9700504;13161;
9701012;13218;
9701521;13069;
9702030;12802;
9702538;12515;
9703047;12495;
9703556;12670;
9704064;12871;
9704573;12969;
9705081;13012;
9705590;12921;
9706099;12936;
9706607;12975;
9707116;12928;
9707625;12929;
9708133;12922;
9708642;13012;
9709151;13027;
9709659;13023;
9710168;13040;
9710677;13042;
9711185;13045;
9711694;13018;
9712203;12991;
9712711;12947;
9713220;12924;
9713728;12902;
9714237;12869;
9714746;12812;
9715254;12771;
9715763;12775;
9716272;12752;
9716780;12826;
9717289;12877;
9717798;12909;
9718306;12942;
9718815;12985;
9719323;13009;
9719832;13013;
9720341;13036;
9720849;13039;
9721358;13041;
9721866;13010;
9722375;12995;
9722884;12971;
9723392;12952;
9723901;12942;
9724410;12851;
15876658;13027;
15877167;13025;
15877675;13038;
15878184;13076;
15878693;13188;
15879202;13155;
15879711;13196;
15880220;13179;
15880728;13110;
15881237;13124;
15881746;13074;
15882255;13083;
15882764;13108;
15883272;13095;
15883781;13094;
15884290;13102;
15884799;13116;
15885308;13150;
15885817;13237;
15886325;13335;
15886834;13367;
15887343;13339;
15887852;13283;
15888361;13128;
15888870;13087;
15889379;13167;
15889887;13110;
15890396;13128;
15890905;13147;
15891414;13130;
15891923;13147;
15892432;13185;
15892940;13147;
15893449;13121;
15893958;13167;
15894467;13185;
15894976;13203;
15895485;13203;
15895993;13285;
15896502;13328;
15897011;13359;
15897520;13411;
15898029;13442;
15898538;13449;
15899046;13447;
15899555;13413;
15900064;13438;
15900573;13502;
15901082;13432;
15901591;13445;
15902100;13506;
15902609;13548;
15903117;13528;
15903626;13515;
15904135;13502;
15904644;13468;
15905153;13453;
15905662;13420;
15906171;13436;
15906679;13412;
15907188;13449;
15907697;13454;
15908206;13462;
15908715;13458;
15909224;13457;
15909733;13446;
15910242;13450;
15910750;13455;
15911259;13443;
15911768;13451;
15912277;13449;
15912786;13413;
15913295;13407;
15913804;13418;
15914313;13435;
15914821;13464;
15915330;13452;
15915839;13440;
15916348;13454;
15916857;13479;
15917366;13493;
15917875;13504;
15918384;13516;
15918893;13534;
15919401;13546;
15919910;13543;
15920419;13562;
15920928;13555;
15921437;13564;
15921946;13565;
15922455;13544;
15922964;13522;
15923473;13525;
15923981;13632;
15924490;13596;
15924999;13595;
15925508;13627;
15926017;13637;
15926526;13642;
15927035;13621;
15927544;13580;
15928053;13472;
15928562;13298;
15929070;13147;
15929579;12979;
15930088;12934;
15930597;12921;
15931106;12957;
15931615;13066;
15932124;13274;
15932633;13455;
15933142;13470;
15933651;13477;
15934159;13486;
15934668;13461;
15935177;13481;
15935686;13452;
15936195;13469;
15936704;13462;
15937213;13457;
15937722;13446;
15938231;13443;
15938740;13415;
15939249;13292;
15939757;13186;
15940266;13068;
15940775;12904;
15941284;12666;
15941793;12547;
15942302;12534;
15942811;12526;
15943320;12521;
15943829;12533;
15944338;12507;
15944847;12515;
15945356;12521;
15945865;12524;
15946374;12533;
15946882;12481;
15947391;12456;
15947900;12524;
15948409;12507;
15948918;12490;
15949427;12427;
15949936;12385;
15950445;12400;
15950954;12508;
15951463;12691;
15951972;12944;
15952481;13138;
15952990;13216;
15953499;13291;
15954007;13270;
15954516;13225;
15955025;13164;
15955534;13141;
15956043;13135;
15956552;13131;
15957061;13127;
15957570;13128;
15958079;13178;
15958588;13219;
15959097;13230;
15959606;13244;
15960115;13219;
15960624;13221;
15961133;13231;
15961641;13232;
15962150;13260;
15962659;13277;
15963168;13254;
15963677;13234;
15964186;13294;
15964695;13329;
15965204;13228;
15965713;13141;
15966222;13137;
15966731;13166;
15967240;13215;
15967749;13248;
15968258;13301;
15968767;13382;
15969276;13364;
15969785;13277;
15970294;13256;
15970802;13191;
15971311;13207;
15971820;13236;
15972329;13275;
15972838;13276;
15973347;13285;
15973856;13311;
15974365;13348;
15974874;13381;
15975383;13453;
15975892;13517;
15976401;13563;
15976910;13552;
15977419;13573;
15977928;13558;
15978437;13583;
15978946;13568;
15979455;13546;
15979964;13533;
15980473;13524;
15980982;13531;
15981491;13512;
15982000;13498;
15982509;13494;
15983018;13507;
15983527;13513;
15984036;13506;
15984545;13506;
15985054;13497;
15985563;13522;
15986072;13498;
15986581;13505;
15987090;13512;
15987599;13523;
15988108;13542;
15988617;13577;
15989126;13581;
15989635;13592;
15990144;13606;
15990653;13613;
15991162;13586;
15991671;13588;
15992180;13587;
15992689;13649;
15993198;13641;
15993707;13652;
15994216;13628;
15994724;13608;
15995233;13619;
15995742;13626;
15996251;13628;
15996760;13611;
15997269;13617;
15997778;13617;
15998287;13615;
15998796;13632;
15999305;13651;
15999814;13637;
16000323;13586;
16000832;13569;
16001341;13484;
16001850;13322;
16002359;13043;
16002868;12838;
16003377;12915;
16003886;13088;
16004395;13267;
16004904;13420;
16005413;13455;
16005922;13456;
16006431;13462;
16006940;13451;
16007449;13463;
16007958;13429;
16008467;13494;
16008976;13464;
16009485;13378;
16009994;13246;
16010503;13029;
16011012;12904;
16011521;12783;
16012030;12673;
16012539;12577;
16013048;12520;
16013557;12512;
16014066;12523;
16014575;12514;
16015084;12508;
16015593;12520;
16016102;12524;
16016611;12547;
16017120;12521;
16017629;12522;
16018138;12500;
16018647;12492;
16019155;12466;
16019664;12389;
16020173;12398;
16020682;12592;
16021191;12740;
16021700;13004;
16022209;13076;
16022718;13213;
16023227;13265;
16023736;13295;
16024245;13281;
16024754;13229;
16025263;13197;
16025772;13191;
16026281;13166;
16026790;13139;
16027299;13139;
16027808;13129;
16028317;13144;
16028826;13139;
16029335;13170;
16029844;13211;
16030352;13260;
16030861;13300;
16031370;13297;
16031879;13281;
16032388;13277;
16032897;13243;
16033406;13286;
16033915;13277;
16034424;13298;
16034933;13277;
16035442;13273;
16035951;13323;
16036460;13189;
16036969;13169;
16037478;13243;
16037987;13446;
16038496;13352;
16039005;13273;
16039514;13243;
16040022;13262;
16040531;13279;
16041040;13271;
16041549;13347;
16042058;13438;
16042567;13544;
16043076;13564;
16043585;13550;
16044094;13563;
16044603;13552;
16045112;13544;
16045621;13518;
16046130;13501;
16046639;13496;
16047148;13491;
16047657;13474;
16048166;13477;
16048675;13487;
16049184;13494;
16049693;13497;
16050202;13514;
16050711;13540;
16051220;13570;
16051729;13586;
16052238;13596;
16052747;13618;
16053256;13629;
16053765;13627;
16054273;13610;
16054782;13613;
16055291;13616;
16055800;13632;
16056309;13644;
16056818;13562;
16057327;13422;
16057836;13233;
16058345;13058;
16058854;12946;
16059363;12980;
16059872;13037;
16060381;13166;
16060890;13360;
16061399;13457;
16061908;13457;
16062417;13425;
16062926;13453;
16063435;13485;
16063944;13485;
16064453;13488;
16064962;13445;
16065471;13331;
16065980;13115;
16066489;12926;
16066998;12758;
16067507;12617;
16068016;12533;
16068525;12509;
16069034;12524;
16069543;12544;
16070052;12517;
16070561;12503;
16071070;12505;
16071579;12537;
16072087;12539;
16072596;12547;
16073105;12550;
16073614;12540;
16074123;12516;
16074632;12513;
16075141;12499;
16075650;12470;
16076159;12415;
16076668;12361;
16077177;12393;
16077686;12442;
16078195;12555;
16078704;12683;
16079213;12876;
16079722;13044;
16080231;13237;
16080740;13254;
16081249;13280;
16081758;13325;
16082267;13263;
16082776;13222;
16083285;13177;
16083794;13161;
16084302;13156;
16084811;13146;
16085320;13134;
16085829;13127;
16086338;13132;
16086847;13153;
16087356;13190;
16087865;13227;
16088374;13231;
16088883;13248;
16089392;13231;
16089901;13215;
16090410;13219;
16090919;13222;
16091428;13240;
16091937;13270;
16092445;13286;
16092954;13279;
16093463;13276;
16093972;13315;
16094481;13350;
16094990;13245;
16095499;13169;
16096008;13140;
16096517;13180;
16097026;13160;
16097535;13306;
16098044;13437;
16098553;13432;
16099062;13353;
16099571;13296;
16100080;13247;
16100589;13256;
16101097;13304;
16101606;13282;
16102115;13296;
16102624;13353;
16103133;13396;
16103642;13467;
16104151;13510;
16104660;13506;
16105169;13557;
16105678;13563;
16106187;13556;
16106696;13551;
16107205;13542;
16107714;13530;
16108223;13518;
16108732;13509;
16109241;13497;
16109750;13499;
16110259;13491;
16110767;13485;
16111276;13486;
16111785;13494;
16112294;13521;
16112803;13509;
16113312;13522;
16113821;13542;
16114330;13573;
16114839;13573;
16115348;13594;
16115857;13602;
