17390493;20306;
17391002;20194;
17391510;20111;
17392018;20120;
17392527;20147;
17393035;20148;
17393544;20177;
17394052;20248;
17394560;20272;
17395069;20207;
17395577;20237;
17396086;20236;
17396594;20056;
17397102;19967;
17397611;19970;
17398119;20024;
17398628;20164;
17399136;20206;
17399645;20204;
17400153;20198;
17400661;20189;
17401170;20164;
17401678;20161;
17402187;20152;
17402695;20178;
17403203;20148;
17403712;20104;
17404220;20023;
17404729;20123;
17405237;20067;
17405746;20051;
17406254;20027;
17406762;19982;
17407271;19982;
17407779;19986;
17408288;20115;
17408796;20095;
17409305;20131;
17409813;20152;
17410322;20159;
17410830;20131;
17411338;20120;
17411847;20112;
17412355;20124;
17412864;20106;
17413372;20112;
17413881;20128;
17414389;20141;
17414897;20000;
17415406;19956;
17415914;20054;
17416423;20216;
17416931;20231;
17417440;20232;
17417948;20225;
17418457;20219;
17418965;20171;
17419473;20084;
17419982;20009;
17420490;19853;
17420999;19807;
17421507;19792;
17422016;19783;
17422524;19651;
17423033;19669;
17423541;19860;
17424050;19838;
17424558;19779;
17425067;19786;
17425575;20044;
17426083;20090;
17426592;20093;
17427100;20098;
17427609;20063;
17428117;20005;
17428626;20000;
17429134;20002;
17429643;19978;
17430151;19981;
17430660;19984;
17431168;19990;
17431676;20030;
17432185;20057;
17432693;20085;
17433202;20103;
17433710;20137;
17434219;20135;
17434727;20146;
17435236;20148;
17435744;20135;
17436253;20110;
17436761;20097;
17437269;20088;
17437778;20023;
17438286;19976;
17438795;19922;
17439303;20009;
17439812;20102;
17440320;20113;
17440829;20107;
17441337;20120;
17441845;20124;
17442354;20123;
17442862;20095;
17443371;20112;
17443879;20127;
17444388;20142;
17444896;20141;
17445405;20198;
17445913;20210;
17446422;20205;
17446930;20213;
17447438;20233;
17447947;20249;
17448455;20256;
17448964;20245;
17449472;20201;
17449981;20231;
17450489;20222;
17450998;20228;
17451506;20234;
17452015;20247;
17452523;20252;
17453032;20270;
17453540;20304;
17454048;20327;
17454557;20341;
17455065;20348;
17455574;20329;
17456082;20365;
17456591;20369;
17457099;20366;
17457608;20378;
17458116;20372;
17458625;20405;
17459133;20419;
17459641;20423;
17460150;20448;
17460658;20461;
17461167;20459;
17461675;20430;
17462184;20467;
17462692;20498;
17463201;20513;
17463709;20501;
17464218;20490;
17464726;20491;
17465235;20433;
17465743;20475;
17466252;20468;
17466760;20442;
17467268;20440;
17467777;20414;
17468285;20403;
17468794;20394;
17469302;20380;
17469811;20356;
17470319;20348;
17470828;20367;
17471336;20371;
17471845;20397;
17472353;20413;
17472861;20443;
17473370;20451;
17473878;20450;
17474387;20451;
17474895;20435;
17475404;20409;
17475912;20382;
17476421;20285;
17476929;20201;
17477438;20196;
17477946;20193;
17478454;20200;
17478963;20204;
17479471;20166;
17479980;20142;
17480488;20114;
17480997;20053;
17481505;20037;
17482014;20035;
17482522;20163;
17483031;20203;
17483539;20184;
17484048;20167;
17484556;20147;
17485065;20159;
17485573;20190;
17486082;20199;
17486590;20210;
17487098;20224;
17487607;20257;
17488115;20250;
17488624;20258;
17489132;20215;
17489641;20161;
17490149;20110;
17490658;20037;
17491166;19920;
17491675;19867;
17492183;19834;
17492692;19827;
17493200;19799;
17493709;19819;
17494217;19837;
17494726;19873;
17495234;19956;
17495743;20023;
17496251;20084;
17496760;20123;
17497268;20099;
17497777;20081;
17498285;20028;
17498794;20023;
17499302;20006;
17499811;20021;
17500319;20016;
17500828;20030;
17501336;20072;
17501845;20085;
17502353;20103;
17502862;20112;
17503370;20147;
17503879;20166;
17504387;20185;
17504896;20157;
17505404;20136;
17505913;20112;
17506421;20102;
17506930;20089;
17507438;20099;
17507947;20144;
17508455;20148;
17508964;20160;
17509472;20156;
17509981;20135;
17510489;20141;
17510998;20137;
17511506;20124;
17512015;20149;
17512523;20155;
17513031;20180;
17513540;20167;
17514048;20182;
17514557;20186;
17515065;20214;
17515574;20237;
17516082;20269;
17516591;20302;
17517099;20146;
17517608;20246;
17518116;20274;
17518625;20403;
17519133;20410;
17519642;20423;
17520150;20449;
17520659;20439;
17521167;20405;
17521675;20405;
17522184;20438;
17522692;20445;
17523201;20442;
17523709;20453;
17524218;20469;
17524726;20510;
17525235;20506;
17525743;20522;
17526252;20530;
17526760;20538;
17527269;20508;
17527777;20524;
17528286;20504;
17528794;20491;
17529303;20474;
17529811;20474;
17530320;20469;
17530828;20455;
17531337;20394;
17531845;20404;
17532354;20386;
17532862;20412;
17533371;20386;
17533879;20392;
17534387;20368;
17534896;20395;
17535404;20381;
17535913;20407;
17536421;20392;
17536930;20427;
17537438;20450;
17537947;20429;
17538455;20438;
17538964;20448;
17539472;20463;
17539981;20465;
17540489;20451;
17540998;20425;
17541506;20376;
17542015;20348;
17542523;20272;
17543032;20244;
17543540;20230;
17544049;20210;
17544557;20224;
17545065;20215;
17545574;20184;
17546082;20153;
17546591;20118;
17547099;20065;
17547608;20092;
17548116;20138;
17548625;20215;
17549133;20195;
17549642;20164;
17550150;20165;
17550659;20189;
17551167;20222;
17551676;20220;
17552184;20286;
17552693;20270;
17553201;20270;
17553710;20227;
17554218;20160;
17554726;20082;
17555235;19990;
17555743;19884;
17556252;19863;
17556760;19845;
17557269;19854;
17557777;19836;
17558286;19805;
17558794;19779;
17559303;19774;
17559811;19831;
17560320;19913;
17560828;20004;
17561337;20096;
17561845;20126;
17562353;20109;
17562862;20095;
17563370;20067;
17563879;20045;
17564387;20029;
17564896;20011;
17565404;20015;
17565913;20058;
17566421;20081;
17566930;20074;
17567438;20108;
17567946;20153;
17568455;20137;
17568963;20155;
17569472;20152;
17569980;20183;
17570489;20174;
17570997;20182;
17571506;20155;
17572014;20143;
17572523;20121;
17573031;20134;
17573540;20130;
17574048;20120;
17574557;20105;
17575065;20105;
17575574;20146;
17576082;20159;
17576591;20154;
17577099;20144;
17577608;20159;
17578116;20161;
17578625;20155;
17579133;20158;
17579642;20128;
17580150;20187;
17580658;20192;
17581167;20200;
17581675;20195;
17582184;20196;
17582692;20202;
17583201;20211;
17583709;20218;
17584218;20225;
17584726;20235;
17585235;20254;
17585743;20269;
17586252;20261;
17586760;20306;
17587269;20273;
17587777;20313;
17588286;20338;
17588794;20393;
17589303;20400;
17589811;20417;
17590320;20443;
17590828;20439;
17591337;20420;
17591845;20423;
17592353;20423;
17592862;20384;
17593370;20370;
17593879;20430;
17594387;20453;
17594896;20492;
17595404;20513;
17595913;20502;
17596421;20400;
17596930;20352;
17597438;20407;
17597947;20475;
17598455;20485;
17598964;20473;
17599472;20459;
17599981;20360;
17600489;20250;
17600998;20337;
17601506;20396;
17602014;20405;
17602523;20439;
17603031;20434;
17603540;20419;
17604048;20373;
17604557;20352;
17605065;20463;
17605574;20461;
17606082;20455;
17606591;20403;
17607099;20325;
17607608;20288;
17608116;20242;
17608625;20236;
17609133;20211;
17609642;20200;
17610150;20131;
17610659;20131;
17611167;20123;
17611675;20084;
17612184;20062;
17612692;20086;
17613201;20187;
17613709;20221;
17614218;20235;
17614726;20225;
17615235;20045;
17615743;20119;
17616252;20209;
17616760;20216;
17617269;20211;
17617777;20263;
17618285;20264;
17618794;20261;
17619302;20099;
17619811;19939;
17620319;19818;
17620828;19844;
17621336;19848;
17621845;19838;
17622353;19744;
17622862;19672;
17623370;19819;
17623878;19778;
17624387;19746;
17624895;19784;
17625404;19805;
17625912;19900;
17626421;20029;
17626929;20005;
17627438;20011;
17627946;19994;
17628455;20007;
17628963;20021;
17629471;19967;
17629980;19928;
17630488;20011;
17630997;20074;
17631505;20078;
17632014;20102;
17632522;20136;
17633031;20149;
17633539;20097;
17634048;20108;
17634556;20060;
17635065;19931;
17635573;19898;
17636082;19939;
17636590;19980;
17637099;19978;
17637607;20060;
17638116;20080;
17638624;20086;
17639133;20060;
17639641;19911;
17640150;19913;
17640658;20015;
17641166;19999;
17641675;19949;
17642183;19917;
17642692;20054;
17643200;20090;
17643709;20136;
17644217;20109;
17644726;20082;
17645234;20122;
17645743;20110;
17646251;19982;
17646760;19976;
17647268;20044;
17647777;20050;
17648285;20149;
17648794;20298;
17649302;20336;
17649811;20267;
17650319;20252;
17650828;20237;
17651336;20312;
17651845;20305;
17652353;20297;
17652862;20305;
17653370;20296;
17653879;20308;
17654388;20319;
17654896;20394;
17655404;20429;
17655913;20432;
17656421;20439;
17656930;20430;
17657438;20418;
17657947;20438;
17658456;20443;
17658964;20491;
17659472;20511;
17659981;20532;
17660489;20563;
17660998;20561;
17661506;20556;
17662015;20512;
17662523;20541;
17663032;20505;
17663540;20507;
17664049;20497;
17664557;20494;
17665066;20501;
17665574;20485;
17666083;20488;
17666591;20465;
17667100;20459;
17667608;20443;
17668117;20421;
17668625;20411;
17669134;20402;
17669642;20383;
17670150;20387;
17670659;20396;
17671167;20405;
17671676;20424;
17672184;20409;
17672693;20410;
17673201;20426;
17673710;20461;
17674218;20467;
17674727;20476;
17675235;20465;
17675744;20468;
17676252;20413;
17676761;20310;
17677269;20418;
17677778;20455;
17678286;20446;
17678795;20427;
17679303;20384;
17679811;20359;
17680320;20309;
17680828;20309;
17681337;20249;
17681845;20229;
17682354;20217;
17682862;20220;
17683371;20215;
17683879;20210;
17684388;20172;
17684896;20087;
17685405;19985;
17685913;20087;
17686422;20073;
17686930;20105;
17687439;20182;
17687947;20207;
17688455;20213;
17688964;20167;
17689472;20164;
17689981;20165;
17690489;20165;
17690998;20159;
17691506;20157;
17692015;20166;
17692523;20181;
17693032;20203;
17693540;20240;
17694049;20271;
17694557;20240;
17695066;20189;
17695574;20108;
17696083;20005;
17696591;19851;
17697100;19626;
17697608;19769;
17698117;19813;
17698625;19768;
17699134;19813;
17699642;19825;
17700151;19838;
17700659;19991;
17701167;20066;
17701676;20151;
17702184;20114;
17702693;20036;
17703201;20028;
17703710;20008;
17704218;19960;
17704727;20003;
17705235;20013;
17705744;20021;
17706252;20022;
17706761;20041;
17707269;20036;
17707778;20102;
17708286;20170;
17708795;20162;
17709303;20132;
17709812;20155;
17710320;20178;
17710829;20177;
17711337;20153;
17711846;20134;
17712354;20094;
17712862;20138;
17713371;20124;
17713879;20064;
17714388;20081;
17714896;20145;
17715405;20119;
17715913;20151;
17716422;20171;
17716930;20166;
17717439;20154;
17717947;20146;
17718456;20147;
17718964;20158;
17719473;20169;
17719981;20168;
17720490;20158;
17720998;20166;
17721507;20223;
17722015;20184;
17722524;20130;
17723032;20098;
17723541;20144;
17724049;20227;
17724558;20226;
17725066;20214;
17725574;20206;
17726083;20255;
17726591;20236;
17727100;20233;
17727608;20285;
17728117;20276;
17728625;20288;
17729134;20300;
17729642;20309;
17730151;20338;
17730659;20341;
17731168;20356;
17731676;20338;
17732185;20305;
17732693;20389;
17733202;20421;
17733710;20437;
17734218;20433;
17734727;20429;
17735235;20409;
17735744;20402;
17736252;20443;
17736761;20460;
17737269;20478;
17737778;20502;
17738286;20524;
17738795;20535;
17739303;20550;
17739812;20558;
17740320;20564;
17740829;20533;
17741337;20517;
17741846;20524;
17742354;20507;
17742863;20502;
17743371;20446;
17743880;20484;
17744388;20466;
17744897;20433;
17745405;20435;
17745914;20419;
17746422;20409;
17746931;20419;
17747439;20423;
17747948;20467;
17748456;20470;
17748965;20487;
17749473;20500;
17749982;20488;
17750490;20475;
17750999;20443;
17751507;20379;
17752016;20325;
17752524;20280;
17753033;20243;
17753541;20227;
17754050;20220;
17754558;20220;
17755067;20178;
17755575;20146;
17756083;20108;
17756592;20070;
17757100;20107;
17757609;20174;
17758117;20234;
17758626;20205;
17759134;20194;
17759643;20198;
17760151;20213;
17760660;20202;
17761168;20272;
17761677;20279;
17762185;20276;
17762694;20212;
17763202;20095;
17763711;19939;
17764219;19748;
17764728;19785;
17765236;19815;
17765745;19767;
17766253;19798;
17766761;19886;
17767270;20006;
17767778;20069;
17768287;20094;
17768795;20091;
17769304;20062;
17769812;20038;
17770321;19993;
17770829;20017;
17771338;20050;
17771846;20080;
17772355;20119;
17772863;20129;
17773371;20148;
17773880;20161;
17774388;20171;
17774897;20135;
17775405;20142;
17775914;20136;
17776422;20125;
17776931;20137;
17777439;20116;
17777948;20106;
17778456;20137;
17778964;20141;
17779473;20152;
17779981;20156;
17780490;20160;
17780998;20120;
17781507;20157;
17782015;20148;
17782524;20152;
17783032;20177;
17783541;20181;
17784049;20199;
17784557;20171;
17785066;20202;
17785574;20199;
17786083;20212;
17786591;20202;
17787100;20234;
17787608;20255;
17788117;20275;
17788625;20270;
17789134;20287;
17789642;20271;
17790151;20321;
17790659;20334;
17791168;20329;
17791676;20367;
17792185;20387;
17792693;20389;
17793202;20404;
17793710;20420;
17794218;20406;
17794727;20399;
17795235;20416;
17795744;20442;
17796252;20458;
17796761;20456;
17797269;20437;
17797778;20536;
17798286;20540;
17798795;20513;
17799303;20485;
17799812;20449;
17800320;20484;
17800829;20472;
17801337;20472;
17801846;20454;
17802354;20439;
17802862;20414;
17803371;20413;
17803879;20413;
17804388;20389;
17804896;20383;
17805405;20390;
17805913;20391;
17806421;20407;
17806930;20435;
17807438;20440;
17807947;20442;
17808455;20476;
17808964;20473;
17809472;20480;
17809981;20462;
17810489;20468;
17810998;20438;
17811506;20320;
17812015;20390;
17812523;20318;
17813031;20259;
17813540;20178;
17814048;20199;
17814557;20138;
17815065;20131;
17815574;20140;
17816082;20104;
17816591;20110;
17817099;20078;
17817607;20044;
17818116;20048;
17818624;20137;
17819133;20191;
17819641;20189;
17820150;20173;
17820658;20152;
17821167;20149;
17821675;20165;
17822183;20186;
17822692;20225;
17823200;20249;
17823709;20223;
17824217;20203;
17824726;20116;
17825234;20034;
17825742;19933;
17826251;19904;
17826759;19863;
17827268;19842;
17827776;19822;
17828285;19807;
17828793;19736;
17829302;19800;
17829810;19873;
17830318;19940;
17830827;20029;
17831335;20061;
17831844;20085;
17832352;20052;
17832861;20054;
17833369;20014;
17833878;20002;
17834386;20021;
17834894;19969;
17835403;20061;
17835911;20038;
17836420;20062;
17836928;20079;
17837437;20102;
17837945;20134;
17838454;20140;
17838962;20147;
17839471;20151;
17839979;20168;
17840488;20163;
17840996;20162;
17841505;20116;
17842013;20118;
17842521;20125;
17843030;20100;
17843538;20071;
17844047;20097;
17844555;20113;
17845064;20126;
17845572;20139;
17846080;20140;
17846589;20145;
17847097;20131;
17847606;20143;
17848114;20149;
17848623;20139;
17849131;20138;
17849639;20182;
17850148;20174;
17850656;20171;
17851165;20167;
17851673;20171;
17852182;20196;
17852690;20200;
17853199;20214;
17853707;20225;
17854215;20217;
17854724;20250;
17855232;20263;
17855741;20254;
17856249;20281;
17856758;20280;
17857266;20260;
17857774;20280;
17858283;20288;
17858791;20268;
17859300;20285;
17859808;20305;
17860317;20319;
17860825;20331;
17861333;20350;
17861842;20363;
17862350;20373;
17862859;20368;
17863367;20362;
17863875;20391;
17864384;20408;
17864892;20401;
17865401;20394;
17865909;20405;
17866417;20395;
17866926;20409;
17867434;20427;
17867943;20431;
17868451;20458;
17868959;20437;
17869468;20472;
17869976;20507;
