10424954;10863;
10425463;10840;
10425972;10865;
10426481;11004;
10426989;10842;
10427498;10733;
10428007;10750;
10428516;10745;
10429025;10925;
10429533;11026;
10430042;11007;
10430551;11018;
10431060;11036;
10431568;10990;
10432077;10984;
10432586;10928;
10433095;11045;
10433604;11124;
10434112;11122;
10434621;11142;
10435130;11140;
10435639;11088;
10436147;11041;
10436656;10971;
10437165;10902;
10437674;10941;
10438182;10952;
10438691;10936;
10439200;10918;
10439709;10946;
10440218;10961;
10440726;10995;
10441235;10953;
10441744;11027;
10442253;11014;
10442761;11011;
10443270;11043;
10443779;11050;
10444288;10783;
10444797;10778;
10445305;10747;
10445814;10918;
10446323;11112;
10446832;11166;
10447341;11280;
10447849;11372;
10448358;11348;
10448867;11424;
10449376;11490;
10449884;11515;
10450393;11505;
10450902;11493;
10451411;11516;
10451920;11548;
10452429;11337;
10452937;11464;
10453446;11339;
10453955;11373;
10454464;11363;
10454973;11389;
10455481;11475;
10455990;11492;
10456499;11505;
10457008;11566;
10457517;11610;
10458026;11571;
10458534;11297;
10459043;11354;
10459552;11177;
10460061;11495;
10460570;11525;
10461079;11442;
10461587;11357;
10462096;11324;
10462605;11233;
10463114;11321;
10463623;11264;
10464131;11260;
10464640;11245;
10465149;11204;
10465658;11201;
10466167;11289;
10466676;11324;
10467184;11306;
10467693;11294;
10468202;11280;
10468711;11237;
10469220;11156;
10469729;11251;
10470237;11293;
10470746;11326;
10471255;11327;
10471764;11388;
10472273;11444;
10472782;11454;
10473290;11619;
10473799;11701;
10474308;11515;
10474817;11625;
10475326;11537;
10475835;11479;
10476343;11424;
10476852;11347;
10477361;11127;
10477870;11160;
10478379;11134;
10478888;11370;
10479396;11448;
10479905;11431;
10480414;11310;
10480923;11135;
10481432;11131;
10481941;11140;
10482450;11295;
10482958;11339;
10483467;11309;
10483976;11228;
10484485;11169;
10484994;11141;
10485503;11116;
10486011;11227;
10486520;11253;
10487029;11278;
10487538;11346;
10488047;11322;
10488555;11411;
10489064;11387;
10489573;11450;
10490082;11444;
10490591;11450;
10491100;11393;
10491609;11374;
10492117;11354;
10492626;11350;
10493135;11361;
10493644;11344;
10494153;11305;
10494661;11259;
10495170;11207;
10495679;11131;
10496188;11041;
10496697;11080;
10497206;11072;
10497714;11072;
10498223;11059;
10498732;11005;
10499241;10972;
10499750;10974;
10500259;10982;
10500767;11012;
10501276;11000;
10501785;11014;
10502294;11057;
10502803;11088;
10503312;11049;
10503821;11131;
10504329;11128;
10504838;11153;
10505347;11141;
10505856;11163;
10506365;11168;
10506874;11219;
10507382;11219;
10507891;11258;
10508400;11290;
10508909;11224;
10509418;11121;
10509927;11002;
10510436;11227;
10510944;11235;
10511453;11253;
10511962;11241;
10512471;11141;
10512980;11173;
10513489;11074;
10513998;11209;
10514506;11270;
10515015;11366;
10515524;11329;
10516033;11455;
10516542;11526;
10517051;11535;
10517560;11524;
10518068;11461;
10518577;11474;
10519086;11496;
10519595;11487;
10520104;11396;
10520613;11354;
10521122;11352;
10521630;11488;
10522139;11449;
10522648;11447;
10523157;11479;
10523666;11569;
10524175;11601;
10524684;11597;
10525192;11601;
10525701;11595;
10526210;11603;
10526719;11580;
10527228;11546;
10527737;11437;
10528246;11368;
10528754;11363;
10529263;11338;
10529772;11261;
10530281;11369;
10530790;11313;
10531299;11287;
10531807;11257;
10532316;11282;
10532825;11269;
10533334;11127;
10533843;10980;
10534352;11119;
10534861;11311;
10535369;11337;
10535878;11334;
10536387;11293;
10536896;11266;
10537405;11276;
10537914;11258;
10538423;11266;
10538931;11300;
10539440;11128;
10539949;11233;
10540458;11249;
10540967;11337;
10541476;11504;
10541984;11522;
10542493;11623;
10543002;11580;
10543511;11480;
10544020;11323;
10544528;11273;
10545037;11267;
10545546;11221;
10546055;11144;
10546564;11108;
10547073;11362;
10547582;11134;
10548090;11188;
10548599;11166;
10549108;11347;
10549617;11250;
10550126;11162;
10550635;11011;
10551143;11080;
10551652;11338;
10552161;11347;
10552670;11343;
10553179;11403;
10553688;11376;
10554196;11384;
10554705;11368;
10555214;11322;
10555723;11329;
10556232;11359;
10556741;11324;
10557249;11183;
10557758;11039;
10558267;11017;
10558776;11079;
10559285;11066;
10559794;11035;
10560302;11065;
10560811;11077;
10561320;11070;
10561829;11025;
10562338;10986;
10562847;11027;
10563355;11053;
10563864;11044;
10564373;11045;
10564882;11066;
10565391;11095;
10565900;11101;
10566408;11017;
10566917;11171;
10567426;10953;
10567935;10924;
10568444;11078;
10568953;11020;
10569461;11175;
10569970;11213;
10570479;11236;
10570988;11278;
10571497;11280;
10572006;11248;
10572514;11360;
10573023;11285;
10573532;11191;
10574041;11201;
10574550;11265;
10575059;11186;
10575567;11004;
10576076;11165;
10576585;11241;
10577094;11264;
10577603;11365;
10578112;11497;
10578620;11517;
10579129;11519;
10579638;11534;
10580147;11468;
10580656;11400;
10581165;11415;
10581673;11373;
10582182;11369;
10582691;11429;
10583200;11489;
10583709;11563;
10584218;11605;
10584727;11621;
10585235;11618;
10585744;11544;
10586253;11438;
10586762;11390;
10587271;11372;
10587780;11374;
10588289;11371;
10588797;11379;
10589306;11327;
10589815;11331;
10590324;11297;
10590833;11263;
10591342;11232;
10591851;11266;
10592359;11206;
10592868;11288;
10593377;11306;
10593886;11342;
10594395;11332;
10594904;11239;
10595413;11252;
10595921;11268;
10596430;11288;
10596939;11275;
10597448;11322;
10597957;11323;
10598466;11342;
10598974;11363;
10599483;11448;
10599992;11468;
10600501;11569;
10601010;11589;
10601519;11416;
10602028;11586;
10602536;11566;
10603045;11488;
10603554;11397;
10604063;11401;
10604572;11455;
10605081;11437;
10605590;11423;
10606098;11429;
10606607;11361;
10607116;11355;
10607625;11371;
10608134;11243;
10608643;11257;
10609152;11262;
10609660;11288;
10610169;11364;
10610678;11346;
10611187;11332;
10611696;11273;
10612205;11199;
10612713;11087;
10613222;11045;
10613731;11069;
10614240;11064;
10614749;11078;
10615258;11145;
10615767;11286;
10616275;11197;
10616784;11444;
10617293;11441;
10617802;11417;
10618311;11490;
10618820;11480;
10619329;11458;
10619837;11278;
10620346;11314;
10620855;11252;
10621364;11184;
10621873;11178;
10622382;11111;
10622891;11078;
10623399;10997;
10623908;11059;
10624417;11331;
10624926;11284;
10625435;11181;
10625944;11116;
10626452;11046;
10626961;11044;
10627470;11070;
10627979;11105;
10628488;11039;
10628997;11004;
10629506;11024;
10630014;11029;
10630523;11106;
10631032;11143;
10631541;11119;
10632050;11098;
10632558;11064;
10633067;10998;
10633576;10896;
10634085;11118;
10634594;11185;
10635103;11195;
10635612;11208;
10636120;11157;
10636629;11099;
10637138;11164;
10637647;11100;
10638156;10937;
10638664;10819;
10639173;11031;
10639682;11159;
10640191;11407;
10640700;11452;
10641209;11515;
10641718;11509;
10642226;11460;
10642735;11364;
10643244;11292;
10643753;11198;
10644262;11337;
10644771;11495;
10645280;11524;
10645789;11506;
10646297;11472;
10646806;11482;
10647315;11380;
10647824;11261;
10648333;11248;
10648842;11132;
10649351;11034;
10649859;11179;
10650368;11100;
10650877;11065;
10651386;11180;
10651895;11298;
10652404;11202;
10652913;11254;
10653422;11245;
10653930;11283;
10654439;11282;
10654948;11341;
10655457;11304;
10655966;11409;
10656475;11477;
10656984;11611;
10657493;11626;
10658001;11605;
10658510;11443;
10659019;11356;
10659528;11346;
10660037;11363;
10660546;11342;
10661055;11412;
10661564;11383;
10662072;11278;
10662581;11307;
10663090;11270;
10663599;11290;
10664108;11278;
10664617;11113;
10665126;11032;
10665635;11105;
10666143;11016;
10666652;11238;
10667161;11351;
10667670;11461;
10668179;11416;
10668688;11370;
15000144;10628;
15000653;11030;
15001162;11098;
15001671;11134;
15002180;11246;
15002689;11162;
15003198;11088;
15003707;11110;
15004216;11350;
15004724;11322;
15005233;11317;
15005742;11260;
15006251;11248;
15006760;11166;
15007269;11100;
15007778;11218;
15008287;11216;
15008796;11170;
15009305;11104;
15009814;11032;
15010323;10979;
15010832;10907;
15011341;10873;
15011850;10839;
15012359;10827;
15012868;10854;
15013377;10933;
15013886;10995;
15014395;11045;
15014904;11165;
15015413;11224;
15015922;11301;
15016431;11368;
15016940;11196;
15017449;11374;
15017958;11386;
15018467;11408;
15018976;11364;
15019485;11339;
15019994;11316;
15020503;11294;
15021012;11289;
15021521;11227;
15022030;11215;
15022539;11231;
15023048;11210;
15023557;11183;
15024066;11142;
15024575;11064;
15025084;11059;
15025593;11097;
15026102;11140;
15026611;11153;
15027120;11160;
15027629;11164;
15028138;11190;
15028647;11192;
15029156;11214;
15029665;11267;
15030174;11268;
15030683;11232;
15031192;11262;
15031701;11249;
15032210;11238;
15032719;11234;
15033227;11230;
15033736;11225;
15034245;11246;
15034754;11105;
15035263;11110;
15035772;11291;
15036281;11289;
15036790;11271;
15037299;11160;
15037808;11290;
15038318;11391;
15038827;11345;
15039336;11331;
15039845;11337;
15040354;11340;
15040863;11314;
15041372;11296;
15041881;11317;
15042390;11305;
15042899;11301;
15043408;11267;
15043917;11274;
15044426;11266;
15044935;11232;
15045444;11219;
15045953;11254;
15046462;11253;
15046971;11310;
15047480;11298;
15047989;11283;
15048498;11339;
15049007;11287;
15049516;11282;
15050025;11318;
15050534;11329;
15051044;11299;
15051553;11271;
15052062;11253;
15052571;11242;
15053080;11203;
15053589;11164;
15054098;11133;
15054607;11121;
15055116;10998;
15055625;10955;
15056134;11036;
15056643;11016;
15057152;11081;
15057661;11120;
15058170;11174;
15058679;11195;
15059189;11233;
15059698;11297;
15060207;11326;
15060716;11336;
15061225;11355;
15061734;11324;
15062243;11300;
15062752;11254;
15063261;11302;
15063770;11346;
15064279;11350;
15064788;11336;
15065297;11282;
15065806;11100;
15066315;11156;
15066824;11148;
15067333;11141;
15067842;11201;
15068351;11235;
15068860;11208;
15069369;11216;
15069878;11102;
15070387;11124;
15070896;11153;
15071405;11189;
15071914;11195;
15072424;11200;
15072932;11215;
15073442;11264;
15073951;11258;
15074460;11269;
15074969;11374;
15075478;11326;
15075987;11301;
15076496;11286;
15077005;11477;
15077514;11477;
15078023;11411;
15078532;11368;
15079041;11341;
15079550;11288;
15080059;11298;
15080568;11260;
15081077;11179;
15081586;11214;
15082095;11276;
15082604;11258;
15083113;11239;
15083622;11205;
15084131;11212;
15084641;11246;
15085150;11273;
15085659;11274;
15086168;11307;
15086677;11335;
15087186;11368;
15087695;11376;
15088204;11374;
15088713;11407;
15089222;11486;
15089731;11527;
15090240;11559;
15090749;11555;
15091258;11518;
15091767;11438;
15092276;11451;
15092785;11303;
15093294;11177;
15093803;11068;
15094312;10979;
15094821;10805;
15095330;10772;
15095839;10706;
15096348;10739;
15096858;10719;
15097367;10721;
15097876;10726;
15098385;10719;
15098894;10692;
15099403;10689;
15099912;10684;
15100421;10739;
15100930;10731;
15101439;10466;
15101948;10606;
15102457;10752;
15102966;10757;
15103475;10753;
15103984;10803;
15104493;10843;
15105002;10868;
15105511;10857;
15106020;10846;
15106529;10928;
15107039;10988;
15107548;11015;
15108057;11103;
15108566;11166;
15109075;11137;
15109584;11017;
15110093;11247;
15110602;11243;
15111111;11328;
15111620;11395;
15112129;11381;
15112638;11396;
15113147;11390;
15113656;11392;
15114165;11382;
15114674;11363;
15115183;11356;
15115692;11332;
15116201;11328;
15116710;11212;
15117219;11228;
15117728;11171;
15118238;11076;
15118747;10985;
15119256;10912;
15119765;10857;
15120274;10894;
15120783;11000;
15121292;11002;
15121801;10999;
15122310;11004;
15122819;11078;
15123328;11158;
15123837;11271;
15124346;11248;
15124855;11277;
15125364;11316;
15125873;11352;
15126382;11343;
15126891;11309;
15127400;11411;
15127909;11405;
15128418;11375;
15128927;11312;
15129436;11247;
15129945;11188;
15130454;11159;
15130963;11164;
15131472;11179;
15131981;11158;
15132491;11194;
15133000;11198;
15133509;11238;
15134018;11283;
15134527;11308;
15135036;11296;
15135545;11289;
15136054;11219;
15136563;11224;
15137072;11246;
15137581;11199;
15138090;11163;
15138599;11283;
15139108;11353;
15139617;11416;
15140126;11405;
15140635;11383;
15141144;11332;
15141653;11285;
15142162;11313;
15142671;11355;
15143180;11390;
15143689;11389;
15144198;11391;
15144707;11413;
15145216;11406;
15145725;11264;
15146234;11229;
15146743;11145;
15147252;11080;
15147761;11082;
15148270;11107;
15148779;11136;
15149288;11165;
15149797;11225;
15150306;11312;
15150816;11359;
15151325;11336;
15151834;11287;
15152343;11287;
15152852;11265;
15153361;11272;
15153870;11309;
15154379;11340;
15154888;11337;
15155397;11310;
15155906;11320;
15156415;11339;
15156924;11358;
15157433;11369;
15157942;11189;
15158451;11295;
15158960;11411;
15159469;11416;
15159978;11454;
15160487;11524;
15160996;11532;
15161505;11487;
15162014;11501;
15162523;11503;
15163032;11434;
15163541;11370;
15164050;11322;
15164559;11277;
15165068;11217;
15165577;11198;
15166086;11226;
15166596;11300;
15167105;11254;
15167614;11213;
15168123;11201;
15168632;11285;
15169141;11295;
15169650;11332;
15170159;11346;
15170668;11357;
15171177;11367;
15171686;11388;
15172195;11412;
15172704;11392;
15173213;11448;
15173722;11520;
15174231;11513;
15174740;11471;
15175249;11467;
15175758;11428;
15176268;11443;
15176777;11326;
15177286;11172;
15177795;11014;
15178304;10913;
15178813;10802;
15179322;10748;
15179831;10712;
15180340;10703;
15180849;10698;
15181358;10684;
15181867;10716;
15182376;10726;
15182885;10686;
15183394;10743;
15183903;10754;
15184412;10752;
15184922;10802;
15185431;10884;
15185940;10955;
15186449;11018;
15186958;11077;
15187467;11148;
15187976;11190;
15188485;11197;
15188994;11237;
15189503;11287;
15190012;11343;
15190521;11360;
15191030;11373;
15191539;11252;
15192048;11293;
15192557;11393;
15193066;11415;
15193575;11393;
15194084;11367;
15194594;11355;
15195103;11361;
15195612;11338;
15196121;11316;
15196630;11279;
15197139;11209;
15197648;11098;
15198157;10989;
15198666;10906;
15199175;10873;
15199684;10884;
15200193;10969;
15200702;11040;
15201211;11115;
15201720;11157;
15202229;11206;
15202738;11271;
15203247;11308;
15203756;11345;
15204265;11371;
15204774;11395;
15205283;11423;
15205792;11434;
15206301;11434;
15206810;11400;
15207319;11371;
15207828;11333;
15208337;11310;
15208846;11293;
15209355;11261;
15209864;11223;
15210373;11208;
15210882;11182;
15211391;11177;
15211900;11165;
15212409;11168;
15212918;11184;
15213427;11205;
15213936;11210;
15214445;11254;
15214954;11279;
15215463;11278;
15215972;11287;
15216481;11298;
15216990;11287;
15217499;11269;
15218008;11267;
15218517;11271;
15219026;11272;
15219535;11278;
15220044;11263;
15220553;11259;
15221062;11247;
15221571;11270;
15222080;11279;
15222589;11220;
15223098;11225;
15223607;11362;
15224116;11350;
15224625;11360;
15225134;11345;
15225643;11337;
15226152;11299;
15226662;11276;
15227171;11234;
15227680;11252;
15228189;11310;
15228698;11317;
15229207;11315;
15229716;11345;
15230225;11367;
15230734;11333;
15231243;11284;
15231752;11244;
15232261;11161;
15232770;11109;
15233279;11081;
15233788;11044;
15234297;11025;
15234806;11066;
15235315;11070;
15235824;11085;
15236333;11047;
15236842;11124;
15237351;11145;
15237860;11198;
15238369;11355;
15238878;11348;
15239387;11302;
