16654769;24899;
16655277;24930;
16655786;24998;
16656295;25013;
16656803;25026;
16657312;25011;
16657820;24903;
16658329;24763;
16658838;24833;
16659346;24816;
16659855;24789;
16660363;24784;
16660872;24818;
16661381;24793;
16661889;24811;
16662398;24787;
16662906;24798;
16663415;24766;
16663924;24752;
16664432;24785;
16664941;24747;
16665449;24775;
16665958;24850;
16666467;24862;
16666975;24886;
16667484;24857;
16667992;24908;
16668501;24926;
16669010;24973;
16669518;24983;
16670027;24912;
16670535;24898;
16671044;24890;
16671553;24914;
16672061;24869;
16672570;24833;
16673078;24724;
16673587;24692;
16674096;24735;
16674604;24806;
16675113;24776;
16675621;24704;
16676130;24664;
16676639;24650;
16677147;24899;
16677656;25081;
16678164;25249;
16678673;25284;
16679182;25301;
16679690;25412;
16680199;25430;
16680707;25472;
16681216;25479;
16681725;25459;
16682233;25491;
16682742;25467;
16683251;25419;
16683759;25350;
16684268;25390;
16684776;25368;
16685285;25344;
16685794;25301;
16686302;25291;
16686811;25246;
16687319;25250;
16687828;25249;
16688336;25131;
16688845;25201;
16689354;25289;
16689862;25269;
16690371;25273;
16690879;25303;
16691388;25413;
16691897;25392;
16692405;25393;
16692914;25368;
16693422;25342;
16693931;25346;
16694439;25336;
16694948;25300;
16695457;25277;
16695965;25279;
16696474;25276;
16696982;25222;
16697491;25186;
16698000;25220;
16698508;25160;
16699017;25169;
16699525;25203;
16700034;25178;
16700542;25216;
16701051;25221;
16701560;25209;
16702068;25214;
16702577;25211;
16703085;25188;
16703594;25179;
16704102;25202;
16704611;25183;
16705120;25138;
16705628;25101;
16706137;25069;
16706645;24952;
16707154;24913;
16707662;24946;
16708171;24975;
16708680;24978;
16709188;25009;
16709697;24988;
16710205;24907;
16710714;25147;
16711222;25008;
16711731;24921;
16712240;24956;
16712748;24917;
16713257;24891;
16713765;24927;
16714274;25063;
16714783;25174;
16715291;25174;
16715800;25119;
16716308;25062;
16716817;25091;
16717325;25033;
16717834;24915;
16718343;24762;
16718851;24965;
16719360;24837;
16719868;24735;
16720377;24635;
16720885;24543;
16721394;24451;
16721903;24390;
16722411;24443;
16722920;24481;
16723428;24526;
16723937;24610;
16724445;24688;
16724954;24772;
16725463;24847;
16725971;24847;
16726480;24799;
16726988;24808;
16727497;24834;
16728005;24748;
16728514;24702;
16729023;24703;
16729531;24696;
16730040;24931;
16730548;24925;
16731057;24635;
16731566;24531;
16732074;24535;
16732583;24546;
16733091;24638;
16733600;24702;
16734108;24717;
16734617;24830;
16735126;24854;
16735634;24871;
16736143;24940;
16736651;24967;
16737160;24970;
16737668;25049;
16738177;25066;
16738685;25008;
16739194;24873;
16739703;24743;
16740211;24738;
16740720;24823;
16741228;25051;
16741737;25073;
16742245;25043;
16742754;24997;
16743262;24988;
16743771;24957;
16744279;24931;
16744788;24952;
16745297;24944;
16745805;24983;
16746314;25003;
16746822;24980;
16747331;24923;
16747839;24981;
16748348;25008;
16748857;25014;
16749365;25020;
16749874;25070;
16750382;25026;
16750891;25039;
16751399;24963;
16751908;24868;
16752416;24794;
16752925;24841;
16753434;24885;
16753942;24975;
16754451;24975;
16754959;25061;
16755468;25297;
16755976;25320;
16756485;25321;
16756993;25342;
16757502;25264;
16758010;25241;
16758519;25236;
16759028;25219;
16759536;25185;
16760045;25209;
16760553;25245;
16761062;25286;
16761570;25391;
16762079;25423;
16762587;25395;
16763096;25366;
16763604;25375;
16764113;25394;
16764621;25306;
16765130;25300;
16765638;25310;
16766147;25301;
16766656;25195;
16767164;25244;
16767673;25274;
16768181;25240;
16768690;25146;
16769198;25171;
16769707;25170;
16770215;25195;
16770724;25233;
16771232;25209;
16771741;25163;
16772249;25160;
16772758;25172;
16773266;25173;
16773775;25189;
16774283;25188;
16774792;25172;
16775301;25151;
16775809;25164;
16776318;25160;
16776826;25158;
16777335;25176;
16777843;25171;
16778352;25193;
16778860;25201;
16779369;25192;
16779877;25179;
16780386;25175;
16780895;25170;
16781403;25153;
16781912;25126;
16782420;25117;
16782929;25086;
16783437;25093;
16783946;25108;
16784454;25101;
16784963;25144;
16785471;25188;
16785980;25137;
16786489;25113;
16786997;25109;
16787506;25128;
16788014;25144;
16788523;25188;
16789031;25168;
16789540;25157;
16790048;25158;
16790557;25159;
16791066;25110;
16791574;25058;
16792083;25034;
16792591;25070;
16793100;25066;
16793608;25060;
16794117;25097;
16794625;25125;
16795134;25132;
16795643;25140;
16796151;25159;
16796660;25170;
16797168;25180;
16797677;25168;
16798185;25164;
16798694;25157;
16799202;25103;
16799711;25093;
16800219;25059;
16800728;24888;
16801237;24899;
16801745;24941;
16802254;24904;
16802762;24885;
16803271;24716;
16803779;24561;
16804288;24484;
16804796;24391;
16805305;24371;
16805813;24392;
16806322;24511;
16806830;24746;
16807339;24795;
16807848;24809;
16808356;24855;
16808865;24806;
16809373;24725;
16809882;24730;
16810390;24767;
16810899;24772;
16811407;24855;
16811916;24821;
16812424;24866;
16812933;24931;
16813441;24912;
16813950;24935;
16814458;24881;
16814967;24825;
16815475;24763;
16815984;24892;
16816492;24828;
16817001;24818;
16817509;24913;
16818018;25008;
16818526;24913;
16819035;24866;
16819543;24823;
16820052;24834;
16820560;24782;
16821069;24720;
16821577;24855;
16822086;24891;
16822594;24896;
16823103;24919;
16823611;24917;
16824120;24931;
16824628;24896;
16825137;24904;
16825645;24944;
16826154;24910;
16826662;24916;
16827171;24959;
16827679;25086;
16828188;25111;
16828696;25091;
16829205;25046;
16829713;25002;
16830222;24962;
16830730;24955;
16831239;24900;
16831747;24850;
16832256;24655;
16832764;24584;
16833273;24530;
16833781;24774;
16834290;24967;
16834798;25200;
16835307;25311;
16835815;25231;
16836324;25284;
16836832;25266;
16837341;25258;
16837849;25259;
16838358;25220;
16838866;25218;
16839375;25177;
16839883;25119;
16840392;25151;
16840900;25157;
16841409;25162;
16841917;25189;
16842426;25215;
16842934;25221;
16843443;25277;
16843951;25294;
16844460;25320;
16844968;25298;
16845477;25215;
16845985;25064;
16846494;25129;
16847002;25131;
16847511;25131;
16848019;25074;
16848528;25012;
16849036;25049;
16849545;24984;
16850053;24954;
16850562;24950;
16851070;24978;
16851579;24968;
16852088;24966;
16852596;24992;
16853105;25044;
16853613;25103;
16854122;25074;
16854630;25066;
16855139;25001;
16855647;24938;
16856156;24914;
16856664;24925;
16857173;24949;
16857681;24958;
16858190;25021;
16858698;25004;
16859207;25035;
16859715;25000;
16860224;25011;
16860732;25094;
16861241;25069;
16861749;25084;
16862258;25090;
16862766;25093;
16863275;25062;
16863783;24978;
16864292;24886;
16864800;24881;
16865309;25097;
16865817;24975;
16866326;24919;
16866834;24986;
16867343;25030;
16867851;25045;
16868360;25083;
16868868;25096;
16869377;25091;
16869885;25071;
16870394;25011;
16870902;25024;
16871411;25058;
16871919;25089;
16872428;25098;
16872936;25095;
16873445;25082;
16873953;24994;
16874462;24987;
16874970;25047;
16875479;24997;
16875987;24973;
16876496;24809;
16877004;24653;
16877513;24628;
16878021;24599;
16878530;24588;
16879038;24554;
16879547;24438;
16880055;24341;
16880564;24342;
16881072;24601;
16881581;24769;
16882089;24800;
16882598;24813;
16883106;24749;
16883615;24760;
16884123;24840;
16884632;24744;
16885140;24768;
16885649;24782;
16886157;24831;
16886666;24811;
16887174;24792;
16887683;24779;
16888191;24670;
16888700;24806;
16889208;24815;
16889717;24884;
16890225;24895;
16890733;24872;
16891242;24873;
16891750;24921;
16892259;24958;
16892767;25019;
16893276;25017;
16893784;25021;
16894293;24960;
16894801;24905;
16895310;24904;
16895818;24832;
16896327;24967;
16896835;24984;
16897344;24994;
16897852;24965;
16898361;24888;
16898869;24985;
16899378;24806;
16899886;24730;
16900394;24753;
16900903;24747;
16901411;24792;
16901920;24850;
16902428;24900;
16902937;24886;
16903445;24872;
16903954;24818;
16904462;24753;
16904971;24566;
16905479;24671;
16905988;24787;
16906496;24806;
16907005;24784;
16907513;24739;
16908022;24726;
16908530;24848;
16909039;24966;
16909547;25089;
16910056;25197;
16910564;25313;
16911073;25424;
16911581;25457;
16912089;25405;
16912598;25334;
16913106;25287;
16913615;25254;
16914123;25196;
16914632;25108;
16915140;25084;
16915649;25280;
16916157;25267;
16916666;25347;
16917174;25353;
16917682;25361;
16918191;25353;
16918699;25327;
16919208;25313;
16919716;25296;
16920225;25255;
16920733;25231;
16921242;25247;
16921750;25202;
16922259;25166;
16922767;25173;
16923275;25179;
16923784;25170;
16924292;25155;
16924801;25190;
16925309;25150;
16925818;25136;
16926326;25099;
16926835;25164;
16927343;25189;
16927852;25174;
16928360;25165;
16928869;25153;
16929377;25092;
16929885;25128;
16930394;25080;
16930902;25118;
16931411;25140;
16931919;25135;
16932428;25162;
16932936;25110;
16933445;25172;
16933953;25173;
16934462;25139;
16934970;25147;
16935479;25079;
16935987;25070;
16936496;25059;
16937004;25066;
16937513;25061;
16938021;25070;
16938529;25159;
16939038;25125;
16939546;25063;
16940055;25133;
16940563;25110;
16941072;25088;
16941580;25069;
16942089;25086;
16942597;25073;
16943106;25030;
16943614;24927;
16944123;24922;
16944631;24880;
16945140;24733;
16945648;24575;
16946157;24505;
16946665;24491;
16947173;24472;
16947682;24620;
16948190;24521;
16948699;24447;
16949207;24368;
16949716;24382;
16950224;24503;
16950733;24579;
16951241;24652;
16951750;24617;
16952258;24611;
16952767;24543;
16953275;24570;
16953784;24763;
16954292;24685;
16954800;25022;
16955309;25000;
16955817;24919;
16956326;24876;
16956834;24944;
16957343;24899;
16957851;24912;
16958360;24856;
16958868;24976;
16959377;24978;
16959885;24983;
16960394;25022;
16960902;24985;
16961411;24848;
16961919;24903;
16962428;24756;
16962936;24627;
16963444;24528;
16963953;24552;
16964461;24540;
16964970;24654;
16965478;24843;
16965987;25078;
16966495;25261;
16967004;25256;
16967512;25201;
16968021;25142;
16968529;25065;
16969038;25053;
16969546;25279;
16970055;25214;
16970563;25333;
16971072;25362;
16971580;25370;
16972088;25362;
16972597;25357;
16973105;25334;
16973614;25327;
16974122;25289;
16974631;25276;
16975139;25259;
16975648;25199;
16976156;25117;
16976665;25196;
16977173;25220;
16977682;25204;
16978190;25161;
16978699;25034;
16979207;25139;
16979715;25175;
16980224;25141;
16980732;25129;
16981241;25141;
16981749;25156;
16982258;25168;
16982766;25195;
16983275;25154;
16983783;25149;
16984292;25132;
16984800;25145;
16985309;25137;
16985817;24959;
16986326;24990;
16986834;24930;
16987342;24918;
16987851;24983;
16988359;25058;
16988868;24993;
16989376;24909;
16989885;24850;
16990393;24856;
16990902;24814;
16991410;24803;
16991919;24797;
16992427;24957;
16992936;24893;
16993444;24821;
16993953;24791;
16994461;24748;
16994969;24761;
16995478;24927;
16995986;24806;
16996495;24690;
16997003;24617;
16997512;24556;
16998020;24557;
16998529;24529;
16999037;24375;
16999546;24376;
17000054;24429;
17000563;24449;
17001071;24498;
17001579;24437;
17002088;24421;
17002596;24482;
17003105;24633;
17003613;24670;
17004122;24750;
17004630;24788;
17005139;24867;
17005647;24885;
17006155;24914;
17006664;24891;
17007172;24771;
17007681;24835;
17008189;24904;
17008698;24860;
17009206;24972;
17009715;24975;
17010223;24884;
17010731;24720;
17011240;24715;
17011748;24761;
17012257;24936;
17012765;24959;
17013274;24897;
17013782;24894;
17014290;24815;
17014799;24835;
17015307;24911;
17015816;24940;
17016324;25061;
17016833;25086;
17017341;25080;
17017849;24984;
17018358;24843;
17018866;24712;
17019375;24798;
17019883;24777;
17020392;24792;
17020900;24761;
17021408;25106;
17021917;25381;
17022425;25395;
17022934;25326;
17023442;25247;
17023951;25202;
17024459;25188;
17024967;25171;
17025476;25221;
17025984;25350;
17026493;25357;
17027001;25309;
17027510;25344;
17028018;25360;
17028526;25312;
17029035;25256;
17029543;25233;
17030052;25209;
17030560;25186;
17031069;25197;
17031577;25197;
17032085;25189;
17032594;25191;
17033102;25190;
17033611;25130;
17034119;24984;
17034628;25105;
17035136;25089;
17035645;25153;
17036153;24898;
17036661;24855;
17037170;24855;
17037678;24885;
17038187;24867;
17038695;24819;
17039204;25131;
17039712;25173;
17040221;25167;
17040729;25089;
17041237;25069;
17041746;25035;
17042254;25057;
17042763;25016;
17043271;25052;
17043780;25038;
17044288;25114;
17044796;25125;
17045305;25092;
17045813;25070;
17046322;25010;
17046830;24872;
17047338;24653;
17047847;24689;
17048355;24858;
17048864;24759;
17049372;24470;
17049881;24392;
17050389;24541;
17050897;24574;
17051406;24486;
17051914;24419;
17052423;24346;
17052931;24637;
17053440;24622;
17053948;24578;
17054456;24624;
17054965;24699;
17055473;24677;
17055982;24629;
17056490;24632;
17056999;24551;
17057507;24465;
17058015;24607;
17058524;24585;
17059032;24719;
17059541;24812;
17060049;24905;
17060557;24965;
17061066;25043;
17061574;25007;
17062083;24929;
17062591;24811;
17063099;24814;
17063608;24796;
17064116;24848;
17064625;24765;
17065133;24761;
17065641;24757;
17066150;24742;
17066658;24805;
17067166;24894;
17067675;24881;
17068183;24756;
17068692;24696;
17069200;24599;
17069708;24535;
17070217;24536;
17070725;24503;
17071234;24542;
17071742;24684;
17072251;24801;
17072759;24969;
17073267;25145;
17073776;25254;
17074284;25319;
17074793;25297;
17075301;25287;
17075809;25216;
17076318;25202;
17076826;25125;
17077335;25068;
17077843;25098;
17078351;25081;
17078860;25122;
17079368;25196;
17079876;25322;
17080385;25304;
17080893;25320;
17081402;25307;
17081910;25262;
17082418;25201;
17082927;25173;
17083435;25149;
17083943;25097;
17084452;25167;
17084960;25163;
17085469;25057;
17085977;25129;
17086485;25055;
17086994;25118;
17087502;25136;
17088010;25070;
17088519;24917;
17089027;25126;
17089536;24986;
17090044;25071;
17090552;25000;
17091061;24901;
17091569;24936;
17092077;24976;
17092586;24929;
17093094;24971;
17093603;24950;
17094111;24942;
17094619;24911;
17095128;24904;
17095636;24992;
17096144;25121;
17096653;25047;
17097161;24808;
17097670;25120;
17098178;25096;
17098686;25085;
17099195;25053;
17099703;25068;
17100212;25069;
17100720;25067;
17101228;25038;
17101737;25007;
17102245;25006;
17102753;25009;
17103262;24969;
17103770;24922;
17104279;24819;
17104787;24654;
17105295;24680;
17105804;24629;
17106312;24539;
17106821;24460;
17107329;24495;
17107837;24578;
17108346;24658;
17108854;24766;
17109362;24762;
17109871;24764;
17110379;24640;
17110888;24739;
17111396;24614;
17111904;24798;
17112413;24848;
17112921;24908;
17113429;24884;
17113938;24847;
17114446;24769;
17114954;24786;
17115463;24915;
17115971;24858;
17116480;24910;
17116988;24944;
17117496;24992;
17118005;25123;
17118513;25040;
17119021;24986;
17119530;24960;
17120038;24964;
17120547;24981;
17121055;25040;
17121563;24992;
17122072;24953;
17122580;24958;
17123088;24897;
17123597;24889;
17124105;24986;
17124614;25053;
17125122;25107;
17125630;25082;
17126139;25002;
17126647;24895;
17127155;24820;
17127664;24808;
17128172;24797;
17128681;24858;
17129189;24976;
17129697;25076;
17130206;25152;
17130714;25136;
17131223;25280;
17131731;25237;
17132239;25440;
17132748;25499;
17133256;25451;
17133764;25361;
