16654769;25162;
16655278;25124;
16655786;25136;
16656295;25132;
16656804;25196;
16657312;25151;
16657821;25190;
16658329;25255;
16658838;25247;
16659347;25215;
16659855;25207;
16660364;25212;
16660873;25267;
16661381;25268;
16661890;25276;
16662398;25284;
16662907;25278;
16663416;25286;
16663924;25298;
16664433;25340;
16664941;25292;
16665450;25325;
16665959;25380;
16666467;25410;
16666976;25456;
16667484;25507;
16667993;25493;
16668501;25520;
16669010;25530;
16669519;25496;
16670027;25409;
16670536;25426;
16671044;25399;
16671553;25400;
16672062;25416;
16672570;25419;
16673079;25380;
16673588;25375;
16674096;25333;
16674605;25328;
16675113;25337;
16675622;25267;
16676131;25220;
16676639;25145;
16677148;25288;
16677656;25338;
16678165;25404;
16678674;25446;
16679182;25438;
16679691;25499;
16680199;25503;
16680708;25534;
16681217;25511;
16681725;25514;
16682234;25618;
16682742;25674;
16683251;25732;
16683760;25627;
16684268;25783;
16684777;25802;
16685285;25802;
16685794;25777;
16686303;25777;
16686811;25701;
16687320;25679;
16687828;25699;
16688337;25609;
16688846;25629;
16689354;25665;
16689863;25656;
16690371;25677;
16690880;25662;
16691388;25713;
16691897;25688;
16692406;25717;
16692914;25704;
16693423;25726;
16693931;25747;
16694440;25744;
16694948;25742;
16695457;25752;
16695966;25753;
16696474;25704;
16696983;25655;
16697491;25635;
16698000;25617;
16698509;25561;
16699017;25537;
16699526;25551;
16700034;25538;
16700543;25519;
16701052;25561;
16701560;25569;
16702069;25589;
16702577;25589;
16703086;25580;
16703594;25556;
16704103;25555;
16704611;25517;
16705120;25468;
16705629;25459;
16706137;25444;
16706646;25313;
16707154;25281;
16707663;25321;
16708171;25328;
16708680;25329;
16709189;25321;
16709697;25299;
16710206;25245;
16710714;25469;
16711223;25349;
16711731;25277;
16712240;25302;
16712749;25293;
16713257;25260;
16713766;25284;
16714274;25401;
16714783;25479;
16715292;25473;
16715800;25418;
16716309;25381;
16716817;25410;
16717326;25423;
16717834;25458;
16718343;25320;
16718852;25517;
16719360;25392;
16719869;25295;
16720377;25300;
16720886;25386;
16721394;25362;
16721903;25356;
16722412;25367;
16722920;25368;
16723429;25251;
16723937;25316;
16724446;25312;
16724954;25285;
16725463;25246;
16725972;25195;
16726480;24999;
16726989;24780;
16727497;24933;
16728006;24943;
16728514;24984;
16729023;25022;
16729532;25039;
16730040;25311;
16730549;25354;
16731057;25238;
16731566;25248;
16732075;25256;
16732583;25240;
16733092;25166;
16733600;25116;
16734109;25066;
16734617;25076;
16735126;25091;
16735635;25062;
16736143;25089;
16736652;25096;
16737160;25092;
16737669;25137;
16738177;25187;
16738686;25215;
16739195;25208;
16739703;25216;
16740212;25177;
16740720;25144;
16741229;25325;
16741737;25355;
16742246;25324;
16742754;25279;
16743263;25293;
16743771;25357;
16744280;25440;
16744789;25488;
16745297;25492;
16745806;25495;
16746314;25488;
16746823;25459;
16747331;25408;
16747840;25454;
16748348;25468;
16748857;25486;
16749366;25482;
16749874;25509;
16750383;25485;
16750891;25537;
16751400;25533;
16751908;25553;
16752417;25499;
16752926;25423;
16753434;25367;
16753943;25389;
16754451;25366;
16754960;25352;
16755468;25440;
16755977;25386;
16756485;25323;
16756994;25498;
16757502;25597;
16758011;25680;
16758519;25709;
16759028;25657;
16759537;25638;
16760045;25636;
16760554;25638;
16761062;25637;
16761571;25713;
16762079;25714;
16762588;25703;
16763096;25672;
16763605;25713;
16764113;25739;
16764622;25674;
16765130;25713;
16765639;25718;
16766147;25725;
16766656;25634;
16767165;25702;
16767673;25716;
16768182;25683;
16768690;25550;
16769199;25590;
16769707;25600;
16770216;25580;
16770724;25572;
16771233;25522;
16771741;25519;
16772250;25503;
16772758;25509;
16773267;25499;
16773775;25548;
16774284;25531;
16774792;25529;
16775301;25507;
16775810;25519;
16776318;25530;
16776827;25558;
16777335;25553;
16777844;25538;
16778352;25547;
16778861;25548;
16779369;25549;
16779878;25539;
16780386;25530;
16780895;25508;
16781404;25516;
16781912;25523;
16782421;25503;
16782929;25485;
16783438;25486;
16783946;25480;
16784455;25447;
16784963;25459;
16785472;25496;
16785980;25470;
16786489;25454;
16786998;25445;
16787506;25458;
16788015;25459;
16788523;25471;
16789032;25469;
16789540;25471;
16790049;25477;
16790557;25487;
16791066;25437;
16791575;25416;
16792083;25413;
16792592;25444;
16793100;25431;
16793609;25414;
16794117;25450;
16794626;25443;
16795134;25455;
16795643;25479;
16796152;25490;
16796660;25480;
16797169;25465;
16797677;25438;
16798186;25438;
16798694;25425;
16799203;25380;
16799711;25378;
16800220;25353;
16800728;25293;
16801237;25381;
16801746;25465;
16802254;25453;
16802763;25465;
16803271;25282;
16803780;25165;
16804288;25199;
16804797;25193;
16805305;25295;
16805814;25311;
16806322;25326;
16806831;25338;
16807339;25284;
16807848;25245;
16808356;25231;
16808865;25154;
16809374;24964;
16809882;24900;
16810391;24842;
16810899;24789;
16811408;24799;
16811916;24980;
16812425;25130;
16812933;25263;
16813442;25293;
16813950;25426;
16814459;25467;
16814967;25435;
16815476;25414;
16815984;25487;
16816493;25310;
16817001;25170;
16817510;25196;
16818018;25231;
16818527;25205;
16819035;25240;
16819544;25274;
16820052;25291;
16820561;25215;
16821069;25173;
16821578;25182;
16822086;25205;
16822595;25257;
16823103;25276;
16823612;25317;
16824120;25455;
16824629;25441;
16825137;25429;
16825646;25435;
16826154;25425;
16826663;25409;
16827171;25406;
16827680;25518;
16828188;25555;
16828697;25551;
16829205;25533;
16829714;25529;
16830222;25533;
16830731;25537;
16831239;25549;
16831748;25570;
16832256;25337;
16832765;25232;
16833273;25084;
16833782;25228;
16834290;25289;
16834799;25354;
16835307;25340;
16835816;25269;
16836324;25456;
16836833;25455;
16837341;25581;
16837850;25601;
16838358;25633;
16838867;25664;
16839375;25670;
16839884;25651;
16840392;25620;
16840901;25620;
16841409;25619;
16841918;25632;
16842426;25626;
16842935;25614;
16843443;25627;
16843952;25639;
16844460;25638;
16844969;25630;
16845477;25621;
16845986;25537;
16846494;25594;
16847003;25609;
16847511;25587;
16848020;25512;
16848528;25409;
16849037;25419;
16849545;25362;
16850054;25337;
16850562;25325;
16851071;25356;
16851579;25345;
16852088;25357;
16852596;25389;
16853105;25445;
16853614;25491;
16854122;25443;
16854631;25424;
16855139;25374;
16855648;25331;
16856156;25312;
16856665;25316;
16857173;25330;
16857682;25337;
16858190;25381;
16858699;25394;
16859207;25401;
16859716;25358;
16860224;25363;
16860733;25422;
16861241;25411;
16861750;25429;
16862258;25395;
16862767;25417;
16863275;25391;
16863784;25312;
16864292;25210;
16864801;25194;
16865309;25394;
16865818;25297;
16866326;25263;
16866835;25344;
16867343;25394;
16867852;25421;
16868360;25438;
16868869;25443;
16869377;25431;
16869886;25409;
16870394;25351;
16870903;25363;
16871411;25398;
16871920;25432;
16872428;25410;
16872937;25395;
16873445;25368;
16873954;25307;
16874462;25346;
16874971;25417;
16875479;25477;
16875988;25513;
16876496;25353;
16877005;25205;
16877513;25180;
16878022;25152;
16878530;25163;
16879039;25246;
16879547;25239;
16880056;25256;
16880564;25078;
16881073;25337;
16881581;25293;
16882090;25287;
16882598;25283;
16883107;25242;
16883615;25196;
16884124;25181;
16884632;25040;
16885141;24907;
16885649;24821;
16886158;24742;
16886666;24878;
16887175;24951;
16887683;25018;
16888192;25029;
16888700;25298;
16889209;25414;
16889717;25488;
16890225;25503;
16890734;25448;
16891242;25469;
16891751;25437;
16892259;25411;
16892768;25421;
16893276;25294;
16893785;25295;
16894293;25320;
16894802;25324;
16895310;25277;
16895819;25246;
16896327;25372;
16896836;25291;
16897344;25251;
16897853;25246;
16898361;25268;
16898870;25375;
16899378;25324;
16899886;25250;
16900395;25276;
16900903;25256;
16901412;25289;
16901920;25297;
16902429;25322;
16902937;25384;
16903446;25412;
16903954;25411;
16904463;25427;
16904971;25329;
16905480;25437;
16905988;25524;
16906497;25487;
16907005;25439;
16907514;25303;
16908022;25235;
16908531;25290;
16909039;25324;
16909548;25344;
16910056;25365;
16910565;25398;
16911073;25500;
16911581;25546;
16912090;25598;
16912598;25560;
16913107;25589;
16913615;25655;
16914124;25601;
16914632;25543;
16915141;25530;
16915649;25618;
16916158;25614;
16916666;25646;
16917174;25652;
16917683;25674;
16918191;25666;
16918700;25699;
16919208;25715;
16919717;25700;
16920225;25705;
16920734;25714;
16921242;25703;
16921751;25642;
16922259;25578;
16922768;25564;
16923276;25552;
16923784;25514;
16924293;25467;
16924801;25522;
16925310;25505;
16925818;25514;
16926327;25486;
16926835;25526;
16927344;25521;
16927852;25510;
16928361;25500;
16928869;25483;
16929377;25451;
16929886;25484;
16930394;25455;
16930903;25476;
16931411;25445;
16931920;25455;
16932428;25467;
16932937;25408;
16933445;25452;
16933954;25459;
16934462;25427;
16934971;25456;
16935479;25424;
16935988;25399;
16936496;25415;
16937005;25423;
16937513;25431;
16938022;25428;
16938530;25469;
16939038;25451;
16939547;25379;
16940055;25432;
16940564;25423;
16941072;25391;
16941581;25365;
16942089;25353;
16942598;25394;
16943106;25424;
16943615;25452;
16944123;25467;
16944632;25401;
16945140;25343;
16945649;25291;
16946157;25252;
16946665;25258;
16947174;25044;
16947682;25155;
16948191;25023;
16948699;24967;
16949208;24782;
16949716;24659;
16950225;24628;
16950733;24687;
16951242;24868;
16951750;25012;
16952259;25139;
16952767;25198;
16953276;25250;
16953784;25297;
16954292;25114;
16954801;25226;
16955309;25321;
16955818;25188;
16956326;25243;
16956835;25297;
16957343;25216;
16957852;25193;
16958360;25220;
16958869;25436;
16959377;25473;
16959886;25464;
16960394;25467;
16960903;25414;
16961411;25298;
16961920;25332;
16962428;25360;
16962936;25355;
16963445;25294;
16963953;25246;
16964462;25061;
16964970;25057;
16965479;25078;
16965987;25123;
16966496;25253;
16967004;25449;
16967513;25542;
16968021;25539;
16968530;25508;
16969038;25518;
16969547;25610;
16970055;25558;
16970564;25628;
16971072;25638;
16971580;25642;
16972089;25690;
16972597;25677;
16973106;25681;
16973614;25693;
16974123;25692;
16974631;25726;
16975140;25680;
16975648;25619;
16976157;25564;
16976665;25589;
16977174;25586;
16977682;25570;
16978191;25513;
16978699;25409;
16979208;25475;
16979716;25512;
16980224;25520;
16980733;25514;
16981241;25517;
16981750;25530;
16982258;25513;
16982767;25499;
16983275;25473;
16983784;25492;
16984292;25493;
16984801;25474;
16985309;25454;
16985818;25328;
16986326;25343;
16986834;25277;
16987343;25274;
16987851;25334;
16988360;25383;
16988868;25316;
16989377;25256;
16989885;25186;
16990394;25210;
16990902;25196;
16991411;25195;
16991919;25177;
16992428;25327;
16992936;25214;
16993445;25165;
16993953;25157;
16994461;25161;
16994970;25226;
16995478;25447;
16995987;25354;
16996495;25239;
16997004;25149;
16997512;25081;
16998021;25084;
16998529;25159;
16999038;25094;
16999546;25078;
17000055;25049;
17000563;25062;
17001071;25155;
17001580;24982;
17002088;24914;
17002597;24800;
17003105;24689;
17003614;24668;
17004122;24783;
17004631;24949;
17005139;25163;
17005647;25242;
17006156;25397;
17006664;25446;
17007173;25371;
17007681;25379;
17008190;25317;
17008698;25128;
17009207;25212;
17009715;25167;
17010223;25124;
17010732;25203;
17011240;25155;
17011749;25108;
17012257;25199;
17012766;25235;
17013274;25253;
17013782;25363;
17014291;25353;
17014799;25364;
17015308;25417;
17015816;25415;
17016325;25492;
17016833;25532;
17017341;25535;
17017850;25540;
17018358;25536;
17018867;25459;
17019375;25469;
17019884;25411;
17020392;25322;
17020901;25242;
17021409;25375;
17021917;25403;
17022426;25462;
17022934;25504;
17023443;25593;
17023951;25660;
17024459;25625;
17024968;25600;
17025476;25613;
17025985;25642;
17026493;25644;
17027002;25618;
17027510;25682;
17028018;25688;
17028527;25686;
17029035;25699;
17029544;25653;
17030052;25603;
17030561;25557;
17031069;25530;
17031578;25528;
17032086;25482;
17032594;25489;
17033103;25520;
17033611;25478;
17034120;25378;
17034628;25495;
17035137;25397;
17035645;25485;
17036153;25280;
17036662;25239;
17037170;25245;
17037679;25254;
17038187;25255;
17038696;25208;
17039204;25436;
17039713;25465;
17040221;25446;
17040729;25388;
17041238;25388;
17041746;25370;
17042255;25404;
17042763;25373;
17043272;25383;
17043780;25352;
17044288;25385;
17044797;25410;
17045305;25350;
17045814;25361;
17046322;25398;
17046831;25354;
17047339;25199;
17047847;25250;
17048356;25393;
17048864;25360;
17049373;25092;
17049881;25082;
17050390;25055;
17050898;25038;
17051406;25019;
17051915;24939;
17052423;24876;
17052932;24815;
17053440;24708;
17053948;24637;
17054457;24675;
17054965;24800;
17055474;24950;
17055982;24999;
17056491;25177;
17056999;25200;
17057507;25159;
17058016;25243;
17058524;25090;
17059033;25039;
17059541;25037;
17060049;25044;
17060558;25071;
17061066;25119;
17061575;25172;
17062083;25210;
17062591;25198;
17063100;25217;
17063608;25207;
17064117;25295;
17064625;25262;
17065133;25278;
17065642;25271;
17066150;25262;
17066659;25275;
17067167;25311;
17067675;25380;
17068184;25361;
17068692;25373;
17069201;25343;
17069709;25310;
17070217;25266;
17070726;25143;
17071234;25057;
17071743;25065;
17072251;25053;
17072759;25069;
17073268;25152;
17073776;25189;
17074285;25251;
17074793;25358;
17075301;25465;
17075810;25505;
17076318;25608;
17076827;25562;
17077335;25516;
17077843;25520;
17078352;25510;
17078860;25506;
17079369;25517;
17079877;25635;
17080385;25662;
17080894;25680;
17081402;25710;
17081910;25691;
17082419;25629;
17082927;25589;
17083436;25543;
17083944;25463;
17084452;25492;
17084961;25496;
17085469;25467;
17085977;25498;
17086486;25411;
17086994;25462;
17087503;25479;
17088011;25434;
17088519;25305;
17089028;25485;
17089536;25342;
17090044;25391;
17090553;25350;
17091061;25279;
17091570;25293;
17092078;25308;
17092586;25246;
17093095;25269;
17093603;25252;
17094111;25257;
17094620;25271;
17095128;25260;
17095637;25358;
17096145;25442;
17096653;25382;
17097162;25169;
17097670;25445;
17098178;25425;
17098687;25407;
17099195;25390;
17099704;25384;
17100212;25368;
17100720;25352;
17101229;25325;
17101737;25299;
17102246;25323;
17102754;25350;
17103262;25418;
17103771;25449;
17104279;25370;
17104788;25215;
17105296;25214;
17105804;25220;
17106313;25250;
17106821;25344;
17107329;25277;
17107838;25224;
17108346;25231;
17108855;25235;
17109363;25158;
17109871;25084;
17110380;24811;
17110888;24760;
17111396;24717;
17111905;24885;
17112413;25049;
17112921;25230;
17113430;25235;
17113938;25252;
17114447;25282;
17114955;25382;
17115463;25522;
17115972;25445;
17116480;25461;
17116988;25454;
17117497;25356;
17118005;25378;
17118514;25274;
17119022;25336;
17119530;25376;
17120039;25373;
17120547;25314;
17121055;25288;
17121564;25322;
17122072;25381;
17122580;25467;
17123089;25395;
17123597;25362;
17124106;25413;
17124614;25504;
17125122;25545;
17125631;25532;
17126139;25511;
17126648;25526;
17127156;25522;
17127664;25474;
17128173;25343;
17128681;25335;
17129189;25373;
17129698;25398;
17130206;25351;
17130715;25277;
17131223;25300;
17131731;25227;
17132240;25416;
17132748;25493;
17133257;25549;
17133765;25563;
