5365490;25136;
5365998;25145;
5366506;25246;
5367014;25307;
5367522;25297;
5368031;25343;
5368539;25444;
5369047;25452;
5369555;25442;
5370063;25444;
5370572;25412;
5371080;25397;
5371588;25377;
5372096;25380;
5372604;25369;
5373113;25386;
5373621;25384;
5374129;25381;
5374637;25368;
5375145;25350;
5375654;25435;
5376162;25498;
5376670;25520;
5377178;25503;
5377687;25525;
5378195;25493;
5378703;25509;
5379211;25482;
5379719;25467;
5380228;25457;
5380736;25417;
5381244;25366;
5381752;25330;
5382261;25287;
5382769;25270;
5383277;25235;
5383785;25234;
5384294;25241;
5384802;25211;
5385310;25264;
5385818;25235;
5386326;25270;
5386835;25252;
5387343;25260;
5387851;25264;
5388359;25281;
5388868;25296;
5389376;25406;
5389884;25405;
5390392;25481;
5390901;25508;
5391409;25498;
5391917;25546;
5392425;25575;
5392933;25609;
5393442;25626;
5393950;25669;
5394458;25695;
5394966;25749;
5395474;25759;
5395983;25766;
5396491;25765;
5396999;25751;
5397507;25760;
5398016;25760;
5398524;25765;
5399032;25749;
5399540;25760;
5400049;25728;
5400557;25730;
5401065;25729;
5401573;25682;
5402082;25680;
5402590;25633;
5403098;25617;
5403606;25586;
5404114;25569;
5404623;25561;
5405131;25549;
5405639;25540;
5406147;25577;
5406656;25579;
5407164;25592;
5407672;25594;
5408180;25571;
5408689;25579;
5409197;25571;
5409705;25574;
5410213;25571;
5410722;25543;
5411230;25536;
5411738;25517;
5412246;25514;
5412755;25485;
5413263;25494;
5413771;25497;
5414279;25493;
5414788;25505;
5415296;25534;
5415804;25531;
5416312;25561;
5416820;25574;
5417329;25589;
5417837;25608;
5418345;25599;
5418853;25622;
5419362;25615;
5419870;25586;
5420378;25574;
5420886;25580;
5421395;25531;
5421903;25535;
5422411;25542;
5422919;25506;
5423428;25518;
5423936;25583;
5424444;25582;
5424952;25594;
5425460;25577;
5425969;25583;
5426477;25582;
5426985;25570;
5427493;25552;
5428002;25544;
5428510;25515;
5429018;25540;
5429526;25531;
5430035;25489;
5430543;25536;
5431051;25534;
5431559;25512;
5432067;25516;
5432576;25527;
5433084;25533;
5433592;25502;
5434100;25505;
5434608;25487;
5435117;25476;
5435625;25438;
5436133;25432;
5436641;25390;
5437149;25387;
5437658;25357;
5438166;25368;
5438674;25363;
5439182;25372;
5439690;25360;
5440199;25357;
5440707;25350;
5441215;25338;
5441723;25331;
5442231;25330;
5442740;25340;
5443248;25337;
5443756;25336;
5444264;25322;
5444773;25335;
5445281;25340;
5445789;25342;
5446297;25350;
5446805;25371;
5447314;25415;
5447822;25418;
5448330;25489;
5448838;25513;
5449346;25515;
5449855;25546;
5450363;25549;
5450871;25541;
5451379;25529;
5451887;25522;
5452396;25525;
5452904;25509;
5453412;25491;
5453920;25473;
5454429;25480;
5454937;25461;
5455445;25384;
5455953;25318;
5456461;25339;
5456970;25381;
5457478;25370;
5457986;25382;
5458494;25368;
5459002;25403;
5459511;25406;
5460019;25420;
5460527;25464;
5461035;25445;
5461543;25431;
5462052;25404;
5462560;25423;
5463068;25435;
5463576;25425;
5464084;25407;
5464593;25413;
5465101;25391;
5465609;25376;
5466117;25363;
5466625;25368;
5467134;25383;
5467642;25379;
5468150;25380;
5468658;25353;
5469167;25325;
5469675;25327;
5470183;25308;
5470691;25295;
5471199;25285;
5471708;25265;
5472216;25248;
5472724;25232;
5473232;25239;
5473740;25224;
5474249;25236;
5474757;25278;
5475265;25302;
5475773;25340;
5476281;25388;
5476790;25398;
5477298;25430;
5477806;25470;
5478314;25492;
5478822;25527;
5479330;25523;
5479839;25534;
5480347;25523;
5480855;25543;
5481363;25539;
5481872;25528;
5482380;25521;
5482888;25512;
5483396;25497;
5483904;25460;
5484413;25427;
5484921;25420;
5485429;25422;
5485937;25404;
5645521;25497;
5646030;25440;
5646538;25455;
5647046;25400;
5647555;25432;
5648063;25505;
5648571;25433;
5649079;25382;
5649588;25421;
5650096;25419;
5650604;25378;
5651112;25381;
5651621;25371;
5652129;25359;
5652637;25353;
5653145;25336;
5653653;25339;
5654162;25336;
5654670;25337;
5655178;25355;
5655686;25344;
5656195;25386;
5656703;25376;
5657211;25401;
5657719;25407;
5658228;25404;
5658736;25430;
5659244;25387;
5659752;25454;
5660260;25483;
5660769;25504;
5661277;25560;
5661785;25667;
5662293;25672;
5662802;25712;
5663310;25737;
5663818;25770;
5664326;25785;
5664835;25788;
5665343;25761;
5665851;25770;
5666359;25756;
5666868;25747;
5667376;25744;
5667884;25727;
5668392;25683;
5668901;25656;
5669409;25590;
5669917;25574;
5670425;25562;
5670934;25564;
5671442;25570;
5671950;25587;
5672459;25596;
5672967;25550;
5673475;25581;
5673983;25592;
5674492;25582;
5675000;25592;
5675508;25586;
5676016;25575;
5676525;25497;
5677033;25512;
5677541;25511;
5678049;25535;
5678558;25532;
5679066;25522;
5679574;25523;
5680082;25544;
5680590;25539;
5681099;25531;
5681607;25570;
5682115;25585;
5682623;25586;
5683132;25600;
5683640;25628;
5684148;25620;
5684656;25606;
5685165;25614;
5685673;25612;
5686181;25597;
5686689;25595;
5687198;25566;
5687706;25545;
5688214;25553;
5688722;25559;
5689231;25557;
5689739;25562;
5690247;25597;
5690756;25599;
5691264;25606;
5691772;25591;
5692280;25588;
5692789;25577;
5693297;25572;
5693805;25583;
5694313;25575;
5694822;25566;
5695330;25543;
5695838;25561;
5696346;25562;
5696855;25563;
5697363;25550;
5697871;25553;
5698379;25542;
5698888;25547;
5699396;25527;
5699904;25520;
5700412;25524;
5700921;25498;
5701429;25478;
5701937;25445;
5702445;25364;
5702954;25304;
5703462;25371;
5703970;25367;
5704479;25331;
5704987;25274;
5705495;25283;
5706003;25307;
5706512;25348;
5707020;25339;
5707528;25343;
5708036;25353;
5708545;25347;
5709053;25359;
5709561;25374;
5710069;25395;
5710578;25404;
5711086;25449;
5711594;25445;
5712103;25453;
5712611;25460;
5713119;25486;
5713627;25536;
5714136;25558;
5714644;25576;
5715152;25562;
5715660;25561;
5716169;25562;
5716677;25575;
5717185;25555;
5717693;25564;
5718202;25544;
5718710;25517;
5719218;25515;
5719726;25514;
5720235;25490;
5720743;25431;
5721251;25433;
5721759;25427;
5722268;25404;
5722776;25427;
5723284;25433;
5723792;25452;
5724300;25459;
5724809;25439;
5725317;25404;
5725825;25431;
5726333;25415;
5726842;25392;
5727350;25369;
5727858;25365;
5728366;25370;
5728875;25366;
5729383;25379;
5729891;25334;
5730399;25313;
5730907;25312;
5731416;25289;
5731924;25273;
5732432;25270;
5732940;25243;
5733449;25241;
5733957;25244;
5734465;25245;
5734973;25276;
5735482;25303;
5735990;25326;
5736498;25373;
5737006;25430;
5737515;25438;
5738023;25477;
5738531;25507;
5739039;25523;
5739548;25547;
5740056;25544;
5740564;25538;
5741072;25525;
5741581;25492;
5742089;25478;
5742597;25432;
5743105;25417;
5743614;25401;
5744122;25415;
5744630;25412;
5745138;25407;
5745646;25414;
5746155;25453;
5746663;25510;
5747171;25553;
5747679;25559;
5748188;25575;
5748696;25559;
5749204;25545;
5749712;25495;
5750221;25450;
5750729;25415;
5751237;25385;
5751745;25361;
5752254;25358;
5752762;25351;
5753270;25364;
5753778;25374;
5754287;25386;
5754795;25373;
5755303;25351;
5755811;25350;
5756320;25387;
5756828;25389;
5757336;25419;
5757844;25462;
5758353;25480;
5758861;25495;
5759369;25575;
5759877;25586;
5760386;25631;
5760894;25690;
5761402;25707;
5761910;25733;
5762418;25746;
5762927;25776;
5763435;25786;
5763943;25781;
5764451;25789;
5764960;25779;
5765468;25790;
16223238;25706;
16223747;25716;
16224256;25783;
16224765;25804;
16225274;25831;
16225783;25866;
16226292;25913;
16226801;25949;
16227310;25970;
16227819;25948;
16228328;25986;
16228837;25928;
16229346;25886;
16229855;25950;
16230364;25948;
16230873;25921;
16231382;25877;
16231891;25856;
16232400;25817;
16232909;25833;
16233418;25795;
16233927;25760;
16234436;25777;
16234945;25820;
16235454;25838;
16235963;25854;
16236472;25852;
16236981;25849;
16237490;25848;
16237999;25826;
16238508;25775;
16239017;25706;
16239526;25682;
16240035;25683;
16240544;25703;
16241053;25736;
16241562;25814;
16242070;25857;
16242579;25893;
16243088;25957;
16243597;25989;
16244106;25962;
16244615;25966;
16245124;25974;
16245633;25940;
16246142;25927;
16246651;25878;
16247160;25894;
16247669;25979;
16248178;25981;
16248687;25944;
16249196;25855;
16249705;25961;
16250214;25986;
16250723;25967;
16251232;25927;
16251741;25876;
16252250;25804;
16252759;25816;
16253268;25850;
16253777;25838;
16254286;25844;
16254795;25814;
16255304;25810;
16255813;25831;
16256322;25807;
16256831;25870;
16257340;25902;
16257848;26001;
16258357;26066;
16258866;26108;
16259375;26096;
16259884;26081;
16260393;26220;
16260902;26177;
16261411;26197;
16261920;26139;
16262429;26213;
16262938;26178;
16263447;26109;
16263956;26030;
16264465;25967;
16264974;25957;
16265483;25872;
16265992;25897;
16266501;25908;
16267010;25938;
16267519;25944;
16268028;25973;
16268537;25957;
16269046;25943;
16269555;25944;
16270064;26068;
16270573;26072;
16271082;26038;
16271591;25975;
16272100;25918;
16272609;25905;
16273118;25913;
16273627;25929;
16274136;25942;
16274645;25898;
16275154;25825;
16275662;25814;
16276171;25830;
16276680;25828;
16277189;25871;
16277698;25840;
16278207;25867;
16278716;25850;
16279225;25790;
16279734;25816;
16280243;25865;
16280752;25891;
16281261;25944;
16281770;25984;
16282279;26003;
16282788;26006;
16283297;25915;
16283806;25978;
16284315;25986;
16284824;25964;
16285333;25934;
16285842;25821;
16286351;25679;
16286860;25778;
16287369;25741;
16287878;25821;
16288387;25881;
16288895;25873;
16289404;25918;
16289913;25859;
16290422;25852;
16290931;25834;
16291440;25757;
16291949;25709;
16292458;25641;
16292967;25718;
16293476;25784;
16293985;25763;
16294494;25817;
16295003;25861;
16295512;25943;
16296021;25996;
16296530;25980;
16297039;25970;
16297548;25909;
16298057;25834;
16298566;25830;
16299075;25836;
16299584;25852;
16300093;25866;
16300602;25861;
16301111;25834;
16301620;25838;
16302129;25849;
16302638;25944;
16303147;25801;
16303656;25792;
16304165;25759;
16304674;25742;
16305183;25749;
16305692;25755;
16306201;25746;
16306710;25820;
16307219;25849;
16307728;25871;
16308237;25939;
16308746;26038;
16309255;26094;
16309764;26112;
16310273;26112;
16310782;26175;
16311291;26202;
16311800;26184;
16312309;26137;
16312818;26104;
16313327;26039;
16313836;25989;
16314345;25984;
16314854;25975;
16315363;25986;
16315872;26005;
16316381;26046;
16316890;26044;
16317399;26037;
16317908;26004;
16318417;25919;
16318926;25904;
16319435;25878;
16319944;25943;
16320453;25981;
16320962;25983;
16321471;25923;
16321980;25820;
16322489;25917;
16322998;25814;
16323507;25769;
16324016;25748;
16324525;25725;
16325034;25727;
16325543;25745;
16326052;25733;
16326561;25764;
16327070;25748;
16327579;25792;
16328088;25871;
16328597;25811;
16329106;25794;
16329615;25837;
16330124;25874;
16330633;25993;
16331142;26021;
16331651;25969;
16332160;25912;
16332669;25981;
16333178;25989;
16333687;25954;
16334196;25883;
16334705;25833;
16335214;25851;
16335723;25834;
16336232;25836;
16336741;25798;
16337250;25843;
16337759;25844;
16338268;25858;
16338777;25875;
16339286;25864;
16339795;25837;
16340304;25845;
16340813;25819;
16341322;25750;
16341831;25726;
16342340;25741;
16342849;25798;
16343358;25868;
16343867;25919;
16344376;25991;
16344885;25997;
16345394;25970;
16345903;25965;
16346412;25950;
16346921;25965;
16347430;26027;
16347939;26075;
16348448;26076;
16348958;25938;
16349467;25991;
16349976;25953;
16350485;25909;
16350994;25898;
16351502;25889;
16352011;25883;
16352520;25870;
16353029;25874;
16353538;25981;
16354047;26097;
16354556;26154;
16355065;26159;
16355574;26150;
16356083;26196;
16356592;26226;
16357101;26190;
16357610;26152;
16358119;26066;
16358628;25979;
16359137;25960;
16359646;26002;
16360155;26028;
16360664;26052;
16361173;25872;
16361682;25892;
16362191;25995;
16362700;26088;
16363209;25996;
16363718;25946;
16364227;25847;
16364736;25808;
16365245;25776;
16365754;25812;
16366263;25745;
16366772;25741;
16367281;25769;
16367790;25767;
16368299;25759;
16368808;25735;
16369317;25759;
16369826;25888;
16370335;25916;
16370844;25871;
16371353;25924;
16371862;25987;
16372371;26029;
16372880;26046;
16373389;25991;
16373898;26001;
16374407;25951;
16374916;25886;
16375425;25817;
16375934;25776;
16376443;25695;
16376951;25661;
16377460;25731;
16377969;25810;
16378478;25832;
16378987;25877;
16379496;25886;
16380005;25866;
16380514;25833;
16381023;25766;
16381532;25721;
16382041;25715;
16382550;25788;
16383059;25855;
16383568;25897;
16384077;25950;
16384586;26000;
16385095;25986;
16385604;25951;
16386113;25968;
16386622;25952;
16387131;25986;
16387640;26043;
16388149;26006;
16388658;26050;
16389167;26018;
16389676;25910;
16390185;25815;
16390694;25799;
16391203;25768;
16391712;25776;
16392221;25755;
16392730;25801;
16393239;25913;
16393748;26064;
16394257;26071;
16394766;26073;
16395275;26116;
16395784;26142;
16396293;26087;
16396802;26021;
16397311;25965;
16397820;25897;
16398329;25870;
16398838;26046;
16399347;26057;
16399856;26050;
16400365;26040;
16400874;26016;
16401383;26020;
16401892;26157;
16402401;26116;
16402910;26079;
16403419;26051;
16403928;25970;
16404437;25825;
16404946;25886;
16405455;26015;
16405964;25899;
16406473;25849;
16406982;25835;
16407491;25875;
16408000;25853;
16408509;25773;
16409017;25846;
16409526;25859;
16410035;25864;
16410544;25887;
16411053;25855;
16411562;25876;
16412071;25875;
16412580;25876;
16413089;25897;
16413598;25933;
16414107;25933;
16414616;26008;
16415125;26051;
16415634;25995;
16416143;25958;
16416652;26043;
16417161;25994;
16417670;25997;
16418179;25964;
16418688;25938;
16419197;25964;
16419706;25949;
16420215;25940;
16420724;25848;
16421233;25864;
16421742;25862;
16422251;25821;
16422760;25824;
16423269;25846;
16423778;25879;
16424287;25844;
16424796;25836;
16425305;25783;
16425814;25725;
16426323;25707;
16426832;25685;
16427341;25714;
16427850;25789;
16428359;25854;
16428868;25943;
16429376;25995;
16429885;25946;
16430394;26009;
16430903;25834;
16431412;25828;
16431921;25876;
16432430;25902;
16432939;25846;
16433448;25843;
16433957;25881;
16434466;25879;
16434975;25955;
16435484;25979;
16435993;25942;
16436502;25926;
16437011;25917;
16437520;25883;
16438029;25885;
16438538;25879;
16439047;25875;
16439556;25873;
16440065;25862;
16440574;25908;
16441083;25941;
16441592;25993;
16442101;26037;
16442610;26121;
16443118;26077;
16443627;26194;
16444136;26157;
16444645;26181;
16445154;26229;
16445663;26159;
16446172;26096;
16446681;26026;
16447190;26015;
16447699;26032;
16448208;25991;
16448717;26004;
16449226;26025;
16449735;26031;
16450244;26062;
16450753;26056;
16451262;26047;
16451770;26029;
16452279;26022;
16452788;26006;
16453297;26074;
16453806;26135;
16454315;26097;
16454824;26030;
16455333;25931;
16455842;25949;
16456351;25988;
16456860;25967;
16457369;25914;
16457878;25875;
16458387;25856;
16458896;25814;
16459405;25831;
16459914;25897;
16460423;25898;
16460932;25845;
16461441;25874;
16461950;25895;
