5365997;24794;
5366506;24876;
5367014;24874;
5367522;24838;
5368030;24848;
5368538;24805;
5369047;24769;
5369555;24770;
5370063;24776;
5370571;24829;
5371079;24844;
5371588;24936;
5372096;24950;
5372604;24995;
5373112;24990;
5373620;25020;
5374128;25026;
5374637;24975;
5375145;24964;
5375653;24978;
5376161;24978;
5376670;24960;
5377178;24916;
5377686;24921;
5378194;24863;
5378702;24857;
5379211;24819;
5379719;24816;
5380227;24804;
5380735;24782;
5381244;24756;
5381752;24704;
5382260;24691;
5382768;24678;
5383277;24667;
5383785;24656;
5384293;24680;
5384801;24667;
5385310;24728;
5385818;24710;
5386326;24736;
5386834;24732;
5387342;24752;
5387851;24796;
5388359;24840;
5388867;24870;
5389375;25068;
5389884;25091;
5390392;25211;
5390900;25229;
5391408;25244;
5391916;25270;
5392425;25277;
5392933;25300;
5393441;25297;
5393949;25335;
5394458;25334;
5394966;25323;
5395474;25319;
5395982;25284;
5396490;25271;
5396999;25262;
5397507;25237;
5398015;25251;
5398523;25223;
5399032;25209;
5399540;25218;
5400048;25165;
5400556;25129;
5401065;25107;
5401573;25040;
5402081;25022;
5402589;24962;
5403097;24961;
5403606;24929;
5404114;24910;
5404622;24923;
5405130;24922;
5405639;24927;
5406147;24940;
5406655;24947;
5407163;24962;
5407672;24952;
5408180;24931;
5408688;24921;
5409196;24929;
5409705;24923;
5410213;24941;
5410721;24936;
5411229;24938;
5411738;24962;
5412246;25013;
5412754;25036;
5413262;25090;
5413771;25166;
5414279;25200;
5414787;25231;
5415295;25234;
5415803;25231;
5416312;25202;
5416820;25191;
5417328;25126;
5417836;25123;
5418345;25073;
5418853;25048;
5419361;25045;
5419869;25044;
5420378;25066;
5420886;25082;
5421394;25083;
5421902;25083;
5422411;25081;
5422919;25053;
5423427;25066;
5423935;25082;
5424444;25054;
5424952;25032;
5425460;25088;
5425968;25082;
5426476;25097;
5426985;25061;
5427493;25081;
5428001;25039;
5428509;24961;
5429018;24978;
5429526;24960;
5430034;24881;
5430542;24882;
5431050;24871;
5431559;24835;
5432067;24812;
5432575;24811;
5433083;24810;
5433592;24818;
5434100;24827;
5434608;24820;
5435116;24813;
5435624;24766;
5436133;24762;
5436641;24716;
5437149;24733;
5437657;24725;
5438165;24693;
5438674;24674;
5439182;24666;
5439690;24655;
5440198;24664;
5440706;24659;
5441215;24680;
5441723;24681;
5442231;24735;
5442739;24729;
5443247;24735;
5443756;24746;
5444264;24760;
5444772;24784;
5445280;24801;
5445789;24841;
5446297;24875;
5446805;24921;
5447313;24939;
5447821;24945;
5448330;25003;
5448838;25014;
5449346;25015;
5449854;25030;
5450362;25032;
5450871;25034;
5451379;24996;
5451887;24999;
5452395;24955;
5452903;24929;
5453412;24915;
5453920;24909;
5454428;24853;
5454936;24829;
5455444;24791;
5455953;24747;
5456461;24798;
5456969;24904;
5457477;24884;
5457985;24913;
5458494;24904;
5459002;24925;
5459510;24900;
5460018;24929;
5460526;24905;
5461035;24910;
5461543;24896;
5462051;24895;
5462559;24868;
5463067;24857;
5463576;24870;
5464084;24871;
5464592;24860;
5465100;24839;
5465609;24831;
5466117;24775;
5466625;24748;
5467133;24737;
5467641;24694;
5468150;24686;
5468658;24652;
5469166;24659;
5469674;24681;
5470182;24707;
5470691;24754;
5471199;24787;
5471707;24817;
5472215;24876;
5472723;24942;
5473232;24985;
5473740;25027;
5474248;25066;
5474756;25100;
5475264;25114;
5475773;25125;
5476281;25131;
5476789;25123;
5477297;25114;
5477805;25093;
5478314;25084;
5478822;25029;
5479330;24999;
5479838;24982;
5480346;24937;
5480855;24897;
5481363;24862;
5481871;24822;
5482379;24822;
5482888;24826;
5483396;24834;
5483904;24834;
5484412;24844;
5484920;24877;
5485429;24929;
5485937;24938;
5486445;24905;
5645521;24980;
5646029;24924;
5646538;24916;
5647046;24818;
5647554;24810;
5648062;24853;
5648571;24786;
5649079;24741;
5649587;24798;
5650095;24805;
5650604;24793;
5651112;24811;
5651620;24814;
5652128;24795;
5652637;24821;
5653145;24843;
5653653;24840;
5654161;24844;
5654669;24851;
5655178;24849;
5655686;24829;
5656194;24853;
5656702;24870;
5657211;24888;
5657719;24915;
5658227;24938;
5658735;25037;
5659244;25022;
5659752;25137;
5660260;25205;
5660768;25228;
5661276;25251;
5661785;25350;
5662293;25353;
5662801;25341;
5663309;25333;
5663818;25313;
5664326;25274;
5664834;25260;
5665342;25242;
5665851;25238;
5666359;25212;
5666867;25185;
5667375;25126;
5667884;25086;
5668392;25026;
5668900;24996;
5669408;24928;
5669917;24919;
5670425;24899;
5670933;24935;
5671442;24945;
5671950;24960;
5672458;24975;
5672966;24891;
5673475;24929;
5673983;24943;
5674491;24934;
5674999;24947;
5675508;24970;
5676016;24965;
5676524;24933;
5677032;25015;
5677541;25021;
5678049;25093;
5678557;25100;
5679065;25161;
5679574;25211;
5680082;25269;
5680590;25266;
5681098;25240;
5681606;25255;
5682115;25201;
5682623;25133;
5683131;25106;
5683639;25100;
5684148;25058;
5684656;25017;
5685164;25060;
5685672;25073;
5686181;25063;
5686689;25093;
5687197;25087;
5687705;25080;
5688214;25101;
5688722;25082;
5689230;25082;
5689739;25081;
5690247;25106;
5690755;25106;
5691263;25051;
5691772;25064;
5692280;25080;
5692788;25105;
5693296;25079;
5693805;25088;
5694313;25116;
5694821;25100;
5695329;25086;
5695838;25040;
5696346;25020;
5696854;24990;
5697362;24967;
5697871;24929;
5698379;24889;
5698887;24873;
5699395;24855;
5699904;24817;
5700412;24825;
5700920;24828;
5701428;24837;
5701937;24786;
5702445;24714;
5702953;24671;
5703462;24695;
5703970;24687;
5704478;24633;
5704986;24581;
5705495;24621;
5706003;24695;
5706511;24803;
5707019;24827;
5707528;24819;
5708036;24808;
5708544;24846;
5709052;24886;
5709561;24922;
5710069;24951;
5710577;24952;
5711086;24980;
5711594;24977;
5712102;24951;
5712610;24955;
5713119;24980;
5713627;25055;
5714135;25064;
5714643;25054;
5715152;25039;
5715660;25045;
5716168;25046;
5716676;25038;
5717185;25007;
5717693;24971;
5718201;24942;
5718709;24935;
5719218;24906;
5719726;24865;
5720234;24853;
5720742;24877;
5721251;24927;
5721759;24948;
5722267;24932;
5722775;24946;
5723283;24937;
5723792;24919;
5724300;24920;
5724808;24905;
5725316;24878;
5725825;24870;
5726333;24857;
5726841;24858;
5727349;24811;
5727858;24768;
5728366;24723;
5728874;24681;
5729382;24668;
5729891;24660;
5730399;24683;
5730907;24713;
5731415;24760;
5731924;24821;
5732432;24868;
5732940;24951;
5733448;25024;
5733957;25050;
5734465;25059;
5734973;25116;
5735481;25119;
5735989;25118;
5736498;25129;
5737006;25125;
5737514;25121;
5738022;25106;
5738531;25083;
5739039;25043;
5739547;24971;
5740055;24904;
5740564;24854;
5741072;24832;
5741580;24827;
5742088;24841;
5742597;24894;
5743105;24934;
5743613;24950;
5744121;24985;
5744629;25018;
5745138;25023;
5745646;25067;
5746154;25059;
5746662;25035;
5747171;24987;
5747679;24968;
5748187;24932;
5748695;24892;
5749204;24879;
5749712;24840;
5750220;24800;
5750728;24822;
5751237;24837;
5751745;24835;
5752253;24857;
5752761;24858;
5753270;24851;
5753778;24860;
5754286;24863;
5754794;24872;
5755303;24873;
5755811;24894;
5756319;24947;
5756827;24997;
5757336;25045;
5757844;25129;
5758352;25186;
5758860;25217;
5759369;25288;
5759877;25302;
5760385;25332;
5760893;25366;
5761402;25340;
5761910;25355;
5762418;25342;
5762926;25328;
5763434;25305;
5763943;25290;
5764451;25278;
5764959;25255;
5765467;25267;
16223747;25041;
16224256;25153;
16224765;25198;
16225274;25294;
16225783;25376;
16226292;25373;
16226801;25430;
16227310;25474;
16227819;25396;
16228328;25449;
16228837;25350;
16229346;25293;
16229855;25358;
16230364;25359;
16230872;25342;
16231381;25349;
16231890;25382;
16232399;25375;
16232908;25431;
16233417;25487;
16233926;25454;
16234435;25406;
16234944;25446;
16235453;25441;
16235962;25328;
16236471;25248;
16236980;25216;
16237489;25199;
16237998;25205;
16238507;25245;
16239016;25304;
16239525;25377;
16240034;25456;
16240543;25496;
16241052;25510;
16241561;25512;
16242070;25549;
16242579;25542;
16243088;25541;
16243597;25517;
16244106;25466;
16244615;25465;
16245124;25469;
16245633;25492;
16246142;25535;
16246651;25431;
16247160;25426;
16247669;25543;
16248178;25527;
16248687;25477;
16249196;25385;
16249705;25438;
16250214;25457;
16250723;25406;
16251232;25373;
16251741;25331;
16252249;25231;
16252758;25251;
16253267;25324;
16253776;25329;
16254285;25326;
16254794;25295;
16255303;25310;
16255812;25400;
16256321;25454;
16256830;25533;
16257339;25612;
16257848;25691;
16258357;25728;
16258866;25804;
16259375;25736;
16259884;25692;
16260393;25777;
16260902;25712;
16261411;25716;
16261920;25631;
16262429;25667;
16262938;25581;
16263447;25467;
16263956;25357;
16264464;25350;
16264973;25442;
16265482;25370;
16265991;25395;
16266500;25387;
16267009;25390;
16267518;25330;
16268027;25377;
16268536;25495;
16269045;25634;
16269554;25603;
16270063;25583;
16270572;25459;
16271081;25446;
16271590;25492;
16272099;25521;
16272608;25493;
16273117;25489;
16273626;25457;
16274135;25414;
16274644;25374;
16275153;25352;
16275662;25320;
16276171;25323;
16276680;25243;
16277189;25228;
16277698;25185;
16278207;25166;
16278716;25169;
16279225;25140;
16279734;25207;
16280243;25315;
16280752;25372;
16281261;25452;
16281770;25479;
16282279;25521;
16282787;25490;
16283296;25354;
16283805;25435;
16284314;25424;
16284823;25355;
16285332;25336;
16285841;25296;
16286350;25250;
16286859;25455;
16287368;25455;
16287877;25495;
16288386;25448;
16288895;25369;
16289404;25308;
16289913;25214;
16290422;25273;
16290931;25327;
16291440;25323;
16291949;25444;
16292458;25369;
16292967;25486;
16293476;25588;
16293985;25509;
16294494;25488;
16295003;25489;
16295512;25505;
16296021;25511;
16296530;25474;
16297039;25470;
16297548;25440;
16298057;25343;
16298566;25329;
16299075;25340;
16299584;25351;
16300093;25373;
16300601;25373;
16301110;25357;
16301619;25349;
16302128;25333;
16302637;25363;
16303146;25244;
16303655;25253;
16304164;25234;
16304673;25213;
16305182;25222;
16305691;25254;
16306200;25292;
16306709;25459;
16307218;25524;
16307727;25503;
16308236;25554;
16308745;25667;
16309254;25730;
16309763;25708;
16310272;25632;
16310781;25650;
16311290;25653;
16311799;25580;
16312308;25515;
16312817;25461;
16313326;25385;
16313835;25400;
16314344;25428;
16314853;25475;
16315362;25524;
16315871;25499;
16316380;25468;
16316889;25470;
16317398;25513;
16317907;25557;
16318416;25506;
16318925;25561;
16319434;25554;
16319943;25452;
16320452;25374;
16320961;25371;
16321470;25373;
16321979;25406;
16322488;25478;
16322997;25371;
16323506;25299;
16324015;25269;
16324524;25214;
16325033;25200;
16325542;25181;
16326051;25112;
16326560;25100;
16327069;25083;
16327578;25134;
16328087;25256;
16328596;25196;
16329105;25211;
16329614;25265;
16330123;25325;
16330632;25501;
16331141;25535;
16331651;25460;
16332160;25346;
16332669;25423;
16333178;25445;
16333687;25360;
16334196;25264;
16334705;25320;
16335214;25426;
16335723;25470;
16336232;25498;
16336741;25522;
16337250;25537;
16337759;25480;
16338268;25423;
16338777;25353;
16339286;25291;
16339795;25180;
16340304;25226;
16340813;25253;
16341322;25402;
16341831;25470;
16342340;25550;
16342849;25545;
16343358;25584;
16343867;25562;
16344376;25582;
16344885;25528;
16345394;25476;
16345903;25492;
16346412;25512;
16346921;25560;
16347430;25582;
16347939;25557;
16348448;25503;
16348957;25404;
16349466;25443;
16349975;25399;
16350484;25384;
16350993;25373;
16351502;25359;
16352011;25401;
16352520;25449;
16353029;25548;
16353538;25671;
16354047;25774;
16354556;25795;
16355065;25724;
16355574;25721;
16356083;25722;
16356592;25697;
16357101;25592;
16357610;25488;
16358119;25445;
16358628;25452;
16359137;25485;
16359646;25488;
16360155;25451;
16360664;25509;
16361173;25530;
16361682;25513;
16362190;25444;
16362699;25490;
16363208;25496;
16363717;25528;
16364226;25378;
16364735;25339;
16365244;25295;
16365753;25340;
16366262;25215;
16366771;25226;
16367280;25159;
16367789;25139;
16368298;25107;
16368807;25072;
16369316;25130;
16369825;25365;
16370334;25433;
16370843;25353;
16371352;25430;
16371861;25505;
16372370;25543;
16372879;25555;
16373388;25449;
16373897;25457;
16374406;25361;
16374915;25262;
16375424;25286;
16375933;25368;
16376442;25325;
16376951;25302;
16377460;25374;
16377969;25453;
16378478;25415;
16378987;25366;
16379496;25286;
16380005;25242;
16380514;25230;
16381023;25292;
16381532;25398;
16382041;25458;
16382550;25554;
16383059;25576;
16383568;25548;
16384077;25507;
16384586;25494;
16385095;25465;
16385604;25488;
16386113;25557;
16386622;25571;
16387131;25589;
16387640;25585;
16388149;25484;
16388658;25500;
16389167;25455;
16389675;25353;
16390184;25253;
16390693;25246;
16391202;25250;
16391711;25269;
16392220;25336;
16392729;25465;
16393238;25601;
16393747;25720;
16394256;25716;
16394765;25700;
16395274;25664;
16395783;25605;
16396292;25506;
16396801;25368;
16397310;25306;
16397819;25337;
16398328;25349;
16398837;25531;
16399346;25474;
16399855;25454;
16400364;25551;
16400873;25684;
16401382;25686;
16401891;25615;
16402400;25546;
16402909;25495;
16403418;25496;
16403927;25464;
16404436;25357;
16404945;25464;
16405454;25559;
16405963;25458;
16406472;25389;
16406981;25356;
16407490;25402;
16407999;25357;
16408508;25263;
16409017;25307;
16409526;25297;
16410035;25260;
16410544;25228;
16411053;25174;
16411562;25180;
16412071;25211;
16412580;25259;
16413089;25331;
16413598;25446;
16414107;25414;
16414616;25553;
16415125;25586;
16415634;25448;
16416143;25425;
16416652;25485;
16417161;25411;
16417670;25406;
16418179;25375;
16418688;25308;
16419196;25352;
16419705;25363;
16420214;25385;
16420723;25342;
16421232;25407;
16421741;25472;
16422250;25465;
16422759;25542;
16423268;25538;
16423777;25463;
16424286;25315;
16424795;25232;
16425304;25117;
16425813;25135;
16426322;25242;
16426831;25246;
16427340;25479;
16427849;25594;
16428358;25620;
16428867;25637;
16429376;25650;
16429885;25557;
16430394;25537;
16430903;25382;
16431412;25373;
16431921;25391;
16432430;25457;
16432939;25352;
16433448;25347;
16433957;25381;
16434466;25423;
16434975;25457;
16435484;25433;
16435993;25386;
16436502;25379;
16437011;25388;
16437520;25354;
16438028;25356;
16438537;25344;
16439046;25361;
16439555;25404;
16440064;25490;
16440573;25564;
16441082;25643;
16441591;25695;
16442100;25718;
16442609;25816;
16443118;25711;
16443627;25853;
16444136;25742;
16444645;25713;
16445154;25705;
16445663;25596;
16446172;25490;
16446681;25370;
16447190;25393;
16447699;25468;
16448207;25452;
16448716;25508;
16449225;25537;
16449734;25532;
16450243;25489;
16450752;25479;
16451261;25549;
16451770;25683;
16452279;25746;
16452788;25699;
16453297;25650;
16453806;25583;
16454315;25501;
16454824;25532;
16455333;25493;
16455842;25488;
16456351;25491;
16456860;25439;
16457369;25372;
16457878;25367;
16458387;25345;
16458896;25254;
16459404;25203;
16459913;25235;
16460422;25209;
16460931;25186;
16461440;25251;
16461949;25301;
16462458;25388;
