5365490;24907;
5365998;24923;
5366507;24992;
5367015;25006;
5367523;24967;
5368031;24998;
5368539;24985;
5369048;24976;
5369556;24882;
5370064;24887;
5370572;24885;
5371080;24874;
5371588;24878;
5372097;24914;
5372605;24933;
5373113;24961;
5373621;25003;
5374129;25000;
5374638;25000;
5375146;24986;
5375654;25035;
5376162;25055;
5376670;25037;
5377179;25002;
5377687;24979;
5378195;24952;
5378703;24937;
5379212;24897;
5379720;24869;
5380228;24836;
5380736;24813;
5381245;24779;
5381753;24759;
5382261;24734;
5382769;24748;
5383278;24705;
5383786;24723;
5384294;24719;
5384802;24712;
5385310;24740;
5385819;24746;
5386327;24771;
5386835;24775;
5387343;24788;
5387852;24816;
5388360;24843;
5388868;24881;
5389376;24993;
5389885;25039;
5390393;25137;
5390901;25167;
5391409;25153;
5391917;25197;
5392426;25207;
5392934;25256;
5393442;25262;
5393950;25303;
5394459;25299;
5394967;25291;
5395475;25287;
5395983;25288;
5396491;25289;
5397000;25279;
5397508;25271;
5398016;25267;
5398524;25273;
5399033;25285;
5399541;25260;
5400049;25256;
5400557;25227;
5401065;25214;
5401574;25143;
5402082;25114;
5402590;25052;
5403098;25061;
5403607;25025;
5404115;25009;
5404623;25019;
5405131;25028;
5405640;25003;
5406148;25012;
5406656;25021;
5407164;25036;
5407673;25037;
5408181;25031;
5408689;25036;
5409197;25021;
5409706;25035;
5410214;25035;
5410722;25053;
5411230;25056;
5411739;25044;
5412247;25070;
5412755;25065;
5413263;25100;
5413772;25127;
5414280;25147;
5414788;25171;
5415296;25228;
5415804;25211;
5416313;25261;
5416821;25254;
5417329;25237;
5417837;25204;
5418346;25171;
5418854;25169;
5419362;25141;
5419870;25085;
5420379;25084;
5420887;25078;
5421395;25129;
5421903;25138;
5422412;25123;
5422920;25055;
5423428;25024;
5423936;24976;
5424445;24958;
5424953;24958;
5425461;24898;
5425969;24881;
5426477;24905;
5426986;24876;
5427494;24894;
5428002;24894;
5428510;24848;
5429019;24903;
5429527;24874;
5430035;24835;
5430543;24822;
5431051;24796;
5431560;24746;
5432068;24759;
5432576;24732;
5433084;24720;
5433592;24695;
5434101;24685;
5434609;24678;
5435117;24649;
5435625;24605;
5436134;24623;
5436642;24603;
5437150;24597;
5437658;24579;
5438166;24590;
5438675;24583;
5439183;24596;
5439691;24593;
5440199;24588;
5440707;24601;
5441216;24624;
5441724;24647;
5442232;24682;
5442740;24697;
5443248;24699;
5443757;24720;
5444265;24749;
5444773;24810;
5445281;24815;
5445789;24874;
5446298;24924;
5446806;24967;
5447314;25053;
5447822;25086;
5448330;25107;
5448839;25120;
5449347;25127;
5449855;25156;
5450363;25147;
5450871;25133;
5451380;25127;
5451888;25119;
5452396;25116;
5452904;25112;
5453413;25048;
5453921;25017;
5454429;25000;
5454937;24995;
5455445;24987;
5455954;24939;
5456462;24938;
5456970;24948;
5457478;24954;
5457986;24976;
5458495;25036;
5459003;25025;
5459511;25008;
5460019;25000;
5460527;25040;
5461036;25041;
5461544;25036;
5462052;25026;
5462560;25029;
5463068;25009;
5463577;25000;
5464085;24994;
5464593;24988;
5465101;24998;
5465609;24988;
5466118;24980;
5466626;24961;
5467134;24937;
5467642;24931;
5468151;24883;
5468659;24845;
5469167;24804;
5469675;24801;
5470183;24769;
5470692;24781;
5471200;24807;
5471708;24820;
5472216;24841;
5472724;24900;
5473233;24936;
5473741;24991;
5474249;25039;
5474757;25094;
5475265;25112;
5475774;25141;
5476282;25156;
5476790;25154;
5477298;25169;
5477806;25165;
5478315;25152;
5478823;25123;
5479331;25109;
5479839;25096;
5480347;25083;
5480856;25066;
5481364;25028;
5481872;24987;
5482380;24946;
5482888;24948;
5483397;24926;
5483905;24919;
5484413;24900;
5484921;24910;
5485429;24899;
5485938;24905;
5645014;25042;
5645522;25055;
5646030;25027;
5646538;24998;
5647047;24939;
5647555;24934;
5648063;24912;
5648572;24867;
5649080;24844;
5649588;24821;
5650096;24818;
5650605;24789;
5651113;24795;
5651621;24788;
5652129;24778;
5652638;24789;
5653146;24790;
5653654;24801;
5654162;24801;
5654670;24811;
5655179;24832;
5655687;24827;
5656195;24832;
5656703;24843;
5657212;24870;
5657720;24886;
5658228;24917;
5658736;24979;
5659244;24986;
5659753;25074;
5660261;25139;
5660769;25160;
5661277;25218;
5661786;25309;
5662294;25317;
5662802;25334;
5663310;25327;
5663819;25297;
5664327;25309;
5664835;25302;
5665343;25300;
5665852;25295;
5666360;25281;
5666868;25273;
5667376;25247;
5667885;25199;
5668393;25142;
5668901;25107;
5669409;25058;
5669918;25038;
5670426;25021;
5670934;25031;
5671442;25039;
5671951;25038;
5672459;25041;
5672967;25019;
5673476;25051;
5673984;25057;
5674492;25046;
5675000;25069;
5675509;25087;
5676017;25092;
5676525;25048;
5677033;25079;
5677542;25080;
5678050;25108;
5678558;25124;
5679066;25137;
5679574;25175;
5680083;25183;
5680591;25233;
5681099;25231;
5681607;25262;
5682116;25287;
5682624;25253;
5683132;25215;
5683640;25178;
5684149;25183;
5684657;25157;
5685165;25136;
5685673;25124;
5686182;25108;
5686690;25111;
5687198;25134;
5687706;25179;
5688215;25163;
5688723;25136;
5689231;25074;
5689739;25045;
5690248;25012;
5690756;24987;
5691264;24977;
5691773;24965;
5692281;24948;
5692789;24907;
5693297;24884;
5693806;24901;
5694314;24903;
5694822;24896;
5695330;24904;
5695839;24901;
5696347;24905;
5696855;24910;
5697363;24885;
5697872;24860;
5698380;24807;
5698888;24817;
5699396;24786;
5699905;24742;
5700413;24717;
5700921;24690;
5701429;24682;
5701938;24626;
5702446;24599;
5702954;24587;
5703462;24612;
5703971;24598;
5704479;24605;
5704987;24603;
5705496;24635;
5706004;24689;
5706512;24746;
5707020;24823;
5707529;24827;
5708037;24843;
5708545;24906;
5709053;24949;
5709562;24964;
5710070;25002;
5710578;25033;
5711087;25107;
5711595;25106;
5712103;25112;
5712611;25103;
5713120;25133;
5713628;25146;
5714136;25168;
5714644;25171;
5715153;25168;
5715661;25189;
5716169;25175;
5716677;25170;
5717186;25157;
5717694;25155;
5718202;25135;
5718710;25058;
5719219;25044;
5719727;25040;
5720235;25011;
5720743;24975;
5721252;24969;
5721760;24970;
5722268;25043;
5722776;25055;
5723284;25047;
5723793;25034;
5724301;25046;
5724809;25045;
5725317;25040;
5725826;25016;
5726334;24999;
5726842;24995;
5727350;24996;
5727859;24966;
5728367;24942;
5728875;24911;
5729383;24900;
5729891;24827;
5730400;24803;
5730908;24795;
5731416;24813;
5731924;24824;
5732433;24844;
5732941;24893;
5733449;24973;
5733958;25001;
5734466;25026;
5734974;25109;
5735482;25117;
5735990;25133;
5736499;25164;
5737007;25167;
5737515;25165;
5738023;25168;
5738532;25156;
5739040;25126;
5739548;25092;
5740056;25073;
5740565;25014;
5741073;24955;
5741581;24945;
5742089;24926;
5742598;24908;
5743106;24915;
5743614;24923;
5744122;24944;
5744630;24961;
5745139;25004;
5745647;25059;
5746155;25076;
5746663;25095;
5747172;25082;
5747680;25064;
5748188;25032;
5748696;24968;
5749205;24946;
5749713;24898;
5750221;24860;
5750729;24825;
5751238;24799;
5751746;24796;
5752254;24815;
5752762;24815;
5753271;24846;
5753779;24851;
5754287;24837;
5754795;24850;
5755304;24852;
5755812;24871;
5756320;24918;
5756828;24963;
5757337;25003;
5757845;25070;
5758353;25115;
5758861;25169;
5759369;25241;
5759878;25256;
5760386;25286;
5760894;25323;
5761402;25334;
5761911;25343;
5762419;25317;
5762927;25328;
5763435;25301;
5763944;25317;
5764452;25302;
5764960;25304;
16223239;26092;
16223748;26109;
16224257;26201;
16224766;26251;
16225275;26340;
16225784;26451;
16226293;26473;
16226802;26530;
16227311;26559;
16227820;26521;
16228329;26520;
16228838;26448;
16229347;26419;
16229855;26455;
16230364;26443;
16230873;26404;
16231382;26380;
16231891;26389;
16232400;26358;
16232909;26362;
16233418;26414;
16233927;26420;
16234436;26437;
16234945;26467;
16235454;26485;
16235963;26484;
16236472;26414;
16236981;26377;
16237490;26345;
16237999;26295;
16238508;26296;
16239017;26333;
16239526;26367;
16240035;26444;
16240544;26477;
16241053;26499;
16241562;26524;
16242071;26541;
16242580;26557;
16243089;26567;
16243598;26548;
16244107;26512;
16244616;26468;
16245125;26447;
16245634;26427;
16246143;26442;
16246652;26423;
16247161;26437;
16247670;26497;
16248179;26516;
16248688;26481;
16249197;26426;
16249706;26458;
16250215;26443;
16250724;26414;
16251233;26369;
16251741;26312;
16252250;26295;
16252759;26318;
16253268;26319;
16253777;26310;
16254286;26305;
16254795;26280;
16255304;26284;
16255813;26319;
16256322;26332;
16256831;26427;
16257340;26518;
16257849;26623;
16258358;26685;
16258867;26716;
16259376;26718;
16259885;26733;
16260394;26747;
16260903;26737;
16261412;26755;
16261921;26731;
16262430;26718;
16262939;26689;
16263448;26581;
16263957;26495;
16264465;26471;
16264974;26506;
16265483;26469;
16265992;26506;
16266501;26510;
16267010;26516;
16267519;26484;
16268028;26459;
16268537;26498;
16269046;26594;
16269555;26658;
16270064;26674;
16270573;26598;
16271082;26476;
16271591;26407;
16272100;26340;
16272609;26258;
16273118;26229;
16273627;26201;
16274136;26178;
16274645;26143;
16275154;26138;
16275663;26122;
16276172;26121;
16276681;26117;
16277190;26128;
16277699;26111;
16278208;26174;
16278717;26203;
16279226;26234;
16279735;26302;
16280244;26407;
16280753;26507;
16281262;26552;
16281771;26595;
16282279;26622;
16282788;26612;
16283297;26524;
16283806;26520;
16284315;26511;
16284824;26507;
16285333;26475;
16285842;26376;
16286351;26317;
16286860;26435;
16287369;26458;
16287878;26500;
16288387;26540;
16288896;26523;
16289405;26472;
16289914;26377;
16290423;26346;
16290932;26357;
16291441;26361;
16291950;26436;
16292459;26418;
16292968;26485;
16293477;26568;
16293986;26542;
16294495;26548;
16295004;26556;
16295513;26552;
16296022;26541;
16296531;26517;
16297040;26479;
16297549;26442;
16298058;26422;
16298567;26427;
16299076;26417;
16299585;26420;
16300093;26447;
16300602;26420;
16301111;26424;
16301620;26432;
16302129;26438;
16302638;26434;
16303147;26326;
16303656;26323;
16304165;26296;
16304674;26292;
16305183;26278;
16305692;26256;
16306201;26284;
16306710;26374;
16307219;26459;
16307728;26534;
16308237;26618;
16308746;26661;
16309255;26720;
16309764;26750;
16310273;26743;
16310782;26736;
16311291;26743;
16311800;26736;
16312309;26662;
16312818;26594;
16313327;26532;
16313836;26495;
16314345;26518;
16314854;26549;
16315363;26565;
16315872;26575;
16316381;26568;
16316890;26543;
16317399;26543;
16317908;26552;
16318417;26521;
16318926;26542;
16319435;26647;
16319944;26611;
16320453;26564;
16320962;26455;
16321471;26343;
16321980;26252;
16322489;26201;
16322998;26154;
16323507;26116;
16324016;26107;
16324525;26100;
16325034;26095;
16325543;26068;
16326052;26074;
16326561;26101;
16327070;26141;
16327579;26177;
16328088;26289;
16328597;26289;
16329106;26311;
16329615;26390;
16330124;26487;
16330633;26590;
16331142;26626;
16331651;26569;
16332161;26522;
16332669;26528;
16333178;26513;
16333687;26491;
16334197;26431;
16334706;26369;
16335215;26424;
16335724;26416;
16336233;26456;
16336742;26495;
16337251;26524;
16337760;26524;
16338269;26524;
16338778;26510;
16339287;26480;
16339796;26377;
16340305;26332;
16340814;26345;
16341323;26406;
16341832;26470;
16342341;26521;
16342850;26556;
16343359;26584;
16343868;26593;
16344377;26598;
16344886;26567;
16345395;26498;
16345904;26475;
16346413;26485;
16346922;26515;
16347431;26565;
16347940;26545;
16348449;26524;
16348958;26463;
16349467;26447;
16349976;26409;
16350485;26371;
16350994;26358;
16351503;26340;
16352012;26332;
16352521;26379;
16353030;26489;
16353539;26628;
16354048;26730;
16354557;26765;
16355066;26767;
16355575;26758;
16356084;26772;
16356593;26759;
16357102;26713;
16357611;26619;
16358120;26549;
16358629;26535;
16359138;26563;
16359647;26558;
16360156;26549;
16360665;26544;
16361173;26553;
16361682;26625;
16362191;26611;
16362700;26527;
16363209;26432;
16363718;26318;
16364227;26159;
16364736;26133;
16365245;26116;
16365754;26125;
16366263;26100;
16366772;26093;
16367281;26083;
16367790;26079;
16368299;26101;
16368808;26135;
16369317;26235;
16369826;26389;
16370335;26465;
16370844;26483;
16371353;26551;
16371862;26603;
16372371;26636;
16372880;26632;
16373389;26585;
16373898;26534;
16374407;26477;
16374916;26413;
16375425;26354;
16375934;26371;
16376443;26386;
16376952;26405;
16377461;26452;
16377970;26514;
16378479;26509;
16378988;26518;
16379497;26485;
16380006;26390;
16380515;26344;
16381024;26354;
16381533;26413;
16382042;26480;
16382551;26556;
16383060;26593;
16383569;26590;
16384078;26552;
16384587;26523;
16385096;26490;
16385604;26467;
16386114;26492;
16386622;26529;
16387131;26557;
16387640;26571;
16388150;26518;
16388658;26518;
16389167;26473;
16389676;26423;
16390185;26345;
16390694;26326;
16391203;26292;
16391712;26278;
16392221;26337;
16392730;26446;
16393239;26584;
16393748;26706;
16394257;26712;
16394766;26745;
16395275;26765;
16395784;26735;
16396293;26667;
16396802;26578;
16397311;26479;
16397820;26440;
16398329;26475;
16398838;26593;
16399347;26581;
16399856;26540;
16400365;26564;
16400874;26609;
16401383;26692;
16401892;26702;
16402401;26632;
16402910;26504;
16403419;26473;
16403928;26408;
16404437;26309;
16404946;26251;
16405455;26260;
16405964;26185;
16406473;26147;
16406982;26156;
16407491;26130;
16408000;26131;
16408509;26108;
16409018;26131;
16409527;26145;
16410036;26154;
16410545;26163;
16411054;26173;
16411563;26205;
16412072;26256;
16412581;26326;
16413090;26393;
16413599;26515;
16414108;26546;
16414617;26608;
16415126;26657;
16415635;26577;
16416144;26560;
16416653;26611;
16417161;26581;
16417670;26546;
16418179;26486;
16418688;26465;
16419197;26511;
16419706;26471;
16420215;26462;
16420724;26415;
16421233;26408;
16421742;26420;
16422251;26433;
16422760;26482;
16423269;26522;
16423778;26548;
16424287;26506;
16424796;26430;
16425305;26320;
16425814;26264;
16426323;26326;
16426832;26340;
16427341;26472;
16427850;26553;
16428359;26598;
16428868;26627;
16429377;26630;
16429886;26600;
16430395;26570;
16430904;26487;
16431413;26457;
16431922;26451;
16432431;26444;
16432940;26423;
16433449;26427;
16433958;26419;
16434467;26456;
16434976;26491;
16435485;26470;
16435994;26405;
16436503;26373;
16437012;26367;
16437520;26353;
16438029;26338;
16438538;26326;
16439047;26326;
16439556;26335;
16440065;26397;
16440574;26494;
16441083;26557;
16441592;26626;
16442101;26687;
16442610;26739;
16443119;26695;
16443628;26738;
16444137;26754;
16444646;26764;
16445155;26765;
16445664;26707;
16446173;26660;
16446682;26554;
16447191;26505;
16447700;26537;
16448208;26542;
16448717;26569;
16449226;26596;
16449735;26590;
16450244;26587;
16450753;26550;
16451262;26565;
16451771;26602;
16452280;26687;
16452789;26725;
16453298;26726;
16453807;26673;
16454316;26543;
16454825;26454;
16455334;26264;
16455843;26215;
16456352;26246;
16456861;26209;
16457370;26151;
16457879;26138;
16458388;26148;
16458896;26100;
16459405;26096;
16459914;26152;
16460423;26182;
16460932;26182;
16461441;26275;
16461950;26322;
