6543944;69840;
6544350;69843;
6544757;69822;
6545164;69856;
6545570;69839;
6545977;69870;
6546384;69839;
6546790;69858;
6547197;69850;
6547603;69900;
6548010;69846;
6548417;69859;
6548823;69814;
6549230;69831;
6549637;69849;
6550043;69833;
6550450;69798;
6550857;69849;
6551263;69814;
6551670;69809;
6552077;69858;
6552483;69850;
6552890;69837;
6553297;69868;
6553703;69826;
6554110;69815;
6554517;69832;
6554923;69826;
6555330;69877;
6555737;69864;
6556143;69875;
6556550;69830;
6556957;69846;
6557363;69831;
6557770;69801;
6558177;69876;
6558583;69838;
6558990;69841;
6559397;69839;
6559803;69854;
6560210;69842;
6560617;69842;
6561024;69829;
6561430;69866;
6561837;69801;
6562244;69844;
6562650;69842;
6563057;69870;
6563464;69847;
6563870;69823;
6564277;69864;
6564684;69875;
6565090;69839;
6565497;69837;
6565904;69835;
6566310;69808;
6566717;69854;
6567124;69789;
6567530;69812;
6567937;69891;
6568344;69774;
6568750;69880;
6569157;69801;
6569564;69838;
6569971;69823;
6570377;69828;
6570784;69823;
6571191;69814;
6571597;69843;
6572004;69853;
6572411;69839;
6572817;69849;
6573224;69797;
6573631;69822;
6574037;69847;
6574444;69854;
6574851;69811;
6575257;69817;
6575664;69835;
6576071;69806;
6576477;69839;
6576884;69879;
6577291;69803;
6577697;69831;
6578104;69815;
6578511;69836;
6578918;69800;
6579324;69857;
6579731;69808;
6580138;69808;
6580544;69847;
6580951;69803;
6581358;69829;
6581764;69821;
6582171;69834;
6582578;69825;
6582984;69826;
6583391;69845;
6583798;69831;
6584204;69855;
6584611;69854;
6585018;69839;
6585424;69846;
6585831;69819;
6586238;69850;
6586644;69828;
6587051;69833;
6587458;69854;
6587864;69846;
6588271;69819;
6588678;69807;
6589084;69848;
6589491;69803;
6589898;69863;
6590304;69832;
6590711;69834;
6591118;69823;
6591524;69841;
6591931;69815;
6592338;69831;
6592744;69857;
6593151;69831;
6593558;69825;
6593964;69830;
6594371;69855;
6594778;69806;
6595184;69900;
6595591;69841;
6595998;69782;
6596404;69834;
6596811;69794;
6597218;69817;
6597625;69812;
6598031;69821;
6598438;69810;
6598845;69861;
6599251;69816;
6599658;69846;
6600065;69844;
6600471;69832;
6600878;69816;
6601285;69863;
6601691;69842;
6602098;69837;
6602505;69879;
6602911;69870;
6603318;69832;
6603725;69829;
6639108;81190;
6639514;81187;
6639921;81198;
6640328;81212;
6640735;81195;
6641141;81189;
6641548;81212;
6641955;81204;
6642361;81204;
6642768;81188;
6643175;81166;
6643582;81210;
6643988;81187;
6644395;81209;
6644802;81203;
6645209;81244;
6645615;81198;
6646022;81149;
6646429;81191;
6646835;81226;
6647242;81190;
6647649;81232;
6648056;81210;
6648462;81176;
6648869;81166;
6649276;81207;
6649683;81234;
6650089;81188;
6650496;81166;
6650903;81220;
6651309;81209;
6651716;81209;
6652123;81173;
6652529;81180;
6652936;81189;
6653343;81172;
6653749;81197;
6654156;81194;
6654563;81214;
6654970;81215;
6655376;81202;
6655783;81249;
6656190;81248;
6656596;81211;
6657003;81242;
6657410;81293;
6657816;81259;
6658223;81265;
6658630;81242;
6659037;81244;
6659443;81211;
6659850;81215;
6660257;81235;
6660663;81203;
6661070;81269;
6661477;81200;
6661884;81237;
6662290;81240;
6662697;81199;
6663104;81208;
6663511;81243;
6663917;81258;
6664324;81232;
6664731;81215;
6665137;81232;
6665544;81234;
6665951;81227;
6666358;81243;
6666764;81207;
6667171;81209;
6667578;81248;
6667984;81223;
6668391;81231;
6668798;81221;
6669205;81261;
6669611;81229;
6670018;81222;
6670425;81188;
6670831;81210;
6671238;81226;
6671645;81221;
6672052;81239;
6672458;81196;
6672865;81208;
6673272;81213;
6673678;81220;
6674085;81218;
6674492;81195;
6674899;81230;
6675305;81218;
6675712;81179;
6676119;81252;
6676525;81196;
6676932;81193;
6677339;81187;
6677746;81200;
6678152;81225;
6678559;81162;
6678966;81193;
6679372;81174;
6679779;81217;
6680186;81175;
6680593;81196;
6680999;81188;
6681406;81205;
6681813;81266;
6682219;81253;
6682626;81214;
6683033;81245;
6683439;81227;
6683846;81290;
6684253;81239;
6684660;81258;
6685066;81239;
6685473;81230;
6685880;81262;
6686287;81263;
6686693;81267;
6687100;81233;
6687507;81261;
6687913;81291;
6688320;81319;
6688727;81270;
6689133;81297;
6689540;81274;
6689947;81261;
6690354;81300;
6690760;81295;
6691167;81301;
6691574;81300;
6691980;81313;
6692387;81300;
6692794;81265;
6693200;81290;
6693607;81345;
6694014;81278;
6694420;81288;
6694827;81323;
6695234;81282;
6695641;81266;
6696047;81273;
6696454;81231;
6696861;81255;
6697267;81233;
6697674;81240;
6698081;81262;
6698487;81249;
6718009;80137;
6718415;80113;
6718822;80122;
6719229;80086;
6719635;80090;
6720042;80137;
6720449;80142;
6720855;80117;
6721262;80151;
6721669;80136;
6722076;80102;
6722482;80172;
6722889;80151;
6723296;80130;
6723702;80151;
6724109;80170;
6724516;80095;
6724922;80142;
6725329;80138;
6725736;80155;
6726142;80139;
6726549;80130;
6726956;80129;
6727363;80147;
6727769;80147;
6728176;80123;
6728583;80094;
6728989;80186;
6729396;80106;
6729803;80082;
6730209;80152;
6730616;80092;
6731023;80154;
6731430;80171;
6731836;80151;
6732243;80149;
6732650;80179;
6733056;80102;
6733463;80161;
6733870;80143;
6734276;80140;
6734683;80156;
6735090;80184;
6735496;80115;
6735903;80160;
6736310;80116;
6736716;80128;
6737123;80159;
6737530;80190;
6737936;80122;
6738343;80152;
6738750;80130;
6739156;80110;
6739563;80175;
6739970;80135;
6740377;80151;
6740783;80175;
6741190;80156;
6741597;80163;
6742003;80159;
6742410;80155;
6742817;80138;
6743223;80113;
6743630;80160;
6744037;80152;
6744444;80177;
6744850;80141;
6745257;80138;
6745664;80183;
6746070;80172;
6746477;80152;
6746884;80145;
6747290;80124;
6747697;80171;
6748104;80152;
6748510;80128;
6748917;80157;
6749324;80162;
6749730;80143;
6750137;80153;
6750544;80141;
6750950;80132;
6751357;80191;
6751764;80136;
6752170;80159;
6752577;80147;
6752984;80148;
6753390;80144;
6753797;80158;
6754204;80116;
6754611;80128;
6755017;80148;
6755424;80125;
6755831;80146;
6756237;80162;
6756644;80182;
6757051;80161;
6757457;80113;
6757864;80129;
6758271;80172;
6758677;80125;
6759084;80164;
6759491;80161;
6759897;80156;
6760304;80131;
6760711;80114;
6761118;80135;
6761524;80167;
6761931;80151;
6762338;80145;
6762744;80183;
6763151;80150;
6763558;80157;
6763965;80158;
6764371;80172;
6764778;80135;
6765185;80169;
6765591;80109;
6765998;80175;
6766405;80176;
6766811;80147;
6767218;80143;
6767625;80163;
6768032;80141;
6768438;80156;
6768845;80130;
6769252;80148;
6769658;80133;
6770065;80160;
6770472;80117;
6770879;80152;
6771285;80133;
6771692;80174;
6772099;80129;
6772505;80161;
6772912;80146;
6773319;80141;
6773725;80123;
6774132;80154;
6774539;80177;
6774945;80103;
6775352;80169;
6775759;80164;
6776165;80157;
6776572;80161;
6776979;80155;
6777385;80156;
6777792;80136;
6800973;80076;
6801379;80054;
6801786;80048;
6802193;80029;
6802600;80078;
6803006;80043;
6803413;80049;
6803819;80098;
6804226;80031;
6804633;80044;
6805040;80076;
6805446;80026;
6805853;80053;
6806260;80034;
6806666;80031;
6807073;80035;
6807480;80064;
6807886;80053;
6808293;80091;
6808700;80089;
6809106;80019;
6809513;80049;
6809920;80052;
6810326;80051;
6810733;80035;
6811140;80071;
6811546;80021;
6811953;80055;
6812360;80037;
6812766;80019;
6813173;80053;
6813580;80044;
6813986;80029;
6814393;80032;
6814800;80010;
6815206;79987;
6815613;80031;
6816020;80013;
6816427;79992;
6816833;80030;
6817240;80000;
6817647;79984;
6818053;79969;
6818460;79994;
6818867;79999;
6819273;79966;
6819680;79973;
6820087;79955;
6820493;79975;
6820900;79952;
6821307;79984;
6821713;79910;
6822120;79909;
6822527;79975;
6822933;79968;
6823340;79944;
6823747;79968;
6824154;79939;
6824560;79920;
6824967;79960;
6825374;79924;
6825780;79935;
6826187;79961;
6826594;79946;
6827000;79882;
6827407;79924;
6827814;79916;
6828220;79936;
6828627;79957;
6829034;79916;
6829441;79899;
6829847;79973;
6830254;79911;
6830661;79946;
6831067;79957;
6831474;79921;
6831881;79885;
6832287;79964;
6832694;79925;
6833101;79943;
6833507;79921;
6833914;79871;
6834321;79867;
6834727;79921;
6835134;79967;
6835541;79919;
6835947;79904;
6836354;79907;
6836761;79931;
6837167;79904;
6837574;79888;
6837981;79893;
6838388;79896;
6838794;79865;
6839201;79885;
6839608;79893;
6840014;79924;
6840421;79876;
6840828;79907;
6841234;79888;
6841641;79910;
6842048;79911;
6842454;79907;
6842861;79868;
6843268;79859;
6843675;79890;
6844081;79912;
6844488;79910;
6844895;79909;
6845301;79861;
6845708;79876;
6846115;79886;
6846522;79901;
6846928;79914;
6847335;79912;
6847742;79888;
6848148;79886;
6848555;79888;
6848962;79901;
6849368;79891;
6849775;79878;
6850182;79920;
6850589;79898;
6850995;79878;
6851402;79867;
6851809;79907;
6852215;79790;
6852622;79864;
6853029;79800;
6853436;79784;
6853842;79798;
6854249;79845;
6854656;79825;
6855062;79823;
6855469;79826;
6855876;79862;
6856282;79819;
6856689;79834;
6857096;79811;
6857502;79848;
6857909;79822;
6858316;79807;
6858722;79756;
6859129;79846;
6859536;79818;
6859942;79811;
6860349;79812;
6860756;79791;
6879463;78297;
6879870;78309;
6880277;78316;
6880683;78421;
6881090;78422;
6881497;78431;
6881903;78405;
6882310;78446;
6882717;78446;
6883124;78474;
6883530;78435;
6883937;78440;
6884344;78440;
6884751;78436;
6885157;78423;
6885564;78442;
6885971;78411;
6886377;78464;
6886784;78410;
6887191;78468;
6887597;78423;
6888004;78450;
6888411;78449;
6888818;78445;
6889224;78442;
6889631;78436;
6890038;78449;
6890444;78448;
6890851;78431;
6891258;78503;
6891665;78465;
6892071;78470;
6892478;78477;
6892885;78494;
6893291;78490;
6893698;78448;
6894105;78486;
6894511;78505;
6894918;78507;
6895325;78497;
6895731;78536;
6896138;78512;
6896545;78490;
6896952;78548;
6897358;78533;
6897765;78553;
6898172;78504;
6898578;78558;
6898985;78548;
6899392;78538;
6899798;78571;
6900205;78557;
6900612;78496;
6901018;78532;
6901425;78538;
6901832;78547;
6902239;78546;
6902645;78512;
6903052;78555;
6903459;78538;
6903865;78540;
6904272;78504;
6904679;78584;
6905085;78587;
6905492;78553;
6905899;78529;
6906305;78581;
6906712;78572;
6907119;78575;
6907526;78523;
6907932;78566;
6908339;78559;
6908746;78575;
6909152;78530;
6909559;78541;
6909966;78575;
6910372;78557;
6910779;78509;
6911186;78594;
6911592;78589;
6911999;78592;
6912406;78582;
6912812;78599;
6913219;78541;
6913626;78557;
6914033;78601;
6914439;78523;
6914846;78558;
6915253;78515;
6915659;78571;
6916066;78554;
6916473;78521;
6916879;78578;
6917286;78568;
6917693;78555;
6918099;78513;
6918506;78602;
6918913;78576;
6919319;78567;
6919726;78595;
6920133;78616;
6920539;78561;
6920946;78553;
6921353;78564;
6921759;78566;
6922166;78592;
6922573;78559;
6922979;78619;
6923386;78515;
6923793;78638;
6924199;78561;
6924606;78547;
6925013;78577;
6925419;78588;
6925826;78553;
6926233;78574;
6926639;78538;
6927046;78585;
6927453;78577;
6927859;78561;
6928266;78551;
6928673;78551;
6929079;78554;
6929486;78562;
6929893;78551;
6930300;78575;
6930706;78545;
6931113;78578;
6931520;78567;
6931926;78590;
6932333;78567;
6932740;78570;
6933146;78568;
6933553;78556;
6933960;78575;
6934366;78556;
6934773;78572;
6935180;78574;
6935586;78583;
6935993;78563;
6936400;78565;
6936806;78530;
6937213;78563;
6937620;78595;
6938026;78562;
6938433;78578;
6938840;78594;
6939246;78628;
6957547;77636;
6957954;77616;
6958360;77593;
6958767;77644;
6959174;77681;
6959580;77629;
6959987;77622;
6960394;77710;
6960800;77617;
6961207;77628;
6961614;77675;
6962020;77672;
6962427;77692;
6962834;77707;
6963240;77701;
6963647;77706;
6964054;77680;
6964460;77703;
6964867;77681;
6965274;77725;
6965680;77740;
6966087;77746;
6966494;77750;
6966900;77697;
6967307;77720;
6967714;77708;
6968120;77757;
6968527;77736;
6968934;77753;
6969341;77722;
6969747;77697;
6970154;77752;
6970561;77701;
6970967;77767;
6971374;77702;
6971781;77716;
6972187;77728;
6972594;77746;
6973001;77742;
6973408;77677;
6973814;77728;
6974221;77758;
6974628;77725;
6975034;77732;
6975441;77737;
6975848;77737;
6976254;77756;
6976661;77726;
6977068;77730;
6977475;77716;
6977881;77734;
6978288;77728;
6978695;77650;
6979101;77747;
6979508;77676;
6979915;77697;
6980321;77748;
6980728;77702;
6981135;77742;
6981542;77726;
6981948;77726;
6982355;77705;
6982762;77708;
6983168;77746;
6983575;77737;
6983982;77764;
6984388;77749;
6984795;77717;
6985202;77763;
6985608;77749;
6986015;77705;
6986422;77701;
6986829;77749;
6987235;77717;
6987642;77715;
6988049;77747;
6988455;77729;
6988862;77764;
6989269;77759;
6989675;77747;
6990082;77728;
6990489;77674;
6990895;77685;
6991302;77672;
6991709;77715;
6992115;77700;
6992522;77730;
6992929;77694;
6993335;77748;
6993742;77705;
6994149;77692;
6994555;77680;
6994962;77708;
6995369;77728;
6995775;77700;
6996182;77736;
6996589;77744;
6996996;77712;
6997402;77736;
6997809;77701;
6998216;77718;
6998622;77670;
6999029;77728;
6999436;77685;
6999842;77717;
7000249;77700;
7000656;77729;
7001062;77736;
7001469;77710;
7001876;77739;
7002282;77716;
7002689;77674;
7003096;77693;
7003502;77675;
7003909;77704;
7004316;77711;
7004722;77680;
7005129;77756;
7005536;77701;
7005943;77640;
7006349;77671;
7006756;77697;
7007162;77693;
7007569;77700;
7007976;77754;
7008383;77674;
7008789;77689;
7009196;77694;
7009602;77679;
7010009;77705;
7010416;77702;
7010822;77735;
7011229;77747;
7011636;77727;
7012043;77713;
7012449;77754;
7012856;77719;
7013263;77723;
7013669;77705;
7014076;77674;
7014483;77664;
7014889;77715;
7015296;77739;
7015703;77683;
7016110;77693;
7016516;77734;
7016923;77674;
7017330;77711;
7037665;75914;
7038072;75958;
7038478;75944;
7038885;75959;
7039292;75952;
7039699;75958;
7040105;75947;
7040512;75940;
7040919;75968;
7041325;75946;
7041732;75986;
7042139;75918;
7042545;75913;
7042952;75894;
7043359;75997;
7043766;75931;
7044172;75935;
7044579;75941;
7044986;75935;
7045392;75911;
7045799;75928;
7046206;75941;
7046613;75907;
7047019;75938;
7047426;75938;
7047833;75966;
7048239;75929;
7048646;75942;
7049053;75989;
7049460;75961;
7049866;75931;
7050273;75940;
7050680;75927;
7051087;75916;
7051493;75912;
7051900;75916;
7052307;75957;
7052713;75929;
7053120;75912;
7053527;75900;
7053934;75923;
7054340;75927;
7054747;75931;
7055154;75946;
7055561;75904;
7055967;75945;
7056374;75924;
7056781;75931;
7057187;75916;
7057594;75937;
7058001;75884;
7058408;75905;
7058814;75939;
7059221;75928;
7059628;75926;
7060034;75943;
7060441;75909;
7060848;75919;
7061255;75959;
7061661;75936;
7062068;75943;
7062475;75885;
7062881;75892;
7063288;75900;
7063695;75903;
7064101;75882;
7064508;75909;
7064915;75914;
7065322;75908;
7065728;75896;
7066135;75931;
7066542;75952;
7066948;75834;
7067355;75914;
7067762;75894;
7068168;75917;
7068575;75907;
7068982;75863;
7069389;75879;
7069795;75897;
7070202;75932;
7070609;75900;
7071015;75935;
7071422;75974;
7071829;75894;
7072235;75921;
7072642;75861;
7073049;75890;
7073456;75920;
7073862;75885;
7074269;75886;
7074676;75894;
7075082;75913;
7075489;75888;
7075896;75938;
7076302;75883;
7076709;75869;
7077116;75896;
7077523;75900;
7077929;75893;
7078336;75885;
7078743;75890;
7079149;75924;
7079556;75899;
7079963;75906;
7080369;75921;
7080776;75924;
7081183;75902;
7081590;75888;
7081996;75893;
7082403;75880;
7082810;75903;
7083216;75943;
7083623;75895;
7084030;75872;
7084437;75906;
7084843;75879;
7085250;75929;
7085657;75931;
7086063;75946;
7086470;75909;
7086877;75931;
7087283;75905;
7087690;75888;
7088097;75919;
7088503;75886;
7088910;75880;
7089317;75884;
7089724;75903;
7090130;75882;
7090537;75910;
7090944;75857;
7091351;75906;
7091757;75863;
7092164;75927;
7092571;75889;
7092977;75889;
7093384;75927;
7093791;75849;
7094197;75859;
7094604;75910;
7095011;75900;
7095417;75942;
7095824;75898;
7096231;75918;
7096638;75915;
7097044;75886;
7097451;75897;
7111686;75035;
7112092;74978;
7112499;75035;
7112906;75045;
7113312;75031;
7113719;75032;
7114126;75022;
7114532;75041;
7114939;75029;
7115346;75051;
7115753;75104;
7116159;75056;
7116566;75056;
7116973;75079;
7117379;75036;
7117786;75033;
7118193;75058;
7118599;75062;
7119006;75045;
7119413;75024;
7119819;75034;
7120226;75018;
7120633;75007;
7121040;75017;
7121446;75027;
7121853;75019;
7122260;75030;
7122666;75036;
7123073;75017;
7123480;74983;
7123886;75036;
7124293;74997;
7124700;75057;
7125107;75056;
7125513;75001;
7125920;75054;
7126327;75027;
7126733;75012;
7127140;75025;
7127547;75023;
7127953;75028;
7128360;75012;
7128767;75004;
7129173;75029;
7129580;75021;
7129987;75008;
7130393;75055;
7130800;74995;
7131207;75008;
7131613;75049;
7132020;75010;
7132427;75009;
7132834;75008;
7133240;75016;
7133647;75008;
7134054;74981;
7134460;75039;
7134867;74960;
7135274;75009;
7135680;75004;
7136087;75018;
7136494;75087;
7136900;75028;
7137307;75003;
7137714;74998;
7138120;75021;
7138527;75030;
7138934;75032;
7139341;75020;
7139747;75012;
7140154;75031;
7140561;74996;
7140967;74992;
7141374;75016;
7141781;74978;
7142187;75007;
7142594;75002;
7143001;74995;
7143408;75029;
7143814;74986;
7144221;75031;
7144628;74995;
7145034;75032;
7145441;75008;
7145848;74983;
7146254;74996;
7146661;75025;
7147068;75005;
7147474;74987;
7147881;74997;
7148288;75004;
7148694;75032;
7149101;74995;
7149508;74945;
7149914;75008;
7150321;74983;
7150728;74988;
7151134;75035;
7151541;74986;
7151948;75021;
7152355;74999;
7152761;75025;
7153168;75051;
7153575;75031;
7153981;74947;
7154388;74970;
7154795;74952;
7155201;74998;
7155608;75038;
7156015;74968;
7156421;74972;
7156828;75038;
7157235;75013;
7157642;74975;
7158048;74983;
7158455;75043;
7158862;75016;
7159268;74995;
7159675;74981;
7160082;74986;
7160488;75044;
7160895;75000;
7161302;74988;
7161708;74994;
7162115;74997;
7162522;75001;
7162928;75006;
7163335;74975;
7163742;75013;
7164148;75005;
7164555;74996;
7164962;75026;
7165369;75024;
7165775;74986;
7166182;74978;
7166589;74964;
7166995;74995;
7167402;75027;
7167809;74988;
7168215;75005;
7168622;75019;
7169029;75004;
7169435;75013;
7169842;75009;
7170249;75010;
7170655;74978;
7171062;75011;
7171469;74995;
7190583;73613;
7190990;73558;
7191396;73574;
7191803;73545;
7192210;73535;
7192617;73596;
7193023;73611;
7193430;73557;
7193837;73549;
7194243;73565;
7194650;73573;
7195057;73559;
7195463;73591;
7195870;73543;
7196277;73576;
7196683;73547;
7197090;73604;
7197497;73572;
7197904;73636;
7198310;73576;
7198717;73594;
7199124;73618;
7199530;73618;
7199937;73592;
7200344;73569;
7200750;73613;
7201157;73612;
7201564;73615;
7201971;73597;
7202377;73585;
7202784;73596;
7203191;73627;
7203597;73623;
7204004;73638;
7204411;73620;
7204817;73603;
7205224;73603;
7205631;73585;
7206037;73562;
7206444;73628;
7206851;73613;
7207258;73611;
7207664;73633;
7208071;73625;
7208478;73597;
7208884;73660;
7209291;73634;
7209698;73627;
7210104;73667;
7210511;73633;
7210918;73678;
7211324;73668;
7211731;73609;
7212138;73647;
7212545;73714;
7212951;73635;
7213358;73607;
7213765;73635;
7214171;73677;
7214578;73631;
7214985;73652;
7215391;73698;
7215798;73679;
7216205;73671;
7216611;73636;
7217018;73652;
7217425;73699;
7217832;73680;
7218238;73674;
7218645;73718;
7219052;73654;
7219458;73640;
7219865;73671;
7220272;73718;
7220678;73687;
7221085;73625;
7221492;73659;
7221898;73690;
7222305;73627;
7222712;73690;
7223118;73671;
7223525;73708;
7223932;73681;
7224339;73653;
7224745;73690;
7225152;73678;
7225559;73646;
7225965;73685;
7226372;73702;
7226779;73702;
7227185;73683;
7227592;73676;
7227999;73633;
7228405;73663;
7228812;73695;
7229219;73712;
7229626;73685;
7230032;73668;
7230439;73646;
7230846;73699;
7231252;73679;
7231659;73652;
7232066;73709;
7232472;73685;
7232879;73663;
7233286;73706;
7233692;73683;
7234099;73694;
7234506;73675;
7234912;73681;
7235319;73697;
7235726;73666;
7236132;73702;
7236539;73712;
7236946;73679;
7237353;73697;
7237759;73668;
7238166;73710;
7238573;73691;
7238979;73692;
7239386;73678;
7239793;73696;
7240199;73676;
7240606;73711;
7241013;73649;
7241419;73657;
7241826;73705;
7242233;73711;
7242640;73732;
7243046;73679;
7243453;73695;
7243860;73679;
7244266;73684;
7244673;73667;
7245080;73741;
7245486;73683;
7245893;73703;
7246300;73643;
7246706;73702;
7247113;73702;
7247520;73671;
7247926;73691;
7248333;73716;
7248740;73755;
7249147;73667;
7249553;73709;
7249960;73680;
7250366;73676;
7250773;73669;
7251180;73692;
7269074;72540;
7269481;72549;
7269887;72547;
7270294;72543;
7270701;72540;
7271107;72562;
7271514;72641;
7271921;72579;
7272327;72616;
7272734;72581;
7273141;72575;
7273548;72644;
7273954;72608;
7274361;72618;
7274768;72599;
7275174;72666;
7275581;72602;
7275988;72609;
7276394;72600;
7276801;72671;
7277208;72592;
7277615;72518;
7278021;72564;
7278428;72588;
7278835;72589;
7279241;72532;
7279648;72568;
7280055;72575;
7280461;72522;
7280868;72590;
7281275;72524;
7281681;72579;
7282088;72549;
7282495;72546;
7282901;72600;
7283308;72593;
7283715;72546;
7284121;72557;
7284528;72541;
7284935;72586;
7285341;72583;
7285748;72566;
7286155;72548;
7286561;72547;
7286968;72603;
7287375;72550;
7287781;72587;
7288188;72573;
7288595;72586;
7289001;72571;
7289408;72598;
7289815;72581;
7290221;72560;
7290628;72546;
7291035;72591;
7291442;72560;
7291848;72560;
7292255;72554;
7292662;72539;
7293068;72540;
7293475;72553;
7293882;72604;
7294288;72539;
7294695;72569;
7295102;72547;
7295508;72559;
7295915;72567;
7296322;72582;
7296728;72488;
7297135;72526;
7297542;72561;
7297948;72540;
7298355;72550;
7298762;72533;
7299168;72545;
7299575;72529;
7299982;72524;
7300388;72603;
7300795;72575;
7301202;72550;
7301608;72550;
7302015;72572;
7302422;72600;
7302829;72533;
7303235;72565;
7303642;72559;
7304049;72542;
7304455;72604;
7304862;72569;
7305269;72525;
7305675;72562;
7306082;72555;
7306489;72561;
7306895;72544;
7307302;72549;
7307709;72597;
7308115;72576;
7308522;72566;
7308929;72525;
7309335;72565;
7309742;72574;
7310149;72577;
7310556;72536;
7310962;72569;
7311369;72581;
7311776;72566;
7312182;72592;
7312589;72545;
7312996;72516;
7313402;72622;
7313809;72548;
7314216;72566;
7314622;72580;
7315029;72550;
7315436;72533;
7315842;72568;
7316249;72576;
7316656;72574;
7317062;72563;
7317469;72545;
7317876;72565;
7318283;72485;
7318689;72604;
7319096;72563;
7319503;72567;
7319909;72579;
7320316;72581;
7320723;72557;
7321129;72569;
7321536;72493;
7321943;72550;
7322349;72573;
7322756;72567;
7323163;72556;
7323569;72545;
7323976;72517;
7324382;72534;
7324789;72543;
7325196;72547;
7325602;72585;
7326009;72601;
7326416;72585;
7326822;72562;
7327229;72610;
7327636;72606;
7328043;72566;
7328449;72567;
7328856;72586;
7329263;72532;
7329669;72559;
7330076;72559;
7330483;72612;
7330889;72594;
7331296;72575;
7331703;72588;
7332109;72543;
7332516;72540;
7332923;72592;
7333330;72565;
7333736;72534;
7334143;72506;
7334550;72530;
7334956;72554;
7335363;72556;
7335770;72591;
7351224;71329;
7351631;71334;
7352038;71369;
7352444;71364;
7352851;71400;
7353258;71452;
7353664;71367;
7354071;71383;
7354478;71389;
7354885;71384;
7355291;71399;
7355698;71356;
7356105;71340;
7356511;71354;
7356918;71403;
7357325;71359;
7357731;71358;
7358138;71326;
7358545;71355;
7358951;71394;
7359358;71387;
7359765;71346;
7360171;71350;
7360578;71405;
7360985;71359;
7361391;71410;
7361798;71375;
7362205;71364;
7362611;71409;
7363018;71397;
7363425;71365;
7363831;71379;
7364238;71398;
7364645;71387;
7365051;71384;
7365458;71404;
7365865;71368;
7366271;71395;
7366678;71403;
7367085;71395;
7367491;71426;
7367898;71381;
7368305;71377;
7368711;71370;
7369118;71399;
7369525;71374;
7369931;71402;
7370338;71394;
7370745;71416;
7371151;71383;
7371558;71411;
7371965;71414;
7372371;71403;
7372778;71427;
7373185;71407;
7373591;71390;
7373998;71360;
7374405;71457;
7374811;71441;
7375218;71407;
7375625;71438;
7376031;71419;
7376438;71406;
7376844;71429;
7377251;71467;
7377658;71419;
7378064;71438;
7378471;71431;
7378878;71430;
7379284;71407;
7379691;71410;
7380098;71453;
7380504;71435;
7380911;71395;
7381318;71427;
7381724;71434;
7382131;71420;
7382538;71462;
7382944;71434;
7383351;71457;
7383758;71451;
7384164;71477;
7384571;71465;
7384978;71431;
7385384;71459;
7385791;71482;
7386198;71418;
7386604;71473;
7387011;71491;
7387418;71450;
7387824;71414;
7388231;71444;
7388638;71490;
7389044;71463;
7389451;71461;
7389858;71479;
7390264;71453;
7390671;71463;
7391078;71429;
7391484;71469;
7391891;71479;
7392298;71522;
7392704;71454;
7393111;71481;
7393518;71469;
7393924;71427;
7394331;71471;
7394738;71473;
7395144;71474;
7395551;71465;
7395958;71440;
7396364;71483;
7396771;71456;
7397178;71455;
7397584;71429;
7397991;71459;
7398398;71532;
7398805;71523;
7399211;71429;
7399618;71468;
7400025;71463;
7400431;71503;
7400838;71441;
7401245;71511;
7401651;71486;
7402058;71452;
7402465;71491;
7402871;71416;
7403278;71452;
7403685;71477;
7404092;71461;
7404498;71464;
7404905;71529;
7405312;71459;
7405718;71501;
7406125;71454;
7406532;71503;
7406938;71454;
7407345;71483;
7407752;71454;
7408158;71452;
7408565;71474;
7408972;71432;
7409378;71502;
7409785;71523;
7410192;71451;
7410598;71487;
7411005;71479;
7428899;70681;
7429306;70719;
7429713;70654;
7430119;70652;
7430526;70725;
7430933;70686;
7431339;70718;
7431746;70700;
7432153;70668;
7432559;70745;
7432966;70745;
7433373;70751;
7433779;70706;
7434186;70693;
7434593;70733;
7434999;70692;
7435406;70699;
7435813;70719;
7436219;70680;
7436626;70723;
7437033;70725;
7437439;70731;
7437846;70730;
7438253;70681;
7438659;70629;
7439066;70604;
7439473;70610;
7439879;70576;
7440286;70634;
7440693;70621;
7441099;70555;
7441506;70602;
7441913;70638;
7442319;70638;
7442726;70646;
7443133;70596;
7443539;70616;
7443946;70573;
7444353;70629;
7444760;70616;
7445166;70631;
7445573;70653;
7445980;70635;
7446386;70648;
7446793;70600;
7447200;70652;
7447606;70651;
7448013;70614;
7448420;70590;
7448826;70610;
7449233;70626;
7449639;70661;
7450046;70637;
7450453;70645;
7450860;70660;
7451266;70632;
7451673;70601;
7452079;70657;
7452486;70648;
7452893;70598;
7453300;70658;
7453706;70635;
7454113;70604;
7454520;70618;
7454926;70687;
7455333;70598;
7455740;70633;
7456146;70605;
7456553;70618;
7456960;70633;
7457366;70626;
7457773;70652;
7458180;70620;
7458586;70627;
7458993;70593;
7459400;70600;
7459806;70595;
7460213;70629;
7460620;70613;
7461026;70629;
7461433;70628;
7461840;70613;
7462247;70626;
7462653;70602;
7463060;70583;
7463467;70640;
7463873;70616;
7464280;70586;
7464687;70578;
7465093;70598;
7465500;70602;
7465907;70582;
7466313;70585;
7466720;70623;
7467127;70586;
7467533;70586;
7467940;70612;
7468347;70555;
7468754;70601;
7469160;70601;
7469567;70615;
7469974;70596;
7470380;70619;
7470787;70592;
7471194;70575;
7471600;70575;
7472007;70570;
7472414;70601;
7472821;70560;
7473227;70590;
7473634;70559;
7474041;70635;
7474447;70638;
7474854;70606;
7475261;70575;
7475667;70612;
7476074;70560;
7476481;70583;
7476888;70630;
7477294;70626;
7477701;70583;
7478108;70631;
7478514;70622;
7478921;70596;
7479328;70545;
7479735;70621;
7480141;70581;
7480548;70609;
7480955;70629;
7481361;70617;
7481768;70577;
7482175;70622;
7482581;70590;
7482988;70593;
7483395;70584;
7483801;70599;
7484208;70607;
7484615;70592;
7485022;70595;
7485428;70589;
7485835;70617;
7486242;70596;
7486648;70562;
7487055;70587;
7487462;70590;
7487868;70628;
7488275;70591;
7488682;70604;
7520811;81861;
7521218;81819;
7521625;81804;
7522031;81861;
7522438;81856;
7522845;81873;
7523251;81841;
7523658;81845;
7524065;81821;
7524472;81862;
7524878;81865;
7525285;81829;
7525692;81845;
7526099;81806;
7526505;81839;
7526912;81860;
7527319;81871;
7527725;81850;
7528132;81828;
7528539;81844;
7528946;81792;
7529352;81854;
7529759;81875;
7530166;81819;
7530573;81852;
7530979;81836;
7531386;81817;
7531793;81778;
7532199;81813;
7532606;81869;
7533013;81787;
7533420;81766;
7533826;81814;
7534233;81825;
7534640;81839;
7535046;81801;
7535453;81770;
7535860;81797;
7536267;81795;
7536673;81768;
7537080;81762;
7537487;81816;
7537894;81761;
7538300;81814;
7538707;81766;
7539114;81819;
7539520;81797;
7539927;81750;
7540334;81782;
7540741;81751;
7541147;81808;
7541554;81792;
7541961;81789;
7542367;81777;
7542774;81805;
7543181;81805;
7543588;81794;
7543994;81793;
7544401;81787;
7544808;81803;
7545214;81796;
7545621;81784;
7546028;81786;
7546435;81798;
7546841;81815;
7547248;81825;
7547655;81818;
7548061;81786;
7548468;81836;
7548875;81803;
7549282;81828;
7549688;81787;
7550095;81822;
7550502;81774;
7550908;81804;
7581411;80945;
7581817;80910;
7582224;80923;
7582631;80851;
7583037;80895;
7583444;80904;
7583851;80891;
7584257;80887;
7584664;80904;
7585071;80863;
7585477;80891;
7585884;80895;
7586291;80896;
7586697;80886;
7587104;80932;
7587511;80847;
7587917;80871;
7588324;80863;
7588731;80878;
7589137;80851;
7589544;80835;
7589951;80881;
7590357;80836;
7590764;80844;
7591171;80802;
7591577;80853;
7591984;80811;
7592391;80848;
7592797;80852;
7593204;80838;
7593611;80819;
7594017;80832;
7594424;80808;
7594831;80795;
7595237;80836;
7595644;80791;
7596051;80822;
7596457;80797;
7596864;80796;
7597271;80831;
7597677;80801;
7598084;80759;
7598490;80810;
7598897;80827;
7599304;80809;
7599710;80834;
7600117;80814;
7600524;80835;
7600930;80807;
7601337;80828;
7601744;80796;
7602150;80867;
7602557;80829;
7602964;80831;
7603370;80830;
7603777;80853;
7604184;80843;
7604590;80823;
7604997;80798;
7605404;80833;
7605810;80868;
7606217;80803;
7606624;80806;
7607030;80788;
7607437;80828;
7607844;80787;
7608250;80817;
7608657;80839;
7609064;80823;
7609470;80842;
7609877;80831;
7610284;80820;
7610690;80834;
7611097;80759;
7627365;79759;
7627771;79725;
7628178;79772;
7628585;79737;
7628992;79747;
7629398;79723;
7629805;79749;
7630212;79764;
7630618;79756;
7631025;79734;
7631432;79727;
7631838;79732;
7632245;79760;
7632652;79787;
7633059;79745;
7633465;79758;
7633872;79712;
7634279;79694;
7634685;79736;
7635092;79745;
7635499;79767;
7635905;79795;
7636312;79708;
7636719;79744;
7637126;79723;
7637532;79751;
7637939;79724;
7638346;79787;
7638752;79770;
7639159;79734;
7639566;79730;
7639972;79743;
7640379;79739;
7640786;79747;
7641192;79792;
7641599;79783;
7642006;79766;
7642413;79779;
7642819;79807;
7643226;79736;
7643633;79730;
7644039;79737;
7644446;79760;
7644853;79771;
7645259;79755;
7645666;79731;
7646073;79813;
7646480;79781;
7646886;79760;
7647293;79768;
7647700;79760;
7648106;79806;
7648513;79762;
7648920;79790;
7649326;79741;
7649733;79791;
7650140;79801;
7650546;79799;
7650953;79773;
7651360;79769;
7651766;79788;
7652173;79778;
7652580;79790;
7652986;79827;
7653393;79804;
7653800;79778;
7654207;79777;
7654613;79794;
7655020;79776;
7655427;79769;
7655833;79818;
7656240;79800;
7656647;79811;
7657053;79842;
7670474;78394;
7670881;78391;
7671287;78418;
7671694;78401;
7672101;78412;
7672507;78427;
7672914;78401;
7673321;78411;
7673727;78388;
7674134;78430;
7674541;78415;
7674948;78396;
7675354;78399;
7675761;78394;
7676168;78346;
7676574;78405;
7676981;78393;
7677388;78432;
7677794;78415;
7678201;78444;
7678608;78354;
7679014;78424;
7679421;78443;
7679828;78410;
7680235;78397;
7680641;78459;
7681048;78496;
7681455;78445;
7681861;78402;
7682268;78400;
7682675;78439;
7683081;78448;
7683488;78446;
7683895;78456;
7684301;78401;
7684708;78488;
7685115;78448;
7685522;78423;
7685928;78439;
7686335;78466;
7686742;78447;
7687148;78420;
7687555;78426;
7687962;78461;
7688368;78429;
7688775;78487;
7689182;78473;
7689588;78454;
7689995;78504;
7690402;78441;
7690808;78465;
7691215;78494;
7691622;78442;
7692028;78489;
7692435;78445;
7692842;78466;
7693249;78421;
7693655;78429;
7694062;78421;
7694469;78451;
7694875;78404;
7695282;78443;
7695689;78456;
7696095;78430;
7696502;78479;
7696909;78449;
7697315;78431;
7697722;78459;
7698129;78412;
7698535;78464;
7698942;78428;
7699349;78459;
7699755;78445;
7700162;78444;
7713583;77226;
7713990;77214;
7714396;77266;
7714803;77241;
7715210;77265;
7715617;77264;
7716023;77243;
7716430;77249;
7716837;77206;
7717243;77230;
7717650;77252;
7718057;77218;
7718463;77214;
7718870;77187;
7719277;77245;
7719683;77240;
7720090;77248;
7720497;77241;
7720904;77219;
7721310;77243;
7721717;77240;
7722124;77262;
7722530;77256;
7722937;77277;
7723344;77251;
7723750;77287;
7724157;77247;
7724564;77266;
7724971;77287;
7725377;77257;
7725784;77240;
7726191;77264;
7726597;77280;
7727004;77298;
7727411;77265;
7727817;77293;
7728224;77311;
7728631;77241;
7729037;77224;
7729444;77169;
7729851;77213;
7730257;77211;
7730664;77223;
7731071;77161;
7731477;77220;
7731884;77228;
7732291;77196;
7732697;77226;
7733104;77208;
7733511;77205;
7733917;77176;
7734324;77168;
7734731;77172;
7735137;77173;
7735544;77178;
7735951;77165;
7736358;77186;
7736764;77190;
7737171;77181;
7737578;77159;
7737984;77211;
7738391;77190;
7738798;77183;
7739204;77183;
7739611;77204;
7740018;77144;
7740424;77209;
7740831;77187;
7741238;77150;
7741644;77165;
7742051;77130;
7742458;77145;
7742864;77148;
7743271;77147;
7759132;76261;
7759538;76309;
7759945;76297;
7760352;76298;
7760759;76237;
7761165;76267;
7761572;76258;
7761979;76255;
7762385;76244;
7762792;76228;
7763199;76231;
7763605;76216;
7764012;76224;
7764419;76243;
7764825;76175;
7765232;76205;
7765639;76214;
7766045;76260;
7766452;76181;
7766859;76241;
7767266;76197;
7767672;76240;
7768079;76225;
7768486;76259;
7768892;76188;
7769299;76197;
7769706;76245;
7770112;76176;
7770519;76235;
7770926;76227;
7771332;76255;
7771739;76213;
7772146;76220;
7772552;76215;
7772959;76184;
7773366;76180;
7773773;76216;
7774179;76215;
7774586;76183;
7774993;76225;
7775399;76226;
7775806;76233;
7776213;76232;
7776619;76252;
7777026;76264;
7777433;76278;
7777839;76251;
7778246;76215;
7778653;76204;
7779059;76215;
7779466;76251;
7779873;76242;
7780279;76230;
7780686;76228;
7781093;76248;
7781500;76174;
7781906;76238;
7782313;76266;
7782720;76209;
7783126;76239;
7783533;76217;
7783940;76207;
7784346;76214;
7784753;76213;
7785160;76263;
7785566;76224;
7785973;76248;
7786380;76229;
7786786;76235;
7787193;76239;
7787600;76252;
7788006;76258;
7788413;76327;
7788820;76274;
7789226;76259;
7802240;75006;
7802646;74996;
7803053;74990;
7803460;74962;
7803866;74930;
7804273;74943;
7804680;74919;
7805087;74886;
7805493;74881;
7805900;74858;
7806307;74907;
7806713;74848;
7807120;74881;
7807527;74834;
7807933;74904;
7808340;74874;
7808747;74861;
7809153;74855;
7809560;74884;
7809967;74854;
7810373;74861;
7810780;74888;
7811187;74843;
7811593;74844;
7812000;74895;
7812407;74864;
7812813;74865;
7813220;74850;
7813627;74856;
7814033;74831;
7814440;74841;
7814847;74831;
7815254;74824;
7815660;74836;
7816067;74833;
7816474;74798;
7816880;74847;
7817287;74843;
7817694;74846;
7818100;74834;
7818507;74855;
7818914;74823;
7819320;74864;
7819727;74855;
7820134;74867;
7820540;74906;
7820947;74877;
7821354;74836;
7821760;74837;
7822167;74874;
7822574;74903;
7822980;74909;
7823387;74857;
7823794;74867;
7824201;74883;
7824607;74882;
7825014;74884;
7825421;74922;
7825827;74859;
7826234;74890;
7826641;74882;
7827047;74872;
7827454;74938;
7827861;74894;
7828267;74914;
7828674;74922;
7829081;74938;
7829487;74880;
7829894;74934;
7830301;74954;
7830707;74945;
7831114;74932;
7831521;74945;
7831928;74925;
7832334;74918;
7832741;74941;
7833148;74964;
7849415;73754;
7849821;73767;
7850228;73732;
7850635;73719;
7851041;73714;
7851448;73729;
7851855;73745;
7852261;73704;
7852668;73702;
7853075;73697;
7853481;73714;
7853888;73721;
7854295;73730;
7854701;73661;
7855108;73732;
7855515;73721;
7855921;73716;
7856328;73646;
7856735;73681;
7857141;73676;
7857548;73690;
7857955;73696;
7858361;73723;
7858768;73683;
7859175;73673;
7859581;73658;
7859988;73694;
7860395;73713;
7860802;73683;
7861208;73659;
7861615;73674;
7862022;73712;
7862428;73676;
7862835;73705;
7863242;73672;
7863648;73659;
7864055;73697;
7864462;73710;
7864868;73697;
7865275;73718;
7865682;73658;
7866088;73690;
7866495;73642;
7866902;73697;
7867308;73666;
7867715;73678;
7868122;73675;
7868529;73692;
7868935;73686;
7869342;73680;
7869749;73686;
7870155;73690;
7870562;73728;
7870969;73627;
7871375;73662;
7871782;73684;
7872189;73632;
7872595;73670;
7873002;73643;
7873409;73723;
7873815;73648;
7874222;73685;
7874629;73692;
7875035;73701;
7875442;73701;
7875849;73708;
7876256;73691;
7876662;73656;
7877069;73683;
7877476;73652;
7877882;73699;
7878289;73691;
7878696;73736;
7879102;73646;
7879509;73685;
7896997;72395;
7897403;72347;
7897810;72324;
7898217;72382;
7898623;72379;
7899030;72365;
7899437;72362;
7899843;72333;
7900250;72386;
7900657;72386;
7901064;72354;
7901470;72415;
7901877;72353;
7902284;72353;
7902690;72362;
7903097;72318;
7903504;72358;
7903910;72349;
7904317;72395;
7904724;72376;
7905130;72372;
7905537;72383;
7905944;72347;
7906350;72368;
7906757;72375;
7907164;72364;
7907570;72309;
7907977;72368;
7908384;72356;
7908790;72373;
7909197;72418;
7909604;72319;
7910010;72321;
7910417;72354;
7910824;72355;
7911230;72372;
7911637;72326;
7912044;72324;
7912450;72344;
7912857;72347;
7913264;72395;
7913670;72348;
7914077;72354;
7914484;72362;
7914890;72312;
7915297;72327;
7915704;72332;
7916111;72355;
7916517;72362;
7916924;72347;
7917331;72307;
7917737;72340;
7918144;72314;
7918551;72320;
7918957;72337;
7919364;72373;
7919771;72362;
7920177;72366;
7920584;72322;
7920991;72362;
7921397;72368;
7921804;72373;
7922211;72346;
7922617;72369;
7923024;72304;
7923431;72375;
7923837;72366;
7924244;72355;
7924651;72421;
7925057;72335;
7925464;72347;
7925871;72336;
7926277;72340;
7926684;72329;
7944985;71640;
7945391;71559;
7945798;71642;
7946205;71597;
7946611;71594;
7947018;71599;
7947425;71621;
7947832;71580;
7948238;71683;
7948645;71593;
7949051;71633;
7949458;71604;
7949865;71566;
7950272;71605;
7950678;71608;
7951085;71602;
7951492;71599;
7951898;71566;
7952305;71614;
7952712;71593;
7953118;71602;
7953525;71574;
7953932;71568;
7954339;71633;
7954745;71575;
7955152;71589;
7955559;71568;
7955965;71572;
7956372;71541;
7956779;71611;
7957186;71598;
7957592;71554;
7957999;71573;
7958406;71607;
7958812;71560;
7959219;71555;
7959626;71592;
7960032;71623;
7960439;71569;
7960846;71613;
7961252;71648;
7961659;71568;
7962066;71565;
7962472;71601;
7962879;71593;
7963286;71604;
7963692;71601;
7964099;71552;
7964506;71568;
7964913;71570;
7965319;71588;
7965726;71574;
7966133;71603;
7966539;71584;
7966946;71624;
7967353;71600;
7967759;71599;
7968166;71620;
7968573;71574;
7968979;71571;
7969386;71587;
7969793;71609;
7970199;71612;
7970606;71585;
7971013;71611;
7971420;71605;
7971826;71571;
7972233;71655;
7972640;71631;
7973046;71554;
7973453;71626;
7973860;71606;
7974266;71571;
7974673;71617;
7997040;70652;
7997447;70684;
7997853;70661;
7998260;70696;
7998667;70659;
7999073;70651;
7999480;70649;
7999887;70667;
8000293;70663;
8000700;70660;
8001107;70668;
8001513;70682;
8001920;70678;
8002327;70669;
8002733;70605;
8003140;70715;
8003547;70673;
8003953;70680;
8004360;70655;
8004767;70643;
8005173;70658;
8005580;70670;
8005987;70662;
8006393;70649;
8006800;70613;
8007207;70613;
8007613;70658;
8008020;70633;
8008427;70610;
8008833;70594;
8009240;70651;
8009647;70658;
8010053;70643;
8010460;70646;
8010867;70667;
8011273;70663;
8011680;70612;
8012087;70627;
8012493;70651;
8012900;70663;
8013307;70649;
8013713;70615;
8014120;70635;
8014527;70668;
8014933;70695;
8015340;70623;
8015747;70659;
8016154;70673;
8016560;70637;
8016967;70649;
8017374;70664;
8017780;70628;
8018187;70681;
8018594;70673;
8019000;70626;
8019407;70639;
8019814;70674;
8020220;70611;
8020627;70665;
8021034;70654;
8021440;70596;
8021847;70651;
8022254;70648;
8022660;70665;
8023067;70695;
8023474;70660;
8023880;70647;
8024287;70626;
8024694;70658;
8025100;70634;
8025507;70620;
8025914;70669;
8026320;70681;
8026727;70645;
8027134;70662;
8027540;70642;
8062922;81866;
8063329;81850;
8063735;81879;
8064142;81863;
8064549;81816;
8064955;81883;
8065362;81812;
8065769;81870;
8066175;81871;
8066582;81870;
8066989;81877;
8067395;81901;
8067802;81908;
8068209;81851;
8068615;81885;
8069022;81864;
8069429;81898;
8069835;81897;
8070242;81874;
8070649;81903;
8071055;81841;
8071462;81868;
8071869;81891;
8072276;81861;
8072682;81866;
8073089;81881;
8073496;81880;
8073902;81916;
8074309;81929;
8074716;81878;
8075122;81905;
8075529;81850;
8075936;81881;
8076342;81874;
8076749;81883;
8077156;81850;
8077562;81914;
8077969;81892;
8078376;81865;
8078782;81873;
8079189;81884;
8079596;81871;
8080002;81882;
8080409;81876;
8080816;81842;
8081223;81900;
8081629;81862;
8082036;81872;
8082443;81876;
8082849;81893;
8083256;81885;
8083663;81879;
8084069;81871;
8084476;81883;
8084883;81888;
8085289;81871;
8085696;81868;
8086103;81866;
8086509;81882;
8086916;81896;
8087323;81891;
8087729;81924;
8088136;81911;
8088543;81876;
8088949;81908;
8089356;81889;
8089763;81852;
8090169;81894;
8090576;81866;
8090983;81890;
8091389;81851;
8091796;81891;
8092203;81895;
8092609;81919;
8109282;80609;
8109689;80611;
8110096;80574;
8110502;80593;
8110909;80601;
8111316;80609;
8111722;80564;
8112129;80576;
8112536;80624;
8112942;80605;
8113349;80573;
8113756;80588;
8114162;80613;
8114569;80612;
8114976;80584;
8115382;80610;
8115789;80637;
8116196;80626;
8116602;80588;
8117009;80623;
8117416;80616;
8117822;80602;
8118229;80631;
8118636;80631;
8119042;80618;
8119449;80603;
8119856;80588;
8120263;80601;
8120669;80572;
8121076;80573;
8121482;80610;
8121889;80592;
8122296;80632;
8122703;80633;
8123109;80616;
8123516;80619;
8123923;80613;
8124329;80587;
8124736;80619;
8125143;80610;
8125549;80608;
8125956;80621;
8126363;80612;
8126769;80613;
8127176;80582;
8127583;80588;
8127989;80631;
8128396;80630;
8128803;80640;
8129209;80602;
8129616;80561;
8130023;80592;
8130429;80612;
8130836;80597;
8131243;80593;
8131649;80564;
8132056;80581;
8132463;80600;
8132869;80622;
8133276;80578;
8133683;80598;
8134089;80590;
8134496;80599;
8134903;80574;
8135309;80595;
8135716;80569;
8136123;80577;
8136530;80590;
8136936;80569;
8137343;80603;
8137750;80614;
8138156;80622;
8138563;80566;
8138970;80589;
8158084;79839;
8158491;79773;
8158897;79813;
8159304;79835;
8159711;79849;
8160117;79823;
8160524;79863;
8160931;79851;
8161338;79809;
8161744;79823;
8162151;79802;
8162558;79837;
8162964;79881;
8163371;79815;
8163778;79872;
8164184;79851;
8164591;79880;
8164998;79808;
8165404;79892;
8165811;79832;
8166218;79885;
8166624;79873;
8167031;79840;
8167438;79812;
8167845;79864;
8168251;79797;
8168658;79855;
8169065;79886;
8169471;79802;
8169878;79865;
8170285;79827;
8170691;79861;
8171098;79858;
8171505;79806;
8171911;79846;
8172318;79859;
8172725;79864;
8173131;79811;
8173538;79854;
8173945;79820;
8174351;79839;
8174758;79837;
8175165;79836;
8175571;79823;
8175978;79834;
8176385;79799;
8176792;79819;
8177198;79857;
8177605;79853;
8178012;79841;
8178418;79924;
8178825;79836;
8179232;79847;
8179638;79878;
8180045;79862;
8180451;79795;
8180858;79832;
8181265;79860;
8181671;79852;
8182078;79901;
8182485;79827;
8182891;79816;
8183298;79867;
8183705;79834;
8184112;79819;
8184518;79829;
8184925;79823;
8185332;79849;
8185738;79842;
8186145;79823;
8186552;79844;
8186958;79801;
8187365;79811;
8187772;79841;
8202006;78654;
8202412;78700;
8202819;78659;
8203226;78656;
8203633;78678;
8204039;78715;
8204446;78656;
8204853;78665;
8205259;78677;
8205666;78653;
8206073;78642;
8206479;78640;
8206886;78686;
8207293;78668;
8207700;78681;
8208106;78644;
8208513;78635;
8208920;78626;
8209326;78709;
8209733;78682;
8210140;78658;
8210546;78680;
8210953;78675;
8211360;78669;
8211766;78662;
8212173;78661;
8212580;78652;
8212986;78619;
8213393;78643;
8213800;78677;
8214206;78688;
8214613;78675;
8215020;78642;
8215427;78672;
8215833;78694;
8216240;78647;
8216647;78652;
8217053;78629;
8217460;78658;
8217867;78651;
8218273;78666;
8218680;78629;
8219087;78689;
8219493;78646;
8219900;78644;
8220307;78620;
8220713;78707;
8221120;78647;
8221527;78622;
8221934;78679;
8222340;78684;
8222747;78643;
8223154;78628;
8223560;78648;
8223967;78667;
8224374;78640;
8224780;78616;
8225187;78672;
8225594;78647;
8226000;78669;
8226407;78621;
8226814;78599;
8227221;78648;
8227627;78662;
8228034;78635;
8228441;78617;
8228847;78670;
8229254;78640;
8229661;78623;
8230067;78637;
8230474;78646;
8230881;78659;
8231287;78640;
8231694;78637;
8245928;77086;
8246335;77101;
8246741;77078;
8247148;77082;
8247555;77113;
8247962;77084;
8248368;77129;
8248775;77026;
8249182;77078;
8249588;77100;
8249995;77062;
8250402;77066;
8250808;77059;
8251215;77086;
8251622;77020;
8252028;77032;
8252435;77071;
8252842;77098;
8253248;77078;
8253655;77089;
8254062;77018;
8254468;77037;
8254875;77072;
8255282;77058;
8255689;77057;
8256095;77058;
8256502;77092;
8256909;77056;
8257315;77093;
8257722;77049;
8258129;77072;
8258535;77037;
8258942;77046;
8259349;77090;
8259755;77103;
8260162;77100;
8260569;77083;
8260976;77061;
8261382;77130;
8261789;77129;
8262196;77066;
8262602;77072;
8263009;77071;
8263416;77067;
8263822;77116;
8264229;77069;
8264636;77055;
8265042;77097;
8265449;77046;
8265856;77057;
8266263;77103;
8266669;77082;
8267076;77056;
8267483;77096;
8267889;77026;
8268296;77081;
8268703;77063;
8269109;77084;
8269516;77113;
8269923;77139;
8270329;77089;
8270736;77100;
8271143;77070;
8271550;77086;
8271956;77089;
8272363;77085;
8272770;77082;
8273176;77150;
8273583;77122;
8273990;77033;
8274396;77035;
8274803;77087;
8275210;77084;
8275617;77113;
8289851;76081;
8290257;76115;
8290664;76142;
8291071;76132;
8291478;76111;
8291884;76171;
8292291;76127;
8292698;76076;
8293104;76133;
8293511;76111;
8293918;76138;
8294324;76125;
8294731;76094;
8295138;76100;
8295544;76115;
8295951;76130;
8296358;76100;
8296765;76135;
8297171;76121;
8297578;76186;
8297985;76106;
8298391;76089;
8298798;76126;
8299205;76143;
8299611;76132;
8300018;76166;
8300425;76158;
8300831;76123;
8301238;76107;
8301645;76108;
8302052;76150;
8302458;76107;
8302865;76112;
8303272;76140;
8303678;76103;
8304085;76151;
8304492;76118;
8304898;76163;
8305305;76114;
8305712;76143;
8306118;76160;
8306525;76121;
8306932;76102;
8307339;76139;
8307745;76133;
8308152;76106;
8308559;76109;
8308965;76107;
8309372;76113;
8309779;76136;
8310185;76154;
8310592;76132;
8310998;76110;
8311405;76169;
8311812;76134;
8312218;76143;
8312625;76085;
8313032;76129;
8313438;76156;
8313845;76127;
8314252;76117;
8314659;76088;
8315065;76156;
8315472;76133;
8315879;76125;
8316285;76120;
8316692;76125;
8317099;76134;
8317505;76138;
8317912;76120;
8318319;76141;
8318725;76144;
8319132;76124;
8319539;76091;
8332145;73986;
8332552;74003;
8332959;74007;
8333365;74001;
8333772;73993;
8334179;73953;
8334585;73976;
8334992;73940;
8335399;73941;
8335805;73967;
8336212;73980;
8336619;73962;
8337025;73983;
8337432;73993;
8337839;73991;
8338245;74000;
8338652;74002;
8339059;73981;
8339465;73992;
8339872;74024;
8340279;73961;
8340686;74016;
8341092;73991;
8341499;73965;
8341906;74030;
8342312;73989;
8342719;73966;
8343126;74036;
8343532;73944;
8343939;73993;
8344346;74037;
8344752;73981;
8345159;74005;
8345566;74025;
8345972;74028;
8346379;74013;
8346786;74009;
8347192;74010;
8347599;74028;
8348006;73948;
8348412;73982;
8348819;73953;
8349226;73966;
8349632;73970;
8350039;74021;
8350446;73985;
8350852;73974;
8351259;74000;
8351666;74003;
8352072;73973;
8352479;73972;
8352886;73987;
8353292;73948;
8353699;73987;
8354106;73979;
8354513;73980;
8354919;73924;
8355326;74013;
8355733;73987;
8356139;73980;
8356546;74004;
8356953;73974;
8357359;73956;
8357766;73940;
8358173;73967;
8358579;73976;
8358986;74013;
8359393;74019;
8359799;73977;
8360206;73987;
8360613;74058;
8361019;73970;
8361426;73969;
8361833;73986;
8373626;73840;
8374032;73899;
8374439;73876;
8374846;73910;
8375252;73891;
8375659;73866;
8376066;73883;
8376472;73944;
8376879;73898;
8377286;73906;
8377692;73884;
8378099;73872;
8378506;73918;
8378913;73884;
8379319;73861;
8379726;73869;
8380133;73899;
8380539;73887;
8380946;73887;
8381353;73928;
8381759;73884;
8382166;73894;
8382573;73918;
8382979;73901;
8383386;73897;
8383792;73882;
8384199;73888;
8384606;73915;
8385013;73856;
8385419;73935;
8385826;73859;
8386233;73905;
8386639;73892;
8387046;73888;
8387453;73940;
8387859;73879;
8388266;73922;
8388673;73877;
8389079;73885;
8389486;73910;
8389893;73874;
8390299;73879;
8390706;73900;
8391113;73869;
8391519;73912;
8391926;73907;
8392333;73881;
8392739;73858;
8393146;73897;
8393553;73937;
8393960;73890;
8394366;73899;
8394773;73907;
8395180;73914;
8395586;73921;
8395993;73895;
8396400;73866;
8396807;73928;
8397213;73841;
8397620;73899;
8398027;73885;
8398433;73927;
8398840;73911;
8399247;73908;
8399653;73917;
8400060;73905;
8400467;73872;
8400873;73924;
8401280;73928;
8401687;73901;
8402093;73875;
8402500;73908;
8402907;73867;
8403313;73938;
8416327;72553;
8416734;72565;
8417140;72534;
8417547;72569;
8417954;72536;
8418361;72537;
8418767;72506;
8419174;72525;
8419581;72579;
8419987;72543;
8420394;72545;
8420801;72550;
8421207;72512;
8421614;72526;
8422021;72512;
8422427;72462;
8422834;72522;
8423241;72544;
8423647;72516;
8424054;72552;
8424461;72534;
8424867;72513;
8425274;72527;
8425681;72566;
8426087;72523;
8426494;72503;
8426901;72545;
8427307;72530;
8427714;72508;
8428121;72549;
8428528;72529;
8428934;72504;
8429341;72554;
8429748;72518;
8430154;72538;
8430561;72532;
8430968;72532;
8431375;72524;
8431781;72568;
8432188;72512;
8432595;72502;
8433001;72520;
8433408;72542;
8433815;72518;
8434222;72522;
8434628;72498;
8435035;72494;
8435442;72508;
8435848;72536;
8436255;72517;
8436662;72534;
8437068;72505;
8437475;72519;
8437882;72557;
8438289;72488;
8438695;72496;
8439102;72499;
8439509;72565;
8439915;72547;
8440322;72525;
8440729;72559;
8441135;72509;
8441542;72546;
8441949;72525;
8442356;72530;
8442762;72498;
8443169;72552;
8443576;72563;
8443982;72536;
8444389;72517;
8444796;72580;
8445202;72520;
8445609;72537;
8446016;72517;
8446423;72538;
8462284;71155;
8462690;71179;
8463097;71155;
8463504;71167;
8463910;71110;
8464317;71161;
8464724;71173;
8465131;71115;
8465537;71132;
8465944;71165;
8466351;71161;
8466757;71175;
8467164;71147;
8467571;71141;
8467977;71160;
8468384;71175;
8468791;71164;
8469198;71165;
8469604;71170;
8470011;71192;
8470418;71148;
8470824;71176;
8471231;71158;
8471638;71144;
8472044;71187;
8472451;71189;
8472858;71205;
8473265;71193;
8473671;71192;
8474078;71186;
8474485;71207;
8474891;71182;
8475298;71196;
8475705;71152;
8476111;71196;
8476518;71158;
8476925;71209;
8477332;71202;
8477738;71169;
8478145;71223;
8478552;71171;
8478958;71151;
8479365;71189;
8479772;71186;
8480178;71225;
8480585;71186;
8480992;71207;
8481399;71272;
8481805;71191;
8482212;71192;
8482619;71181;
8483025;71171;
8483432;71140;
8483839;71182;
8484245;71207;
8484652;71203;
8485059;71154;
8485465;71265;
8485872;71136;
8486279;71188;
8486685;71242;
8487092;71160;
8487499;71168;
8487906;71206;
8488312;71194;
8488719;71176;
8489126;71179;
8489532;71138;
8489939;71182;
8490346;71183;
8490752;71210;
8491159;71223;
8491566;71193;
8504173;70324;
8504580;70392;
8504987;70325;
8505393;70372;
8505800;70363;
8506207;70394;
8506613;70329;
8507020;70431;
8507427;70341;
8507833;70385;
8508240;70361;
8508647;70411;
8509054;70367;
8509460;70371;
8509867;70388;
8510274;70358;
8510680;70393;
8511087;70432;
8511494;70363;
8511900;70389;
8512307;70416;
8512714;70387;
8513120;70420;
8513527;70387;
8513934;70389;
8514341;70371;
8514747;70363;
8515154;70457;
8515561;70391;
8515967;70379;
8516374;70390;
8516781;70390;
8517187;70399;
8517594;70358;
8518001;70381;
8518407;70412;
8518814;70418;
8519221;70392;
8519627;70408;
8520034;70389;
8520441;70360;
8520847;70404;
8521254;70403;
8521661;70413;
8522068;70354;
8522474;70361;
8522881;70386;
8523288;70370;
8523694;70389;
8524101;70384;
8524508;70381;
8524914;70351;
8525321;70392;
8525728;70407;
8526134;70392;
8526541;70441;
8526948;70405;
8527354;70390;
8527761;70397;
8528168;70423;
8528574;70394;
8528981;70378;
8529388;70429;
8529794;70347;
8530201;70412;
8530608;70422;
8531014;70384;
8531421;70410;
8531828;70409;
8532234;70438;
8532641;70395;
8533048;70393;
8533455;70405;
8533861;70393;
8534268;70384;
