6543943;283909;
6544350;283867;
6544756;283891;
6545163;283871;
6545570;283886;
6545976;283861;
6546383;283885;
6546790;283910;
6547196;283878;
6547603;283871;
6548010;283834;
6548416;283869;
6548823;283815;
6549230;283887;
6549636;283860;
6550043;283819;
6550449;283871;
6550856;283850;
6551263;283871;
6551669;283869;
6552076;283855;
6552483;283884;
6552889;283885;
6553296;283816;
6553703;283887;
6554109;283820;
6554516;283898;
6554923;283922;
6555330;283852;
6555736;283885;
6556143;283902;
6556550;283841;
6556956;283870;
6557363;283870;
6557770;283892;
6558176;283858;
6558583;283857;
6558990;283850;
6559396;283820;
6559803;283867;
6560210;283894;
6560616;283876;
6561023;283912;
6561430;283851;
6561836;283851;
6562243;283883;
6562650;283866;
6563056;283865;
6563463;283855;
6563870;283815;
6564276;283916;
6564683;283875;
6565090;283886;
6565497;283875;
6565903;283860;
6566310;283828;
6566717;283900;
6567123;283902;
6567530;283875;
6567937;283873;
6568343;283865;
6568750;283846;
6569157;283865;
6569563;283874;
6569970;283908;
6570377;283817;
6570783;283892;
6571190;283875;
6571597;283854;
6572003;283867;
6572410;283871;
6572817;283868;
6573223;283864;
6573630;283866;
6574037;283898;
6574444;283859;
6574850;283879;
6575257;283818;
6575664;283891;
6576070;283873;
6576477;283876;
6576884;283923;
6577290;283871;
6577697;283891;
6578104;283822;
6578510;283848;
6578917;283862;
6579324;283898;
6579730;283855;
6580137;283841;
6580544;283856;
6580950;283861;
6581357;283855;
6581764;283881;
6582170;283859;
6582577;283891;
6582984;283874;
6583390;283886;
6583797;283860;
6584204;283888;
6584610;283902;
6585017;283876;
6585424;283881;
6585831;283861;
6586237;283878;
6586644;283873;
6587051;283885;
6587457;283885;
6587864;283866;
6588271;283893;
6588677;283838;
6589084;283849;
6589491;283872;
6589897;283890;
6590304;283857;
6590711;283834;
6591117;283833;
6591524;283881;
6591931;283847;
6592337;283872;
6592744;283855;
6593151;283888;
6593557;283815;
6593964;283897;
6594371;283905;
6594777;283820;
6595184;283901;
6595591;283869;
6595997;283900;
6596404;283850;
6596811;283880;
6597217;283867;
6597624;283870;
6598031;283891;
6598437;283878;
6598844;283890;
6599251;283810;
6599658;283880;
6600064;283885;
6600471;283882;
6600878;283876;
6601284;283869;
6601691;283878;
6602098;283876;
6602504;283876;
6602911;283886;
6603318;283825;
6603724;283869;
6639107;302125;
6639514;302139;
6639921;302178;
6640327;302162;
6640734;302154;
6641141;302165;
6641548;302171;
6641954;302191;
6642361;302151;
6642768;302165;
6643174;302133;
6643581;302124;
6643988;302143;
6644395;302160;
6644801;302158;
6645208;302139;
6645615;302186;
6646022;302171;
6646428;302208;
6646835;302208;
6647242;302187;
6647648;302172;
6648055;302200;
6648462;302143;
6648869;302194;
6649275;302132;
6649682;302200;
6650089;302191;
6650495;302245;
6650902;302120;
6651309;302173;
6651716;302221;
6652122;302187;
6652529;302141;
6652936;302183;
6653342;302180;
6653749;302205;
6654156;302219;
6654562;302218;
6654969;302282;
6655376;302297;
6655782;302322;
6656189;302308;
6656596;302318;
6657003;302360;
6657409;302350;
6657816;302363;
6658223;302392;
6658629;302373;
6659036;302361;
6659443;302325;
6659850;302335;
6660256;302311;
6660663;302344;
6661070;302276;
6661476;302296;
6661883;302290;
6662290;302362;
6662697;302295;
6663103;302300;
6663510;302262;
6663917;302323;
6664324;302285;
6664730;302324;
6665137;302363;
6665544;302288;
6665950;302304;
6666357;302300;
6666764;302288;
6667171;302306;
6667577;302340;
6667984;302345;
6668391;302305;
6668797;302276;
6669204;302304;
6669611;302289;
6670018;302325;
6670424;302263;
6670831;302342;
6671238;302285;
6671644;302322;
6672051;302333;
6672458;302329;
6672864;302299;
6673271;302296;
6673678;302290;
6674085;302249;
6674491;302327;
6674898;302313;
6675305;302298;
6675712;302347;
6676118;302284;
6676525;302291;
6676932;302291;
6677338;302236;
6677745;302254;
6678152;302239;
6678559;302318;
6678965;302267;
6679372;302274;
6679779;302306;
6680185;302266;
6680592;302323;
6680999;302311;
6681405;302275;
6681812;302335;
6682219;302300;
6682626;302303;
6683032;302333;
6683439;302341;
6683846;302392;
6684252;302378;
6684659;302417;
6685066;302442;
6685473;302418;
6685879;302448;
6686286;302489;
6686693;302468;
6687099;302465;
6687506;302444;
6687913;302506;
6688320;302495;
6688726;302502;
6689133;302502;
6689540;302538;
6689946;302571;
6690353;302539;
6690760;302500;
6691166;302535;
6691573;302539;
6691980;302529;
6692387;302568;
6692793;302523;
6693200;302561;
6693607;302515;
6694013;302512;
6694420;302494;
6694827;302498;
6695233;302443;
6695640;302440;
6696047;302481;
6696453;302412;
6696860;302452;
6697267;302486;
6697673;302498;
6698080;302412;
6698487;302414;
6718415;300535;
6718822;300494;
6719228;300467;
6719635;300519;
6720042;300491;
6720448;300577;
6720855;300544;
6721262;300613;
6721668;300528;
6722075;300528;
6722482;300589;
6722888;300521;
6723295;300614;
6723702;300600;
6724108;300541;
6724515;300573;
6724922;300540;
6725329;300578;
6725735;300553;
6726142;300589;
6726549;300577;
6726955;300546;
6727362;300627;
6727769;300596;
6728175;300602;
6728582;300641;
6728989;300556;
6729396;300588;
6729802;300602;
6730209;300631;
6730616;300586;
6731022;300631;
6731429;300637;
6731836;300614;
6732242;300653;
6732649;300595;
6733056;300658;
6733462;300629;
6733869;300642;
6734276;300621;
6734682;300636;
6735089;300669;
6735496;300632;
6735903;300682;
6736309;300636;
6736716;300628;
6737123;300712;
6737529;300705;
6737936;300676;
6738343;300719;
6738749;300714;
6739156;300660;
6739563;300710;
6739969;300657;
6740376;300673;
6740783;300731;
6741190;300721;
6741596;300661;
6742003;300680;
6742410;300669;
6742816;300718;
6743223;300696;
6743630;300667;
6744036;300686;
6744443;300712;
6744850;300722;
6745256;300726;
6745663;300689;
6746070;300726;
6746476;300732;
6746883;300707;
6747290;300722;
6747697;300702;
6748103;300692;
6748510;300701;
6748917;300675;
6749323;300725;
6749730;300749;
6750137;300709;
6750543;300738;
6750950;300719;
6751357;300747;
6751763;300751;
6752170;300720;
6752577;300703;
6752983;300756;
6753390;300740;
6753797;300729;
6754203;300711;
6754610;300785;
6755017;300688;
6755423;300771;
6755830;300702;
6756237;300749;
6756643;300699;
6757050;300746;
6757457;300725;
6757864;300739;
6758270;300809;
6758677;300725;
6759084;300733;
6759490;300689;
6759897;300691;
6760304;300734;
6760710;300743;
6761117;300738;
6761524;300764;
6761931;300736;
6762337;300742;
6762744;300696;
6763151;300726;
6763557;300714;
6763964;300753;
6764371;300743;
6764778;300711;
6765184;300778;
6765591;300750;
6765998;300725;
6766404;300733;
6766811;300752;
6767218;300724;
6767624;300742;
6768031;300709;
6768438;300718;
6768845;300753;
6769251;300755;
6769658;300726;
6770065;300707;
6770471;300723;
6770878;300773;
6771285;300778;
6771691;300764;
6772098;300757;
6772505;300723;
6772911;300732;
6773318;300716;
6773725;300786;
6774132;300776;
6774538;300785;
6774945;300722;
6775352;300713;
6775758;300770;
6776165;300773;
6776572;300722;
6776978;300803;
6777385;300735;
6777792;300777;
6778198;300729;
6800972;301191;
6801379;301171;
6801786;301189;
6802192;301195;
6802599;301239;
6803006;301270;
6803412;301266;
6803819;301304;
6804226;301292;
6804632;301305;
6805039;301304;
6805446;301320;
6805852;301346;
6806259;301326;
6806666;301347;
6807072;301425;
6807479;301353;
6807886;301356;
6808292;301388;
6808699;301370;
6809106;301391;
6809513;301370;
6809919;301307;
6810326;301379;
6810733;301338;
6811139;301356;
6811546;301375;
6811953;301332;
6812359;301323;
6812766;301377;
6813173;301376;
6813579;301367;
6813986;301380;
6814393;301328;
6814799;301324;
6815206;301304;
6815613;301366;
6816019;301298;
6816426;301322;
6816833;301325;
6817239;301342;
6817646;301334;
6818053;301315;
6818459;301319;
6818866;301305;
6819273;301291;
6819679;301264;
6820086;301282;
6820493;301304;
6820900;301310;
6821306;301299;
6821713;301275;
6822120;301314;
6822526;301322;
6822933;301282;
6823340;301277;
6823746;301268;
6824153;301263;
6824560;301303;
6824966;301252;
6825373;301235;
6825780;301233;
6826187;301294;
6826593;301234;
6827000;301255;
6827407;301266;
6827813;301252;
6828220;301297;
6828627;301242;
6829033;301243;
6829440;301258;
6829847;301257;
6830253;301193;
6830660;301258;
6831067;301249;
6831473;301227;
6831880;301265;
6832287;301268;
6832694;301241;
6833100;301214;
6833507;301199;
6833914;301202;
6834320;301223;
6834727;301231;
6835134;301212;
6835540;301208;
6835947;301189;
6836354;301212;
6836760;301193;
6837167;301186;
6837574;301227;
6837980;301158;
6838387;301202;
6838794;301203;
6839200;301150;
6839607;301132;
6840014;301248;
6840420;301150;
6840827;301214;
6841234;301194;
6841641;301176;
6842047;301199;
6842454;301178;
6842861;301192;
6843267;301184;
6843674;301173;
6844081;301175;
6844487;301168;
6844894;301145;
6845301;301165;
6845708;301148;
6846114;301181;
6846521;301213;
6846928;301203;
6847334;301234;
6847741;301146;
6848148;301164;
6848555;301151;
6848961;301158;
6849368;301163;
6849775;301184;
6850181;301162;
6850588;301148;
6850995;301175;
6851402;301181;
6851808;301181;
6852215;300987;
6852622;301029;
6853028;300992;
6853435;300979;
6853842;300938;
6854248;301027;
6854655;300949;
6855062;301017;
6855468;301008;
6855875;300979;
6856282;301010;
6856689;300968;
6857095;300978;
6857502;300920;
6857909;300943;
6858315;300970;
6858722;300903;
6859129;300923;
6859535;300985;
6859942;300920;
6860349;300901;
6860755;300930;
6879463;298075;
6879869;298110;
6880276;298198;
6880683;298311;
6881090;298329;
6881496;298351;
6881903;298374;
6882310;298357;
6882716;298369;
6883123;298373;
6883530;298367;
6883937;298339;
6884343;298372;
6884750;298397;
6885157;298365;
6885563;298383;
6885970;298411;
6886377;298393;
6886784;298358;
6887190;298427;
6887597;298377;
6888004;298390;
6888410;298405;
6888817;298406;
6889224;298437;
6889631;298466;
6890037;298451;
6890444;298457;
6890851;298455;
6891257;298512;
6891664;298458;
6892071;298497;
6892477;298456;
6892884;298456;
6893291;298475;
6893697;298501;
6894104;298500;
6894511;298502;
6894918;298449;
6895324;298512;
6895731;298441;
6896138;298521;
6896544;298581;
6896951;298530;
6897358;298578;
6897764;298531;
6898171;298511;
6898578;298542;
6898985;298527;
6899391;298501;
6899798;298558;
6900205;298516;
6900611;298535;
6901018;298480;
6901425;298545;
6901831;298557;
6902238;298534;
6902645;298566;
6903052;298515;
6903458;298569;
6903865;298577;
6904272;298572;
6904678;298581;
6905085;298586;
6905492;298555;
6905898;298573;
6906305;298618;
6906712;298562;
6907118;298573;
6907525;298604;
6907932;298623;
6908338;298666;
6908745;298659;
6909152;298631;
6909559;298632;
6909965;298629;
6910372;298662;
6910779;298621;
6911185;298631;
6911592;298653;
6911999;298682;
6912405;298680;
6912812;298615;
6913219;298582;
6913625;298617;
6914032;298602;
6914439;298584;
6914845;298590;
6915252;298604;
6915659;298598;
6916065;298612;
6916472;298621;
6916879;298592;
6917285;298554;
6917692;298632;
6918099;298636;
6918505;298608;
6918912;298625;
6919319;298618;
6919725;298620;
6920132;298616;
6920539;298615;
6920946;298601;
6921352;298625;
6921759;298638;
6922166;298614;
6922572;298616;
6922979;298678;
6923386;298611;
6923792;298609;
6924199;298604;
6924606;298613;
6925012;298633;
6925419;298627;
6925826;298657;
6926232;298646;
6926639;298598;
6927046;298674;
6927452;298647;
6927859;298598;
6928266;298586;
6928672;298611;
6929079;298616;
6929486;298619;
6929892;298595;
6930299;298657;
6930706;298612;
6931112;298621;
6931519;298637;
6931926;298649;
6932332;298607;
6932739;298628;
6933146;298666;
6933552;298640;
6933959;298645;
6934366;298638;
6934772;298669;
6935179;298645;
6935586;298660;
6935992;298650;
6936399;298611;
6936806;298585;
6937212;298660;
6937619;298669;
6938026;298641;
6938432;298652;
6938839;298600;
6939246;298610;
6957953;296850;
6958360;296896;
6958766;296873;
6959173;296841;
6959580;296885;
6959986;296865;
6960393;296858;
6960800;296901;
6961206;296871;
6961613;296960;
6962020;296945;
6962426;296928;
6962833;296917;
6963240;296949;
6963646;296992;
6964053;296937;
6964460;296923;
6964866;296940;
6965273;296978;
6965680;296951;
6966087;296998;
6966493;296957;
6966900;296959;
6967307;296965;
6967713;296994;
6968120;296971;
6968527;296973;
6968933;297004;
6969340;297042;
6969747;297002;
6970153;296987;
6970560;297052;
6970967;297001;
6971374;297028;
6971780;296999;
6972187;296978;
6972594;296963;
6973000;296965;
6973407;296998;
6973814;297015;
6974221;296987;
6974627;297051;
6975034;296975;
6975441;297069;
6975847;297008;
6976254;297033;
6976661;296994;
6977067;297009;
6977474;296986;
6977881;296991;
6978287;296997;
6978694;297018;
6979101;297002;
6979508;296969;
6979914;297013;
6980321;296958;
6980728;297025;
6981134;296962;
6981541;296995;
6981948;297033;
6982354;297004;
6982761;296999;
6983168;297010;
6983575;296983;
6983981;296983;
6984388;297065;
6984795;296998;
6985201;297040;
6985608;297031;
6986015;297031;
6986421;297034;
6986828;297020;
6987235;297023;
6987641;296951;
6988048;296973;
6988455;297018;
6988862;297024;
6989268;297069;
6989675;296993;
6990082;297068;
6990488;297003;
6990895;297063;
6991302;297072;
6991708;297027;
6992115;297017;
6992522;297055;
6992928;297019;
6993335;297041;
6993742;297079;
6994148;297046;
6994555;297090;
6994962;297082;
6995368;297046;
6995775;297029;
6996182;297070;
6996588;297057;
6996995;297006;
6997402;297030;
6997808;297024;
6998215;297042;
6998622;297055;
6999028;297066;
6999435;297029;
6999842;297028;
7000249;297053;
7000655;297051;
7001062;297044;
7001469;297035;
7001875;297065;
7002282;297075;
7002689;297039;
7003095;297070;
7003502;297059;
7003909;297064;
7004315;297029;
7004722;297090;
7005129;296999;
7005535;297078;
7005942;297067;
7006349;297127;
7006755;297082;
7007162;297089;
7007569;297087;
7007975;297092;
7008382;297033;
7008789;297057;
7009195;297090;
7009602;297069;
7010009;297079;
7010415;297094;
7010822;297089;
7011229;297088;
7011635;297097;
7012042;297075;
7012449;297118;
7012855;297075;
7013262;297074;
7013669;297097;
7014076;297098;
7014482;297090;
7014889;297116;
7015296;297060;
7015702;297089;
7016109;297082;
7016516;297067;
7016923;297116;
7017329;297115;
7017736;297055;
7037665;293872;
7038071;293899;
7038478;293930;
7038885;293951;
7039291;293990;
7039698;293938;
7040105;293967;
7040511;293949;
7040918;293981;
7041325;293958;
7041732;293986;
7042138;293985;
7042545;294001;
7042952;293989;
7043358;293994;
7043765;294015;
7044172;293999;
7044579;294018;
7044985;294043;
7045392;294002;
7045799;293983;
7046205;294037;
7046612;294006;
7047019;294047;
7047425;294024;
7047832;294090;
7048239;294036;
7048646;294101;
7049052;294077;
7049459;294057;
7049866;294071;
7050273;294047;
7050679;294070;
7051086;294062;
7051493;294063;
7051899;294100;
7052306;294080;
7052713;294046;
7053120;294077;
7053526;294054;
7053933;294059;
7054340;294048;
7054747;294106;
7055153;294076;
7055560;294068;
7055967;294061;
7056374;294069;
7056780;294112;
7057187;294057;
7057594;294025;
7058000;294045;
7058407;294068;
7058814;294071;
7059221;294076;
7059627;294105;
7060034;294064;
7060441;294035;
7060847;294090;
7061254;294050;
7061661;294056;
7062068;294010;
7062474;294067;
7062881;294031;
7063288;294073;
7063694;294057;
7064101;294017;
7064508;294019;
7064914;294076;
7065321;294077;
7065728;294070;
7066135;294074;
7066541;294051;
7066948;294052;
7067355;294064;
7067761;294056;
7068168;294071;
7068575;294035;
7068981;294061;
7069388;294036;
7069795;294019;
7070201;294038;
7070608;294022;
7071015;294046;
7071422;294040;
7071828;294047;
7072235;294006;
7072642;294057;
7073048;294009;
7073455;294046;
7073862;294029;
7074269;294030;
7074675;294026;
7075082;294004;
7075489;294000;
7075895;294063;
7076302;294058;
7076709;294007;
7077115;294032;
7077522;294016;
7077929;294081;
7078335;294029;
7078742;294008;
7079149;294014;
7079555;293991;
7079962;294053;
7080369;294051;
7080776;294047;
7081182;294023;
7081589;294001;
7081996;294082;
7082402;294041;
7082809;294013;
7083216;294051;
7083623;294039;
7084029;294006;
7084436;294031;
7084843;294007;
7085249;294044;
7085656;294035;
7086063;294015;
7086470;294054;
7086876;294008;
7087283;294037;
7087690;293962;
7088096;294021;
7088503;294011;
7088910;294027;
7089316;293962;
7089723;294033;
7090130;294029;
7090537;294054;
7090943;294062;
7091350;294017;
7091757;294010;
7092163;294019;
7092570;294027;
7092977;294005;
7093383;294101;
7093790;294037;
7094197;294054;
7094604;294010;
7095010;293995;
7095417;294008;
7095824;293980;
7096230;294002;
7096637;294013;
7097044;293995;
7097450;294038;
7111685;292375;
7112092;292277;
7112498;292343;
7112905;292347;
7113312;292278;
7113719;292395;
7114125;292306;
7114532;292351;
7114939;292319;
7115345;292401;
7115752;292314;
7116159;292332;
7116566;292332;
7116972;292376;
7117379;292339;
7117786;292362;
7118192;292383;
7118599;292384;
7119006;292392;
7119412;292377;
7119819;292415;
7120226;292400;
7120632;292455;
7121039;292396;
7121446;292435;
7121852;292463;
7122259;292480;
7122666;292442;
7123073;292452;
7123479;292450;
7123886;292450;
7124293;292428;
7124699;292475;
7125106;292477;
7125513;292428;
7125919;292403;
7126326;292433;
7126733;292432;
7127139;292461;
7127546;292437;
7127953;292459;
7128360;292471;
7128766;292473;
7129173;292461;
7129580;292507;
7129986;292515;
7130393;292461;
7130800;292448;
7131206;292488;
7131613;292420;
7132020;292471;
7132426;292464;
7132833;292502;
7133240;292461;
7133646;292455;
7134053;292491;
7134460;292450;
7134866;292477;
7135273;292512;
7135680;292455;
7136086;292505;
7136493;292427;
7136900;292509;
7137307;292481;
7137713;292457;
7138120;292493;
7138527;292475;
7138933;292487;
7139340;292451;
7139747;292483;
7140153;292488;
7140560;292433;
7140967;292464;
7141374;292485;
7141780;292498;
7142187;292451;
7142594;292455;
7143000;292483;
7143407;292508;
7143814;292498;
7144220;292532;
7144627;292454;
7145034;292459;
7145441;292504;
7145847;292514;
7146254;292477;
7146661;292448;
7147067;292447;
7147474;292489;
7147881;292459;
7148287;292459;
7148694;292517;
7149101;292500;
7149507;292477;
7149914;292505;
7150321;292448;
7150727;292508;
7151134;292495;
7151541;292496;
7151947;292481;
7152354;292499;
7152761;292426;
7153167;292421;
7153574;292445;
7153981;292494;
7154388;292510;
7154794;292492;
7155201;292445;
7155608;292462;
7156014;292469;
7156421;292474;
7156828;292467;
7157234;292503;
7157641;292506;
7158048;292488;
7158455;292471;
7158861;292486;
7159268;292482;
7159675;292446;
7160081;292444;
7160488;292499;
7160895;292478;
7161301;292478;
7161708;292456;
7162115;292469;
7162521;292491;
7162928;292495;
7163335;292480;
7163741;292486;
7164148;292494;
7164555;292462;
7164961;292451;
7165368;292516;
7165775;292461;
7166181;292466;
7166588;292446;
7166995;292449;
7167401;292469;
7167808;292440;
7168215;292465;
7168622;292439;
7169028;292455;
7169435;292521;
7169842;292445;
7170248;292483;
7170655;292483;
7171062;292458;
7171468;292433;
7190583;289880;
7190989;289832;
7191396;289866;
7191803;289923;
7192209;289881;
7192616;289915;
7193023;289887;
7193429;289896;
7193836;289956;
7194243;289960;
7194649;289928;
7195056;289872;
7195463;289921;
7195870;289882;
7196276;289909;
7196683;289948;
7197090;289909;
7197496;289970;
7197903;289947;
7198310;289928;
7198716;289970;
7199123;289995;
7199530;289943;
7199937;289979;
7200343;289987;
7200750;289998;
7201157;289999;
7201563;290024;
7201970;290013;
7202377;289996;
7202783;289998;
7203190;290010;
7203597;290020;
7204004;289973;
7204410;290021;
7204817;290003;
7205224;290002;
7205630;290001;
7206037;290071;
7206444;290043;
7206850;290041;
7207257;290043;
7207664;290109;
7208070;290094;
7208477;290074;
7208884;290090;
7209291;290123;
7209697;290167;
7210104;290135;
7210511;290113;
7210917;290193;
7211324;290165;
7211731;290152;
7212137;290158;
7212544;290219;
7212951;290178;
7213357;290174;
7213764;290207;
7214171;290210;
7214578;290206;
7214984;290226;
7215391;290182;
7215798;290248;
7216204;290204;
7216611;290239;
7217018;290268;
7217424;290211;
7217831;290164;
7218238;290208;
7218644;290211;
7219051;290230;
7219458;290224;
7219865;290272;
7220271;290259;
7220678;290278;
7221085;290251;
7221491;290258;
7221898;290275;
7222305;290277;
7222711;290278;
7223118;290252;
7223525;290284;
7223931;290244;
7224338;290305;
7224745;290299;
7225151;290294;
7225558;290249;
7225965;290226;
7226371;290278;
7226778;290302;
7227185;290266;
7227592;290284;
7227998;290297;
7228405;290252;
7228812;290292;
7229218;290275;
7229625;290254;
7230032;290302;
7230438;290268;
7230845;290300;
7231252;290291;
7231658;290312;
7232065;290258;
7232472;290254;
7232878;290306;
7233285;290264;
7233692;290273;
7234098;290329;
7234505;290312;
7234912;290276;
7235319;290265;
7235725;290280;
7236132;290324;
7236539;290284;
7236945;290363;
7237352;290310;
7237759;290314;
7238165;290302;
7238572;290288;
7238979;290318;
7239386;290301;
7239792;290274;
7240199;290288;
7240606;290318;
7241012;290339;
7241419;290333;
7241826;290297;
7242232;290316;
7242639;290321;
7243046;290322;
7243452;290323;
7243859;290331;
7244266;290275;
7244672;290310;
7245079;290333;
7245486;290319;
7245893;290301;
7246299;290318;
7246706;290311;
7247113;290295;
7247519;290284;
7247926;290299;
7248333;290297;
7248739;290345;
7249146;290316;
7249553;290319;
7249959;290340;
7250366;290323;
7250773;290284;
7251179;290297;
7269073;288345;
7269480;288325;
7269887;288320;
7270293;288326;
7270700;288371;
7271107;288371;
7271514;288380;
7271920;288356;
7272327;288402;
7272734;288410;
7273140;288455;
7273547;288422;
7273954;288426;
7274360;288401;
7274767;288441;
7275174;288426;
7275581;288457;
7275987;288434;
7276394;288464;
7276801;288457;
7277207;288420;
7277614;288204;
7278021;288225;
7278427;288209;
7278834;288285;
7279241;288271;
7279647;288203;
7280054;288215;
7280461;288248;
7280868;288207;
7281274;288240;
7281681;288236;
7282088;288234;
7282494;288220;
7282901;288269;
7283308;288264;
7283714;288263;
7284121;288239;
7284528;288218;
7284934;288249;
7285341;288269;
7285748;288295;
7286154;288309;
7286561;288252;
7286968;288251;
7287374;288323;
7287781;288313;
7288188;288256;
7288594;288301;
7289001;288294;
7289408;288315;
7289814;288311;
7290221;288265;
7290628;288316;
7291034;288307;
7291441;288274;
7291848;288291;
7292254;288306;
7292661;288320;
7293068;288319;
7293474;288311;
7293881;288286;
7294288;288304;
7294694;288259;
7295101;288352;
7295508;288337;
7295915;288338;
7296321;288373;
7296728;288274;
7297135;288322;
7297541;288345;
7297948;288315;
7298355;288322;
7298761;288321;
7299168;288357;
7299575;288331;
7299981;288378;
7300388;288326;
7300795;288366;
7301201;288350;
7301608;288366;
7302015;288368;
7302421;288339;
7302828;288341;
7303235;288342;
7303641;288373;
7304048;288333;
7304455;288348;
7304861;288347;
7305268;288397;
7305675;288381;
7306082;288377;
7306488;288365;
7306895;288384;
7307302;288381;
7307708;288413;
7308115;288421;
7308522;288389;
7308928;288338;
7309335;288355;
7309742;288315;
7310148;288414;
7310555;288367;
7310962;288368;
7311368;288393;
7311775;288407;
7312182;288405;
7312588;288418;
7312995;288350;
7313402;288413;
7313809;288367;
7314215;288415;
7314622;288419;
7315029;288379;
7315435;288370;
7315842;288422;
7316249;288420;
7316655;288447;
7317062;288422;
7317469;288389;
7317875;288387;
7318282;288409;
7318689;288379;
7319095;288377;
7319502;288387;
7319909;288427;
7320315;288398;
7320722;288376;
7321129;288389;
7321535;288435;
7321942;288397;
7322349;288418;
7322755;288413;
7323162;288422;
7323569;288471;
7323975;288409;
7324382;288427;
7324789;288472;
7325195;288420;
7325602;288452;
7326009;288423;
7326415;288426;
7326822;288397;
7327229;288441;
7327635;288422;
7328042;288406;
7328449;288467;
7328855;288422;
7329262;288438;
7329669;288481;
7330076;288435;
7330482;288476;
7330889;288436;
7331296;288450;
7331702;288409;
7332109;288441;
7332516;288449;
7332922;288415;
7333329;288449;
7333736;288492;
7334142;288456;
7334549;288458;
7334956;288465;
7335363;288428;
7335769;288406;
7351224;286237;
7351630;286235;
7352037;286299;
7352444;286343;
7352851;286312;
7353257;286308;
7353664;286370;
7354071;286421;
7354477;286376;
7354884;286424;
7355291;286392;
7355697;286462;
7356104;286407;
7356511;286475;
7356917;286437;
7357324;286474;
7357731;286458;
7358138;286460;
7358544;286452;
7358951;286383;
7359358;286448;
7359764;286355;
7360171;286417;
7360578;286462;
7360984;286434;
7361391;286450;
7361798;286411;
7362204;286392;
7362611;286431;
7363018;286454;
7363424;286416;
7363831;286442;
7364238;286435;
7364644;286436;
7365051;286399;
7365458;286470;
7365864;286473;
7366271;286433;
7366678;286488;
7367084;286454;
7367491;286493;
7367897;286427;
7368304;286488;
7368711;286460;
7369117;286549;
7369524;286501;
7369931;286508;
7370337;286526;
7370744;286529;
7371151;286532;
7371557;286513;
7371964;286550;
7372371;286520;
7372777;286628;
7373184;286509;
7373591;286601;
7373997;286558;
7374404;286557;
7374811;286551;
7375217;286562;
7375624;286566;
7376031;286596;
7376437;286587;
7376844;286559;
7377251;286599;
7377657;286553;
7378064;286585;
7378471;286567;
7378877;286623;
7379284;286589;
7379691;286577;
7380097;286567;
7380504;286613;
7380911;286604;
7381317;286615;
7381724;286658;
7382131;286573;
7382537;286605;
7382944;286644;
7383351;286664;
7383757;286664;
7384164;286656;
7384571;286664;
7384977;286655;
7385384;286627;
7385791;286627;
7386197;286639;
7386604;286635;
7387011;286626;
7387417;286656;
7387824;286742;
7388231;286674;
7388637;286714;
7389044;286682;
7389451;286658;
7389857;286711;
7390264;286707;
7390671;286679;
7391077;286713;
7391484;286671;
7391891;286695;
7392297;286679;
7392704;286686;
7393110;286659;
7393517;286707;
7393924;286676;
7394330;286698;
7394737;286708;
7395144;286685;
7395551;286731;
7395957;286674;
7396364;286718;
7396771;286655;
7397177;286694;
7397584;286700;
7397991;286665;
7398397;286754;
7398804;286739;
7399211;286717;
7399618;286695;
7400024;286714;
7400431;286719;
7400838;286728;
7401244;286711;
7401651;286723;
7402058;286719;
7402464;286690;
7402871;286711;
7403278;286726;
7403684;286694;
7404091;286739;
7404498;286706;
7404904;286719;
7405311;286739;
7405718;286705;
7406124;286716;
7406531;286702;
7406938;286715;
7407344;286685;
7407751;286739;
7408158;286789;
7408564;286731;
7408971;286704;
7409378;286679;
7409785;286740;
7410191;286732;
7410598;286765;
7411005;286755;
7428899;285338;
7429305;285370;
7429712;285309;
7430119;285321;
7430525;285335;
7430932;285312;
7431339;285351;
7431745;285339;
7432152;285365;
7432559;285269;
7432965;285363;
7433372;285356;
7433779;285384;
7434185;285403;
7434592;285408;
7434999;285411;
7435405;285444;
7435812;285469;
7436219;285502;
7436626;285477;
7437032;285422;
7437439;285483;
7437846;285460;
7438252;285491;
7438659;285453;
7439066;285327;
7439472;285302;
7439879;285299;
7440286;285321;
7440692;285340;
7441099;285314;
7441506;285309;
7441912;285274;
7442319;285271;
7442726;285288;
7443132;285321;
7443539;285284;
7443946;285317;
7444352;285336;
7444759;285322;
7445166;285313;
7445572;285310;
7445979;285302;
7446386;285287;
7446792;285351;
7447199;285339;
7447606;285348;
7448012;285301;
7448419;285307;
7448826;285304;
7449232;285326;
7449639;285332;
7450046;285317;
7450452;285349;
7450859;285349;
7451266;285350;
7451672;285350;
7452079;285329;
7452486;285379;
7452892;285379;
7453299;285334;
7453706;285379;
7454112;285379;
7454519;285363;
7454926;285333;
7455332;285386;
7455739;285344;
7456146;285364;
7456552;285375;
7456959;285400;
7457366;285404;
7457773;285358;
7458179;285361;
7458586;285395;
7458993;285313;
7459399;285426;
7459806;285370;
7460213;285357;
7460619;285332;
7461026;285358;
7461433;285335;
7461839;285332;
7462246;285334;
7462653;285294;
7463059;285293;
7463466;285300;
7463873;285276;
7464279;285299;
7464686;285306;
7465093;285259;
7465500;285297;
7465906;285268;
7466313;285259;
7466720;285320;
7467126;285290;
7467533;285329;
7467940;285279;
7468346;285349;
7468753;285283;
7469160;285314;
7469566;285298;
7469973;285292;
7470380;285358;
7470786;285274;
7471193;285283;
7471600;285310;
7472007;285283;
7472413;285338;
7472820;285308;
7473227;285282;
7473633;285312;
7474040;285304;
7474447;285297;
7474854;285276;
7475260;285259;
7475667;285325;
7476074;285321;
7476480;285325;
7476887;285322;
7477294;285315;
7477701;285296;
7478107;285303;
7478514;285275;
7478921;285307;
7479327;285287;
7479734;285298;
7480141;285292;
7480548;285330;
7480954;285277;
7481361;285331;
7481768;285276;
7482174;285257;
7482581;285289;
7482988;285315;
7483394;285326;
7483801;285311;
7484208;285305;
7484614;285320;
7485021;285279;
7485428;285308;
7485834;285277;
7486241;285300;
7486648;285284;
7487055;285307;
7487461;285325;
7487868;285263;
7488275;285259;
7488681;285273;
7520811;303321;
7521217;303265;
7521624;303253;
7522031;303270;
7522438;303302;
7522844;303244;
7523251;303278;
7523658;303290;
7524064;303259;
7524471;303291;
7524878;303295;
7525285;303268;
7525691;303351;
7526098;303314;
7526505;303323;
7526912;303406;
7527318;303393;
7527725;303394;
7528132;303380;
7528538;303445;
7528945;303426;
7529352;303419;
7529759;303421;
7530165;303435;
7530572;303426;
7530979;303393;
7531386;303439;
7531792;303393;
7532199;303408;
7532606;303380;
7533012;303370;
7533419;303342;
7533826;303366;
7534233;303370;
7534639;303317;
7535046;303348;
7535453;303331;
7535859;303338;
7536266;303323;
7536673;303322;
7537080;303309;
7537486;303345;
7537893;303295;
7538300;303323;
7538707;303321;
7539113;303274;
7539520;303352;
7539927;303330;
7540333;303340;
7540740;303293;
7541147;303307;
7541554;303320;
7541960;303337;
7542367;303383;
7542774;303267;
7543180;303305;
7543587;303322;
7543994;303345;
7544401;303389;
7544807;303350;
7545214;303392;
7545621;303360;
7546027;303378;
7546434;303364;
7546841;303349;
7547248;303402;
7547654;303400;
7548061;303389;
7548468;303382;
7548874;303348;
7549281;303376;
7549688;303407;
7550094;303379;
7550501;303332;
7550908;303378;
7581817;301798;
7582223;301838;
7582630;301813;
7583037;301869;
7583444;301840;
7583850;301888;
7584257;301871;
7584664;301892;
7585070;301856;
7585477;301914;
7585884;301892;
7586290;301918;
7586697;301928;
7587104;301942;
7587510;301921;
7587917;301946;
7588324;301929;
7588730;302008;
7589137;301937;
7589544;301923;
7589950;301899;
7590357;301859;
7590764;301803;
7591170;301768;
7591577;301789;
7591984;301819;
7592390;301811;
7592797;301828;
7593203;301786;
7593610;301781;
7594017;301781;
7594423;301765;
7594830;301790;
7595237;301775;
7595643;301771;
7596050;301754;
7596457;301719;
7596863;301725;
7597270;301750;
7597677;301775;
7598083;301729;
7598490;301801;
7598897;301755;
7599303;301803;
7599710;301782;
7600117;301829;
7600523;301801;
7600930;301846;
7601337;301779;
7601743;301763;
7602150;301770;
7602557;301808;
7602963;301798;
7603370;301819;
7603777;301791;
7604183;301836;
7604590;301780;
7604997;301853;
7605403;301852;
7605810;301737;
7606216;301820;
7606623;301836;
7607030;301808;
7607436;301777;
7607843;301824;
7608250;301754;
7608656;301791;
7609063;301821;
7609470;301838;
7609876;301836;
7610283;301809;
7610690;301828;
7611097;301785;
7611503;301826;
7627364;300136;
7627771;300046;
7628178;300128;
7628584;300071;
7628991;300064;
7629398;300078;
7629804;300040;
7630211;300072;
7630618;300060;
7631025;300069;
7631431;300032;
7631838;300038;
7632245;300042;
7632651;300027;
7633058;300029;
7633465;300044;
7633871;300067;
7634278;300059;
7634685;300021;
7635092;300036;
7635498;300052;
7635905;300048;
7636312;300039;
7636718;300083;
7637125;300065;
7637532;300059;
7637938;300071;
7638345;300046;
7638752;300106;
7639159;300046;
7639565;300033;
7639972;300079;
7640379;300076;
7640785;300108;
7641192;300071;
7641599;300074;
7642005;300083;
7642412;300116;
7642819;300131;
7643226;300089;
7643632;300068;
7644039;300076;
7644446;300095;
7644852;300032;
7645259;300096;
7645666;300115;
7646072;300133;
7646479;300094;
7646886;300121;
7647292;300078;
7647699;300089;
7648106;300095;
7648513;300152;
7648919;300139;
7649326;300128;
7649733;300166;
7650139;300093;
7650546;300150;
7650953;300140;
7651359;300139;
7651766;300147;
7652173;300134;
7652579;300177;
7652986;300166;
7653393;300146;
7653799;300157;
7654206;300140;
7654613;300191;
7655019;300169;
7655426;300143;
7655833;300166;
7656239;300183;
7656646;300186;
7657053;300182;
7670880;297709;
7671287;297758;
7671694;297803;
7672100;297768;
7672507;297777;
7672914;297780;
7673320;297802;
7673727;297796;
7674134;297782;
7674540;297824;
7674947;297789;
7675354;297740;
7675760;297712;
7676167;297741;
7676574;297757;
7676981;297778;
7677387;297801;
7677794;297792;
7678201;297810;
7678607;297806;
7679014;297894;
7679421;297878;
7679827;297898;
7680234;297828;
7680641;297903;
7681047;297956;
7681454;297885;
7681861;297963;
7682267;297953;
7682674;297947;
7683081;297982;
7683488;297948;
7683894;297984;
7684301;298006;
7684708;297989;
7685114;298002;
7685521;297994;
7685928;298073;
7686334;298041;
7686741;298056;
7687148;298085;
7687555;298078;
7687961;298091;
7688368;298072;
7688775;298120;
7689181;298121;
7689588;298098;
7689995;298104;
7690401;298088;
7690808;298123;
7691215;298105;
7691621;298090;
7692028;298040;
7692435;297997;
7692841;297963;
7693248;297980;
7693655;297995;
7694061;297998;
7694468;298005;
7694875;297984;
7695282;298001;
7695688;298038;
7696095;298048;
7696502;297979;
7696908;298043;
7697315;298016;
7697722;298042;
7698128;298016;
7698535;298095;
7698942;298060;
7699348;298008;
7699755;298042;
7700162;298053;
7700568;298038;
7713582;295852;
7713989;295821;
7714396;295911;
7714803;295819;
7715209;295914;
7715616;295847;
7716023;295904;
7716429;295939;
7716836;295879;
7717243;295981;
7717649;295918;
7718056;295930;
7718463;295997;
7718870;295941;
7719276;296052;
7719683;296008;
7720090;295985;
7720496;296022;
7720903;296011;
7721310;296028;
7721717;296039;
7722123;295995;
7722530;296042;
7722937;296043;
7723343;296045;
7723750;296040;
7724157;296034;
7724563;296013;
7724970;296058;
7725377;295982;
7725783;296026;
7726190;295979;
7726597;296036;
7727003;296049;
7727410;296039;
7727817;296045;
7728223;295995;
7728630;295941;
7729037;295879;
7729444;295951;
7729850;295927;
7730257;295935;
7730664;295925;
7731070;295918;
7731477;295879;
7731884;295875;
7732290;295879;
7732697;295913;
7733104;295872;
7733510;295888;
7733917;295865;
7734324;295885;
7734730;295844;
7735137;295881;
7735544;295871;
7735950;295861;
7736357;295864;
7736764;295867;
7737170;295839;
7737577;295843;
7737984;295870;
7738390;295868;
7738797;295839;
7739204;295888;
7739610;295832;
7740017;295805;
7740424;295840;
7740830;295869;
7741237;295895;
7741644;295855;
7742051;295893;
7742457;295881;
7742864;295835;
7743271;295853;
7759131;294555;
7759538;294487;
7759945;294453;
7760351;294471;
7760758;294417;
7761165;294436;
7761571;294384;
7761978;294424;
7762385;294425;
7762791;294415;
7763198;294428;
7763605;294423;
7764011;294431;
7764418;294379;
7764825;294400;
7765232;294413;
7765638;294434;
7766045;294373;
7766452;294393;
7766858;294391;
7767265;294439;
7767672;294401;
7768078;294376;
7768485;294400;
7768892;294432;
7769299;294456;
7769705;294417;
7770112;294375;
7770519;294434;
7770925;294403;
7771332;294419;
7771739;294455;
7772145;294413;
7772552;294487;
7772959;294439;
7773365;294443;
7773772;294475;
7774179;294442;
7774585;294462;
7774992;294478;
7775399;294472;
7775805;294440;
7776212;294517;
7776619;294452;
7777026;294483;
7777432;294464;
7777839;294484;
7778246;294463;
7778652;294471;
7779059;294448;
7779466;294440;
7779872;294452;
7780279;294485;
7780686;294508;
7781092;294535;
7781499;294425;
7781906;294453;
7782312;294441;
7782719;294499;
7783126;294486;
7783532;294538;
7783939;294473;
7784346;294478;
7784752;294469;
7785159;294491;
7785566;294429;
7785972;294477;
7786379;294503;
7786786;294480;
7787193;294516;
7787599;294481;
7788006;294495;
7788413;294505;
7788819;294475;
7789226;294493;
7802646;292700;
7803053;292690;
7803459;292678;
7803866;292649;
7804273;292632;
7804679;292625;
7805086;292622;
7805493;292676;
7805899;292604;
7806306;292643;
7806713;292616;
7807119;292586;
7807526;292626;
7807933;292586;
7808339;292609;
7808746;292597;
7809153;292552;
7809559;292609;
7809966;292561;
7810373;292554;
7810780;292527;
7811186;292573;
7811593;292543;
7812000;292534;
7812406;292558;
7812813;292551;
7813220;292570;
7813626;292554;
7814033;292563;
7814440;292516;
7814846;292521;
7815253;292568;
7815660;292545;
7816066;292646;
7816473;292549;
7816880;292581;
7817286;292556;
7817693;292582;
7818100;292585;
7818506;292576;
7818913;292557;
7819320;292559;
7819727;292615;
7820133;292591;
7820540;292556;
7820947;292603;
7821353;292601;
7821760;292588;
7822167;292606;
7822573;292602;
7822980;292646;
7823387;292597;
7823793;292644;
7824200;292625;
7824607;292628;
7825013;292627;
7825420;292656;
7825827;292636;
7826233;292663;
7826640;292685;
7827047;292642;
7827454;292608;
7827860;292682;
7828267;292643;
7828674;292677;
7829080;292670;
7829487;292677;
7829894;292684;
7830300;292682;
7830707;292662;
7831114;292686;
7831520;292685;
7831927;292709;
7832334;292700;
7832740;292656;
7833147;292714;
7833554;292714;
7849414;290365;
7849821;290327;
7850228;290333;
7850634;290303;
7851041;290291;
7851448;290246;
7851854;290319;
7852261;290272;
7852668;290316;
7853074;290261;
7853481;290288;
7853888;290277;
7854294;290318;
7854701;290283;
7855108;290307;
7855514;290299;
7855921;290302;
7856328;290303;
7856734;290270;
7857141;290276;
7857548;290296;
7857954;290335;
7858361;290304;
7858768;290287;
7859174;290268;
7859581;290305;
7859988;290256;
7860394;290275;
7860801;290264;
7861208;290240;
7861614;290292;
7862021;290259;
7862428;290266;
7862834;290278;
7863241;290241;
7863648;290277;
7864054;290266;
7864461;290242;
7864868;290217;
7865275;290255;
7865681;290206;
7866088;290259;
7866495;290246;
7866901;290270;
7867308;290261;
7867715;290271;
7868121;290271;
7868528;290266;
7868935;290254;
7869341;290229;
7869748;290216;
7870155;290310;
7870561;290218;
7870968;290263;
7871375;290259;
7871782;290244;
7872188;290255;
7872595;290276;
7873002;290232;
7873408;290271;
7873815;290248;
7874222;290240;
7874628;290249;
7875035;290264;
7875442;290256;
7875848;290273;
7876255;290264;
7876662;290290;
7877068;290284;
7877475;290290;
7877882;290240;
7878289;290293;
7878695;290249;
7879102;290308;
7879509;290244;
7897403;287984;
7897810;287925;
7898216;287960;
7898623;287949;
7899030;287943;
7899436;287986;
7899843;288009;
7900250;287999;
7900656;288027;
7901063;287943;
7901470;288022;
7901876;288007;
7902283;287999;
7902690;288001;
7903096;288017;
7903503;288012;
7903910;288017;
7904316;288044;
7904723;288002;
7905130;288023;
7905537;288031;
7905943;288014;
7906350;288043;
7906757;288034;
7907163;288070;
7907570;288027;
7907977;288052;
7908383;288066;
7908790;288034;
7909197;288058;
7909603;287973;
7910010;288005;
7910417;288015;
7910823;288032;
7911230;288039;
7911637;288044;
7912043;288048;
7912450;288015;
7912857;288027;
7913263;288040;
7913670;288049;
7914077;288030;
7914483;288011;
7914890;288059;
7915297;288045;
7915703;288017;
7916110;288049;
7916517;288029;
7916923;288030;
7917330;288066;
7917737;288061;
7918143;288057;
7918550;288004;
7918957;288028;
7919363;288074;
7919770;288021;
7920177;288089;
7920583;288075;
7920990;288030;
7921397;288042;
7921803;288101;
7922210;288093;
7922617;288061;
7923023;288076;
7923430;288053;
7923837;288051;
7924243;288029;
7924650;288083;
7925057;288117;
7925463;288108;
7925870;288096;
7926277;288087;
7926683;288128;
7927090;288070;
7944984;286772;
7945391;286794;
7945798;286823;
7946204;286809;
7946611;286878;
7947018;286825;
7947424;286828;
7947831;286805;
7948238;286835;
7948644;286866;
7949051;286826;
7949458;286855;
7949864;286856;
7950271;286834;
7950678;286885;
7951084;286833;
7951491;286878;
7951898;286841;
7952305;286844;
7952711;286833;
7953118;286857;
7953525;286803;
7953931;286896;
7954338;286872;
7954745;286837;
7955152;286847;
7955558;286811;
7955965;286857;
7956372;286823;
7956778;286852;
7957185;286891;
7957592;286858;
7957998;286866;
7958405;286819;
7958812;286849;
7959218;286847;
7959625;286838;
7960032;286856;
7960438;286827;
7960845;286855;
7961252;286813;
7961659;286867;
7962065;286859;
7962472;286829;
7962879;286860;
7963285;286856;
7963692;286829;
7964099;286810;
7964505;286884;
7964912;286865;
7965319;286879;
7965725;286856;
7966132;286872;
7966539;286890;
7966945;286843;
7967352;286850;
7967759;286916;
7968166;286871;
7968572;286861;
7968979;286860;
7969386;286890;
7969792;286879;
7970199;286928;
7970606;286825;
7971012;286889;
7971419;286876;
7971826;286887;
7972232;286910;
7972639;286886;
7973046;286867;
7973453;286850;
7973859;286960;
7974266;286938;
7974673;286918;
7997040;285339;
7997446;285326;
7997853;285414;
7998259;285307;
7998666;285380;
7999073;285403;
7999479;285356;
7999886;285345;
8000293;285301;
8000699;285359;
8001106;285361;
8001513;285333;
8001919;285360;
8002326;285346;
8002733;285399;
8003139;285340;
8003546;285329;
8003953;285325;
8004359;285321;
8004766;285301;
8005173;285351;
8005579;285320;
8005986;285360;
8006393;285339;
8006799;285333;
8007206;285343;
8007613;285351;
8008020;285334;
8008426;285241;
8008833;285323;
8009240;285305;
8009646;285277;
8010053;285305;
8010460;285332;
8010866;285284;
8011273;285366;
8011680;285308;
8012086;285306;
8012493;285310;
8012900;285300;
8013306;285301;
8013713;285289;
8014120;285367;
8014526;285325;
8014933;285308;
8015340;285320;
8015746;285326;
8016153;285316;
8016560;285307;
8016966;285323;
8017373;285305;
8017780;285311;
8018186;285293;
8018593;285341;
8019000;285345;
8019406;285403;
8019813;285350;
8020220;285410;
8020627;285380;
8021033;285342;
8021440;285318;
8021847;285371;
8022253;285331;
8022660;285342;
8023067;285312;
8023473;285365;
8023880;285336;
8024287;285337;
8024693;285337;
8025100;285387;
8025507;285345;
8025913;285358;
8026320;285359;
8026727;285399;
8027133;285382;
8027540;285339;
8062921;303439;
8063328;303431;
8063735;303480;
8064141;303452;
8064548;303497;
8064955;303485;
8065361;303502;
8065768;303469;
8066175;303515;
8066582;303503;
8066988;303483;
8067395;303518;
8067802;303541;
8068208;303550;
8068615;303515;
8069022;303559;
8069428;303531;
8069835;303523;
8070242;303554;
8070648;303600;
8071055;303595;
8071462;303557;
8071868;303558;
8072275;303602;
8072682;303595;
8073088;303601;
8073495;303637;
8073902;303589;
8074308;303630;
8074715;303589;
8075122;303607;
8075528;303607;
8075935;303560;
8076342;303602;
8076748;303592;
8077155;303624;
8077562;303597;
8077969;303623;
8078375;303643;
8078782;303601;
8079189;303618;
8079595;303610;
8080002;303619;
8080409;303605;
8080815;303624;
8081222;303650;
8081629;303623;
8082035;303573;
8082442;303600;
8082849;303598;
8083255;303623;
8083662;303605;
8084069;303607;
8084475;303586;
8084882;303570;
8085289;303600;
8085695;303636;
8086102;303629;
8086509;303603;
8086915;303608;
8087322;303597;
8087729;303612;
8088135;303695;
8088542;303594;
8088949;303646;
8089356;303621;
8089762;303622;
8090169;303629;
8090576;303636;
8090982;303664;
8091389;303605;
8091796;303631;
8092202;303648;
8092609;303633;
8109688;301475;
8110095;301460;
8110502;301496;
8110908;301439;
8111315;301475;
8111722;301511;
8112128;301498;
8112535;301479;
8112942;301499;
8113348;301501;
8113755;301483;
8114162;301444;
8114568;301500;
8114975;301501;
8115382;301488;
8115789;301503;
8116195;301522;
8116602;301527;
8117009;301537;
8117415;301564;
8117822;301535;
8118229;301576;
8118635;301538;
8119042;301554;
8119449;301560;
8119855;301506;
8120262;301555;
8120669;301571;
8121075;301568;
8121482;301547;
8121889;301550;
8122295;301571;
8122702;301567;
8123109;301513;
8123515;301561;
8123922;301563;
8124329;301565;
8124735;301559;
8125142;301523;
8125549;301588;
8125955;301521;
8126362;301553;
8126769;301521;
8127175;301538;
8127582;301511;
8127989;301569;
8128395;301540;
8128802;301572;
8129209;301553;
8129616;301562;
8130022;301521;
8130429;301567;
8130836;301582;
8131242;301560;
8131649;301552;
8132056;301571;
8132462;301552;
8132869;301541;
8133276;301593;
8133682;301584;
8134089;301547;
8134496;301550;
8134902;301547;
8135309;301563;
8135716;301615;
8136122;301581;
8136529;301538;
8136936;301560;
8137342;301569;
8137749;301572;
8138156;301603;
8138562;301558;
8138969;301627;
8139376;301573;
8158084;300338;
8158490;300306;
8158897;300328;
8159304;300334;
8159710;300344;
8160117;300402;
8160524;300363;
8160930;300319;
8161337;300395;
8161744;300408;
8162150;300364;
8162557;300382;
8162964;300378;
8163370;300411;
8163777;300408;
8164184;300403;
8164591;300394;
8164997;300375;
8165404;300421;
8165811;300438;
8166217;300422;
8166624;300418;
8167031;300418;
8167437;300442;
8167844;300426;
8168251;300407;
8168657;300448;
8169064;300393;
8169471;300472;
8169877;300429;
8170284;300438;
8170691;300410;
8171098;300425;
8171504;300428;
8171911;300442;
8172318;300464;
8172724;300449;
8173131;300418;
8173538;300436;
8173944;300384;
8174351;300454;
8174758;300429;
8175164;300415;
8175571;300426;
8175978;300381;
8176384;300458;
8176791;300468;
8177198;300426;
8177604;300465;
8178011;300446;
8178418;300440;
8178824;300457;
8179231;300442;
8179638;300435;
8180044;300464;
8180451;300475;
8180858;300475;
8181264;300470;
8181671;300424;
8182078;300461;
8182484;300466;
8182891;300448;
8183298;300484;
8183704;300455;
8184111;300451;
8184518;300453;
8184924;300466;
8185331;300458;
8185738;300470;
8186145;300474;
8186551;300445;
8186958;300472;
8187365;300467;
8187771;300459;
8202005;298342;
8202412;298400;
8202819;298316;
8203225;298381;
8203632;298337;
8204039;298343;
8204445;298329;
8204852;298295;
8205259;298368;
8205666;298368;
8206072;298338;
8206479;298356;
8206886;298315;
8207292;298348;
8207699;298363;
8208106;298344;
8208512;298378;
8208919;298356;
8209326;298413;
8209733;298434;
8210139;298380;
8210546;298376;
8210953;298398;
8211359;298411;
8211766;298466;
8212173;298446;
8212579;298438;
8212986;298417;
8213393;298446;
8213799;298427;
8214206;298429;
8214613;298424;
8215019;298449;
8215426;298418;
8215833;298465;
8216239;298435;
8216646;298453;
8217053;298440;
8217460;298449;
8217866;298424;
8218273;298428;
8218680;298441;
8219086;298424;
8219493;298385;
8219900;298390;
8220306;298392;
8220713;298438;
8221120;298428;
8221526;298433;
8221933;298394;
8222340;298457;
8222747;298457;
8223153;298442;
8223560;298440;
8223967;298384;
8224373;298442;
8224780;298431;
8225187;298481;
8225593;298421;
8226000;298400;
8226407;298447;
8226813;298409;
8227220;298455;
8227627;298467;
8228033;298438;
8228440;298431;
8228847;298430;
8229254;298448;
8229660;298500;
8230067;298505;
8230474;298454;
8230880;298408;
8231287;298463;
8231694;298465;
8245928;295704;
8246334;295745;
8246741;295714;
8247148;295763;
8247554;295732;
8247961;295691;
8248368;295753;
8248774;295736;
8249181;295733;
8249588;295748;
8249994;295746;
8250401;295752;
8250808;295735;
8251214;295769;
8251621;295753;
8252028;295752;
8252435;295789;
8252841;295710;
8253248;295748;
8253655;295775;
8254061;295803;
8254468;295750;
8254875;295807;
8255281;295762;
8255688;295794;
8256095;295774;
8256502;295798;
8256908;295796;
8257315;295864;
8257722;295800;
8258128;295807;
8258535;295794;
8258942;295811;
8259348;295804;
8259755;295836;
8260162;295804;
8260568;295846;
8260975;295824;
8261382;295805;
8261789;295783;
8262195;295809;
8262602;295760;
8263009;295823;
8263415;295831;
8263822;295864;
8264229;295795;
8264635;295816;
8265042;295833;
8265449;295781;
8265855;295850;
8266262;295811;
8266669;295793;
8267075;295845;
8267482;295846;
8267889;295783;
8268296;295827;
8268702;295828;
8269109;295824;
8269516;295838;
8269922;295817;
8270329;295846;
8270736;295841;
8271142;295837;
8271549;295820;
8271956;295812;
8272362;295859;
8272769;295854;
8273176;295836;
8273583;295829;
8273989;295829;
8274396;295859;
8274803;295856;
8275209;295918;
8275616;295833;
8290257;294314;
8290664;294279;
8291070;294265;
8291477;294266;
8291884;294289;
8292290;294247;
8292697;294283;
8293104;294310;
8293511;294270;
8293917;294317;
8294324;294290;
8294731;294300;
8295137;294310;
8295544;294265;
8295951;294286;
8296357;294292;
8296764;294274;
8297171;294328;
8297577;294315;
8297984;294381;
8298391;294343;
8298798;294366;
8299204;294389;
8299611;294352;
8300018;294317;
8300424;294350;
8300831;294345;
8301238;294354;
8301644;294352;
8302051;294362;
8302458;294322;
8302864;294369;
8303271;294349;
8303678;294380;
8304085;294337;
8304491;294371;
8304898;294326;
8305305;294347;
8305711;294323;
8306118;294379;
8306525;294329;
8306931;294333;
8307338;294354;
8307745;294292;
8308151;294268;
8308558;294305;
8308965;294287;
8309371;294300;
8309778;294332;
8310185;294316;
8310591;294353;
8310998;294322;
8311405;294322;
8311811;294283;
8312218;294358;
8312625;294361;
8313031;294325;
8313438;294343;
8313845;294328;
8314251;294369;
8314658;294377;
8315065;294361;
8315471;294389;
8315878;294331;
8316285;294320;
8316691;294365;
8317098;294329;
8317505;294371;
8317911;294334;
8318318;294324;
8318725;294353;
8319131;294360;
8319538;294338;
8319945;294367;
8332145;287373;
8332552;287396;
8332958;287343;
8333365;287326;
8333772;287387;
8334178;287347;
8334585;287382;
8334992;287332;
8335398;287377;
8335805;287390;
8336212;287331;
8336618;287401;
8337025;287366;
8337432;287426;
8337838;287372;
8338245;287388;
8338652;287416;
8339058;287439;
8339465;287418;
8339872;287455;
8340278;287410;
8340685;287464;
8341092;287407;
8341498;287445;
8341905;287442;
8342312;287460;
8342718;287428;
8343125;287466;
8343532;287467;
8343938;287467;
8344345;287430;
8344752;287417;
8345158;287458;
8345565;287446;
8345972;287436;
8346378;287489;
8346785;287493;
8347192;287419;
8347598;287405;
8348005;287455;
8348412;287442;
8348818;287450;
8349225;287493;
8349632;287467;
8350038;287449;
8350445;287468;
8350852;287442;
8351259;287420;
8351665;287467;
8352072;287396;
8352479;287464;
8352885;287473;
8353292;287487;
8353699;287479;
8354105;287450;
8354512;287442;
8354919;287470;
8355325;287487;
8355732;287488;
8356139;287483;
8356545;287440;
8356952;287491;
8357359;287495;
8357765;287469;
8358172;287522;
8358579;287449;
8358985;287506;
8359392;287464;
8359799;287484;
8360205;287505;
8360612;287486;
8361019;287495;
8361425;287493;
8361832;287481;
8373625;290567;
8374032;290602;
8374439;290593;
8374845;290583;
8375252;290522;
8375659;290567;
8376065;290587;
8376472;290601;
8376879;290624;
8377285;290587;
8377692;290608;
8378099;290663;
8378505;290611;
8378912;290614;
8379319;290652;
8379725;290668;
8380132;290650;
8380539;290645;
8380945;290611;
8381352;290657;
8381759;290659;
8382165;290662;
8382572;290663;
8382979;290699;
8383385;290699;
8383792;290660;
8384199;290670;
8384605;290685;
8385012;290653;
8385419;290663;
8385825;290646;
8386232;290661;
8386639;290676;
8387045;290656;
8387452;290630;
8387859;290652;
8388265;290660;
8388672;290652;
8389079;290657;
8389485;290679;
8389892;290654;
8390299;290702;
8390706;290692;
8391112;290690;
8391519;290685;
8391926;290661;
8392332;290668;
8392739;290661;
8393146;290672;
8393552;290662;
8393959;290656;
8394366;290706;
8394773;290695;
8395179;290702;
8395586;290665;
8395993;290697;
8396399;290676;
8396806;290710;
8397213;290719;
8397619;290689;
8398026;290664;
8398433;290739;
8398839;290696;
8399246;290729;
8399653;290704;
8400059;290673;
8400466;290733;
8400873;290746;
8401279;290712;
8401686;290655;
8402093;290705;
8402499;290694;
8402906;290706;
8403313;290704;
8416327;288340;
8416733;288357;
8417140;288349;
8417547;288327;
8417953;288324;
8418360;288327;
8418767;288320;
8419173;288315;
8419580;288309;
8419987;288324;
8420393;288295;
8420800;288321;
8421207;288327;
8421613;288328;
8422020;288317;
8422427;288350;
8422834;288350;
8423240;288344;
8423647;288343;
8424054;288337;
8424460;288318;
8424867;288348;
8425274;288353;
8425680;288413;
8426087;288342;
8426494;288336;
8426900;288362;
8427307;288338;
8427714;288344;
8428120;288366;
8428527;288302;
8428934;288360;
8429341;288321;
8429747;288385;
8430154;288396;
8430561;288315;
8430967;288369;
8431374;288370;
8431781;288376;
8432187;288301;
8432594;288342;
8433001;288362;
8433408;288408;
8433814;288342;
8434221;288336;
8434628;288361;
8435034;288372;
8435441;288342;
8435848;288371;
8436255;288387;
8436661;288337;
8437068;288373;
8437475;288338;
8437881;288351;
8438288;288373;
8438695;288363;
8439101;288369;
8439508;288376;
8439915;288402;
8440321;288380;
8440728;288375;
8441135;288395;
8441542;288409;
8441948;288385;
8442355;288388;
8442762;288381;
8443168;288430;
8443575;288414;
8443982;288379;
8444389;288434;
8444795;288414;
8445202;288398;
8445609;288404;
8446015;288351;
8446422;288391;
8462690;285904;
8463096;285874;
8463503;285897;
8463910;285827;
8464317;285904;
8464723;285897;
8465130;285913;
8465537;285905;
8465943;285927;
8466350;285927;
8466757;285919;
8467164;285934;
8467570;285928;
8467977;285924;
8468384;285926;
8468790;285953;
8469197;285973;
8469604;285945;
8470010;285962;
8470417;285929;
8470824;285981;
8471231;285970;
8471637;285974;
8472044;285973;
8472451;285981;
8472857;285996;
8473264;286039;
8473671;286004;
8474078;286009;
8474484;285999;
8474891;286006;
8475298;286016;
8475704;285977;
8476111;285995;
8476518;286048;
8476924;286034;
8477331;286021;
8477738;286002;
8478145;286001;
8478551;286050;
8478958;286050;
8479365;286025;
8479771;286000;
8480178;286036;
8480585;286014;
8480991;285997;
8481398;286045;
8481805;286048;
8482211;286035;
8482618;286075;
8483025;286025;
8483432;286063;
8483838;286095;
8484245;286113;
8484652;286040;
8485058;286035;
8485465;286100;
8485872;286041;
8486278;286055;
8486685;286063;
8487092;286033;
8487498;286105;
8487905;286080;
8488312;286090;
8488718;286086;
8489125;286075;
8489532;286090;
8489938;286070;
8490345;286065;
8490752;286049;
8491159;286029;
8491565;286081;
8491972;286113;
8504173;284485;
8504579;284553;
8504986;284481;
8505393;284605;
8505799;284549;
8506206;284608;
8506613;284556;
8507020;284584;
8507426;284572;
8507833;284659;
8508240;284559;
8508646;284626;
8509053;284608;
8509460;284623;
8509866;284680;
8510273;284650;
8510680;284651;
8511087;284659;
8511493;284695;
8511900;284648;
8512307;284682;
8512713;284644;
8513120;284657;
8513527;284683;
8513933;284636;
8514340;284676;
8514747;284715;
8515153;284729;
8515560;284700;
8515967;284693;
8516374;284672;
8516780;284663;
8517187;284686;
8517594;284706;
8518000;284700;
8518407;284721;
8518814;284665;
8519220;284764;
8519627;284756;
8520034;284743;
8520440;284679;
8520847;284734;
8521254;284686;
8521660;284713;
8522067;284731;
8522474;284727;
8522880;284765;
8523287;284716;
8523694;284724;
8524100;284726;
8524507;284756;
8524914;284691;
8525320;284718;
8525727;284748;
8526134;284804;
8526540;284741;
8526947;284756;
8527354;284780;
8527761;284793;
8528167;284732;
8528574;284763;
8528981;284764;
8529387;284758;
8529794;284824;
8530201;284747;
8530607;284764;
8531014;284799;
8531421;284763;
8531827;284825;
8532234;284790;
8532641;284782;
8533047;284753;
8533454;284742;
8533861;284773;
8534267;284737;
