6543537;503158;
6543944;503201;
6544351;503095;
6544757;503172;
6545164;503185;
6545571;503214;
6545977;503213;
6546384;503180;
6546791;503229;
6547197;503162;
6547604;503220;
6548011;503165;
6548417;503231;
6548824;503147;
6549230;503183;
6549637;503159;
6550044;503190;
6550450;503193;
6550857;503203;
6551264;503226;
6551670;503214;
6552077;503178;
6552484;503187;
6552890;503162;
6553297;503184;
6553704;503206;
6554110;503171;
6554517;503178;
6554924;503158;
6555331;503189;
6555737;503201;
6556144;503196;
6556551;503123;
6556957;503196;
6557364;503213;
6557771;503130;
6558177;503192;
6558584;503146;
6558991;503193;
6559397;503175;
6559804;503150;
6560211;503201;
6560617;503161;
6561024;503163;
6561431;503185;
6561837;503149;
6562244;503238;
6562651;503148;
6563057;503192;
6563464;503152;
6563871;503168;
6564277;503155;
6564684;503161;
6565091;503195;
6565497;503143;
6565904;503187;
6566311;503158;
6566718;503208;
6567124;503177;
6567531;503190;
6567938;503191;
6568344;503114;
6568751;503143;
6569158;503172;
6569564;503120;
6569971;503182;
6570378;503156;
6570784;503184;
6571191;503192;
6571598;503195;
6572004;503207;
6572411;503137;
6572818;503189;
6573224;503119;
6573631;503150;
6574038;503170;
6574444;503190;
6574851;503196;
6575258;503131;
6575665;503172;
6576071;503084;
6576478;503167;
6576885;503218;
6577291;503159;
6577698;503155;
6578105;503147;
6578511;503227;
6578918;503203;
6579325;503162;
6579731;503152;
6580138;503179;
6580545;503214;
6580951;503164;
6581358;503199;
6581765;503155;
6582171;503179;
6582578;503227;
6582985;503134;
6583391;503203;
6583798;503106;
6584205;503190;
6584611;503183;
6585018;503180;
6585425;503122;
6585831;503171;
6586238;503202;
6586645;503208;
6587052;503093;
6587458;503249;
6587865;503156;
6588272;503190;
6588678;503136;
6589085;503161;
6589492;503156;
6589898;503188;
6590305;503125;
6590712;503174;
6591118;503155;
6591525;503139;
6591932;503149;
6592338;503165;
6592745;503178;
6593152;503231;
6593558;503085;
6593965;503185;
6594372;503189;
6594778;503193;
6595185;503192;
6595592;503100;
6595998;503219;
6596405;503169;
6596812;503135;
6597218;503170;
6597625;503139;
6598032;503222;
6598438;503097;
6598845;503171;
6599252;503193;
6599658;503164;
6600065;503241;
6600472;503145;
6600879;503157;
6601285;503194;
6601692;503118;
6602099;503219;
6602505;503129;
6602912;503153;
6603319;503210;
6639108;584650;
6639515;584660;
6639922;584708;
6640328;584700;
6640735;584671;
6641142;584686;
6641549;584763;
6641955;584736;
6642362;584648;
6642769;584772;
6643175;584708;
6643582;584721;
6643989;584701;
6644396;584677;
6644802;584719;
6645209;584702;
6645616;584738;
6646022;584695;
6646429;584706;
6646836;584800;
6647243;584756;
6647649;584773;
6648056;584709;
6648463;584787;
6648870;584740;
6649276;584729;
6649683;584749;
6650090;584723;
6650497;584807;
6650903;584721;
6651310;584760;
6651716;584721;
6652123;584738;
6652530;584799;
6652937;584735;
6653343;584782;
6653750;584807;
6654157;584837;
6654563;584809;
6654970;584856;
6655377;584999;
6655783;585041;
6656190;585129;
6656597;585097;
6657004;585111;
6657410;585193;
6657817;585248;
6658224;585224;
6658630;585161;
6659037;585188;
6659444;585094;
6659850;585042;
6660257;585088;
6660664;584996;
6661071;585087;
6661477;585049;
6661884;585003;
6662291;585012;
6662698;585012;
6663104;585045;
6663511;585003;
6663918;585032;
6664324;585038;
6664731;585047;
6665138;585092;
6665545;585028;
6665951;585069;
6666358;585070;
6666765;584964;
6667171;585030;
6667578;584978;
6667985;585013;
6668392;585023;
6668798;584979;
6669205;585001;
6669612;584996;
6670019;585018;
6670425;585012;
6670832;585003;
6671239;584981;
6671645;584948;
6672052;584967;
6672459;584975;
6672865;584959;
6673272;584991;
6673679;584941;
6674086;584985;
6674492;584935;
6674899;584959;
6675306;584940;
6675713;584995;
6676119;584891;
6676526;584917;
6676933;584980;
6677339;584915;
6677746;584966;
6678153;584867;
6678559;584907;
6678966;584894;
6679373;584932;
6679780;584868;
6680186;584884;
6680593;584957;
6681000;584960;
6681406;584883;
6681813;584945;
6682220;584945;
6682626;585056;
6683033;585042;
6683440;585124;
6683847;585163;
6684253;585189;
6684660;585215;
6685067;585269;
6685474;585282;
6685880;585356;
6686287;585400;
6686694;585384;
6687100;585407;
6687507;585444;
6687914;585443;
6688320;585529;
6688727;585521;
6689134;585582;
6689541;585551;
6689947;585531;
6690354;585590;
6690761;585596;
6691167;585614;
6691574;585611;
6691981;585603;
6692387;585615;
6692794;585551;
6693201;585667;
6693608;585561;
6694014;585578;
6694421;585516;
6694828;585481;
6695234;585470;
6695641;585374;
6696048;585343;
6696454;585367;
6696861;585325;
6697268;585321;
6697674;585202;
6698081;585302;
6698488;585258;
6718009;576909;
6718416;577000;
6718823;576942;
6719229;577001;
6719636;577048;
6720043;577023;
6720449;577132;
6720856;577101;
6721263;577213;
6721669;577216;
6722076;577111;
6722483;577237;
6722889;577168;
6723296;577199;
6723703;577189;
6724109;577174;
6724516;577230;
6724923;577214;
6725330;577194;
6725736;577213;
6726143;577198;
6726550;577190;
6726956;577249;
6727363;577217;
6727770;577225;
6728176;577245;
6728583;577233;
6728990;577256;
6729397;577222;
6729803;577281;
6730210;577298;
6730617;577262;
6731023;577285;
6731430;577292;
6731837;577305;
6732243;577383;
6732650;577286;
6733057;577320;
6733463;577277;
6733870;577300;
6734277;577347;
6734683;577275;
6735090;577313;
6735497;577291;
6735904;577401;
6736310;577331;
6736717;577304;
6737124;577347;
6737530;577333;
6737937;577273;
6738344;577303;
6738750;577339;
6739157;577353;
6739564;577360;
6739970;577367;
6740377;577382;
6740784;577416;
6741191;577387;
6741597;577348;
6742004;577420;
6742411;577390;
6742817;577377;
6743224;577368;
6743631;577434;
6744037;577395;
6744444;577417;
6744851;577422;
6745257;577361;
6745664;577417;
6746071;577436;
6746477;577405;
6746884;577477;
6747291;577399;
6747697;577413;
6748104;577393;
6748511;577427;
6748918;577421;
6749324;577423;
6749731;577473;
6750138;577421;
6750544;577470;
6750951;577412;
6751358;577416;
6751764;577444;
6752171;577457;
6752578;577418;
6752984;577409;
6753391;577458;
6753798;577369;
6754204;577428;
6754611;577398;
6755018;577424;
6755424;577467;
6755831;577360;
6756238;577364;
6756644;577463;
6757051;577428;
6757458;577415;
6757865;577395;
6758271;577470;
6758678;577412;
6759085;577419;
6759491;577374;
6759898;577431;
6760305;577456;
6760711;577415;
6761118;577410;
6761525;577422;
6761932;577427;
6762338;577466;
6762745;577389;
6763152;577381;
6763558;577475;
6763965;577400;
6764372;577446;
6764778;577414;
6765185;577490;
6765592;577411;
6765999;577449;
6766405;577449;
6766812;577427;
6767219;577436;
6767625;577471;
6768032;577408;
6768439;577453;
6768846;577415;
6769252;577453;
6769659;577418;
6770066;577456;
6770472;577393;
6770879;577451;
6771286;577456;
6771692;577471;
6772099;577421;
6772506;577415;
6772912;577452;
6773319;577400;
6773726;577440;
6774133;577418;
6774539;577403;
6774946;577414;
6775353;577409;
6775759;577432;
6776166;577429;
6776573;577441;
6776979;577424;
6777386;577422;
6777793;577466;
6800973;576747;
6801380;576720;
6801787;576694;
6802193;576744;
6802600;576698;
6803007;576750;
6803413;576673;
6803820;576722;
6804227;576737;
6804633;576781;
6805040;576738;
6805447;576729;
6805853;576787;
6806260;576787;
6806667;576776;
6807073;576818;
6807480;576790;
6807887;576808;
6808293;576806;
6808700;576854;
6809107;576794;
6809513;576818;
6809920;576786;
6810327;576824;
6810734;576826;
6811140;576748;
6811547;576751;
6811954;576743;
6812360;576729;
6812767;576704;
6813174;576689;
6813580;576651;
6813987;576609;
6814394;576624;
6814800;576596;
6815207;576592;
6815614;576538;
6816020;576468;
6816427;576492;
6816834;576420;
6817240;576411;
6817647;576385;
6818054;576345;
6818460;576346;
6818867;576313;
6819274;576289;
6819680;576254;
6820087;576273;
6820494;576247;
6820900;576232;
6821307;576208;
6821714;576156;
6822121;576138;
6822527;576184;
6822934;576085;
6823341;576134;
6823747;576058;
6824154;576090;
6824561;576104;
6824967;576074;
6825374;576055;
6825781;576084;
6826187;576024;
6826594;576032;
6827001;576026;
6827408;576048;
6827814;575977;
6828221;576003;
6828628;575977;
6829034;576016;
6829441;576032;
6829848;575995;
6830254;576028;
6830661;575959;
6831068;575972;
6831474;575952;
6831881;575938;
6832288;575938;
6832695;575930;
6833101;576018;
6833508;575979;
6833915;575932;
6834321;575957;
6834728;575956;
6835135;575938;
6835541;575869;
6835948;575874;
6836355;575838;
6836761;575913;
6837168;575838;
6837575;575856;
6837981;575862;
6838388;575820;
6838795;575807;
6839201;575817;
6839608;575772;
6840015;575835;
6840421;575793;
6840828;575767;
6841235;575757;
6841642;575785;
6842048;575807;
6842455;575790;
6842862;575882;
6843268;575762;
6843675;575772;
6844082;575792;
6844488;575751;
6844895;575828;
6845302;575756;
6845709;575800;
6846115;575725;
6846522;575799;
6846929;575760;
6847335;575751;
6847742;575740;
6848149;575760;
6848556;575756;
6848962;575738;
6849369;575732;
6849776;575757;
6850182;575717;
6850589;575796;
6850996;575737;
6851403;575694;
6851809;575749;
6852216;575353;
6852623;575347;
6853029;575319;
6853436;575344;
6853843;575306;
6854249;575330;
6854656;575328;
6855063;575295;
6855469;575270;
6855876;575276;
6856283;575273;
6856690;575301;
6857096;575312;
6857503;575313;
6857910;575228;
6858316;575239;
6858723;575225;
6859130;575255;
6859536;575254;
6859943;575172;
6860350;575186;
6860756;575119;
6879057;564186;
6879464;564144;
6879870;564017;
6880277;564280;
6880684;564831;
6881091;564859;
6881497;564899;
6881904;564936;
6882311;564903;
6882717;565057;
6883124;565031;
6883531;565050;
6883938;565016;
6884344;565022;
6884751;565112;
6885158;565055;
6885564;565137;
6885971;565063;
6886378;565034;
6886785;565048;
6887191;565163;
6887598;565189;
6888005;565234;
6888411;565254;
6888818;565300;
6889225;565257;
6889631;565326;
6890038;565306;
6890445;565350;
6890852;565354;
6891258;565384;
6891665;565378;
6892072;565441;
6892478;565436;
6892885;565481;
6893292;565457;
6893698;565495;
6894105;565496;
6894512;565557;
6894918;565513;
6895325;565566;
6895732;565568;
6896139;565674;
6896545;565736;
6896952;565771;
6897359;565738;
6897765;565779;
6898172;565851;
6898579;565803;
6898985;565832;
6899392;565833;
6899799;565830;
6900206;565883;
6900612;565826;
6901019;565807;
6901426;565819;
6901832;565813;
6902239;565856;
6902646;565803;
6903052;565828;
6903459;565830;
6903866;565897;
6904273;565872;
6904679;565828;
6905086;565860;
6905493;565885;
6905899;565892;
6906306;565850;
6906713;565972;
6907119;565979;
6907526;565969;
6907933;566020;
6908339;566002;
6908746;566015;
6909153;566044;
6909559;566074;
6909966;566079;
6910373;566030;
6910780;566082;
6911186;566120;
6911593;566117;
6912000;566140;
6912406;566134;
6912813;566059;
6913220;566038;
6913626;566036;
6914033;566033;
6914440;566005;
6914846;566105;
6915253;565988;
6915660;566092;
6916066;566033;
6916473;566094;
6916880;566051;
6917286;566072;
6917693;566089;
6918100;566063;
6918506;566068;
6918913;566056;
6919320;566121;
6919726;566062;
6920133;566111;
6920540;566068;
6920946;566088;
6921353;566126;
6921760;566080;
6922167;566075;
6922573;566065;
6922980;566064;
6923387;566105;
6923793;566042;
6924200;566075;
6924607;566051;
6925013;566155;
6925420;566108;
6925827;566124;
6926233;566148;
6926640;566122;
6927047;566109;
6927453;566093;
6927860;566111;
6928267;566099;
6928673;566113;
6929080;566133;
6929487;566151;
6929893;566118;
6930300;566161;
6930707;566097;
6931113;566117;
6931520;566079;
6931927;566101;
6932333;566162;
6932740;566133;
6933147;566134;
6933553;566102;
6933960;566121;
6934367;566133;
6934773;566055;
6935180;566165;
6935587;566148;
6935993;566119;
6936400;566133;
6936807;566110;
6937213;566131;
6937620;566143;
6938027;566148;
6938433;566109;
6938840;566162;
6957547;559253;
6957954;559177;
6958361;559269;
6958767;559324;
6959174;559330;
6959581;559358;
6959987;559425;
6960394;559474;
6960801;559411;
6961207;559494;
6961614;559579;
6962021;559628;
6962427;559677;
6962834;559730;
6963241;559778;
6963647;559803;
6964054;559862;
6964461;559886;
6964867;559885;
6965274;559959;
6965681;559900;
6966088;560035;
6966494;559929;
6966901;560024;
6967308;560021;
6967714;560040;
6968121;560047;
6968528;560019;
6968934;560044;
6969341;560049;
6969748;560087;
6970154;560061;
6970561;560079;
6970968;560031;
6971375;560058;
6971781;560033;
6972188;560081;
6972595;560082;
6973001;560128;
6973408;560032;
6973815;560053;
6974221;560138;
6974628;560103;
6975035;560121;
6975442;560139;
6975848;560146;
6976255;560115;
6976662;560025;
6977068;560050;
6977475;560059;
6977882;560031;
6978288;560008;
6978695;560032;
6979102;560034;
6979509;560012;
6979915;560043;
6980322;559967;
6980729;560048;
6981135;560016;
6981542;560011;
6981949;560039;
6982355;560006;
6982762;560013;
6983169;560022;
6983575;560037;
6983982;560007;
6984389;560045;
6984796;560036;
6985202;559989;
6985609;560058;
6986016;559979;
6986422;560024;
6986829;560044;
6987236;560001;
6987642;560002;
6988049;560033;
6988456;560042;
6988863;560033;
6989269;560012;
6989676;559993;
6990083;560028;
6990489;559977;
6990896;559956;
6991303;559978;
6991709;559994;
6992116;560001;
6992523;559992;
6992929;559978;
6993336;559964;
6993743;559994;
6994149;559989;
6994556;559935;
6994963;559989;
6995369;559984;
6995776;559961;
6996183;560017;
6996589;559919;
6996996;559981;
6997403;559911;
6997809;559934;
6998216;559904;
6998623;559945;
6999029;559959;
6999436;559922;
6999843;559911;
7000250;559918;
7000656;559935;
7001063;559923;
7001470;559948;
7001876;559887;
7002283;559924;
7002690;559914;
7003096;559896;
7003503;559970;
7003910;559939;
7004316;559917;
7004723;559915;
7005130;559917;
7005536;559940;
7005943;559875;
7006350;559912;
7006756;559920;
7007163;559946;
7007570;559915;
7007976;559919;
7008383;559885;
7008790;559904;
7009196;559916;
7009603;559908;
7010010;559914;
7010416;559867;
7010823;559908;
7011230;559860;
7011636;559904;
7012043;559885;
7012450;559914;
7012856;559919;
7013263;559832;
7013670;559865;
7014077;559845;
7014483;559864;
7014890;559930;
7015297;559885;
7015703;559912;
7016110;559913;
7016517;559878;
7016923;559926;
7017330;559851;
7037259;547176;
7037666;547236;
7038072;547186;
7038479;547224;
7038886;547237;
7039292;547233;
7039699;547230;
7040106;547193;
7040512;547235;
7040919;547196;
7041326;547210;
7041733;547218;
7042139;547204;
7042546;547147;
7042953;547202;
7043359;547208;
7043766;547264;
7044173;547167;
7044579;547264;
7044986;547254;
7045393;547157;
7045800;547251;
7046206;547181;
7046613;547174;
7047020;547203;
7047426;547128;
7047833;547231;
7048240;547131;
7048647;547188;
7049053;547224;
7049460;547227;
7049867;547256;
7050274;547207;
7050680;547208;
7051087;547207;
7051494;547175;
7051900;547167;
7052307;547167;
7052714;547131;
7053121;547049;
7053527;547136;
7053934;547131;
7054341;547160;
7054748;547149;
7055154;547092;
7055561;547122;
7055968;547121;
7056375;547153;
7056781;547087;
7057188;547122;
7057595;547109;
7058001;547103;
7058408;547044;
7058815;547092;
7059221;547116;
7059628;547071;
7060035;547064;
7060442;547071;
7060848;547099;
7061255;547084;
7061662;547082;
7062069;547077;
7062475;547086;
7062882;546989;
7063289;547053;
7063695;547067;
7064102;547084;
7064509;547088;
7064915;547062;
7065322;547055;
7065729;547029;
7066136;547073;
7066542;546980;
7066949;546979;
7067356;547032;
7067762;547029;
7068169;547049;
7068576;546979;
7068982;546993;
7069389;546993;
7069796;547015;
7070202;547073;
7070609;546964;
7071016;547037;
7071423;547046;
7071829;546960;
7072236;547006;
7072643;546976;
7073049;547017;
7073456;546983;
7073863;547054;
7074269;547010;
7074676;547052;
7075083;546993;
7075490;546975;
7075896;547061;
7076303;546963;
7076710;546955;
7077116;546998;
7077523;547026;
7077930;547014;
7078336;546990;
7078743;546994;
7079150;546981;
7079556;546972;
7079963;546995;
7080370;547017;
7080777;546965;
7081183;547007;
7081590;546951;
7081997;547037;
7082403;546995;
7082810;547015;
7083217;546995;
7083624;547054;
7084030;546941;
7084437;546998;
7084844;547015;
7085250;546956;
7085657;547026;
7086064;546975;
7086471;547020;
7086877;546939;
7087284;546981;
7087691;546934;
7088097;546955;
7088504;546987;
7088911;546995;
7089317;546941;
7089724;546977;
7090131;546953;
7090538;546940;
7090944;546934;
7091351;546974;
7091758;546980;
7092164;547011;
7092571;547028;
7092978;546930;
7093384;546999;
7093791;546936;
7094198;546998;
7094605;547002;
7095011;546944;
7095418;546968;
7095825;546949;
7096231;547035;
7096638;546963;
7097045;546979;
7111686;540511;
7112093;540386;
7112499;540559;
7112906;540526;
7113313;540391;
7113720;540569;
7114126;540393;
7114533;540550;
7114940;540526;
7115346;540552;
7115753;540567;
7116160;540630;
7116566;540581;
7116973;540624;
7117380;540514;
7117787;540635;
7118193;540534;
7118600;540579;
7119007;540484;
7119413;540488;
7119820;540536;
7120227;540446;
7120633;540467;
7121040;540467;
7121447;540484;
7121853;540481;
7122260;540450;
7122667;540487;
7123074;540489;
7123480;540460;
7123887;540427;
7124294;540440;
7124700;540477;
7125107;540473;
7125514;540458;
7125920;540467;
7126327;540484;
7126734;540490;
7127140;540437;
7127547;540444;
7127954;540465;
7128360;540470;
7128767;540475;
7129174;540443;
7129581;540468;
7129987;540471;
7130394;540450;
7130801;540446;
7131207;540513;
7131614;540492;
7132021;540474;
7132427;540436;
7132834;540435;
7133241;540471;
7133647;540425;
7134054;540444;
7134461;540475;
7134867;540419;
7135274;540490;
7135681;540432;
7136087;540429;
7136494;540456;
7136901;540394;
7137308;540439;
7137714;540444;
7138121;540461;
7138528;540449;
7138934;540415;
7139341;540419;
7139748;540448;
7140154;540445;
7140561;540437;
7140968;540420;
7141375;540446;
7141781;540431;
7142188;540453;
7142595;540437;
7143001;540423;
7143408;540401;
7143815;540406;
7144221;540401;
7144628;540378;
7145035;540380;
7145441;540420;
7145848;540406;
7146255;540399;
7146662;540465;
7147068;540409;
7147475;540432;
7147882;540505;
7148288;540385;
7148695;540395;
7149102;540385;
7149508;540404;
7149915;540413;
7150322;540415;
7150728;540433;
7151135;540367;
7151542;540428;
7151948;540382;
7152355;540391;
7152762;540423;
7153168;540409;
7153575;540428;
7153982;540393;
7154388;540407;
7154795;540409;
7155202;540362;
7155609;540404;
7156015;540402;
7156422;540396;
7156829;540426;
7157235;540409;
7157642;540468;
7158049;540404;
7158455;540432;
7158862;540413;
7159269;540452;
7159676;540415;
7160082;540382;
7160489;540447;
7160896;540463;
7161302;540421;
7161709;540428;
7162116;540406;
7162522;540438;
7162929;540397;
7163336;540419;
7163742;540391;
7164149;540433;
7164556;540427;
7164962;540441;
7165369;540483;
7165776;540451;
7166182;540447;
7166589;540411;
7166996;540462;
7167402;540455;
7167809;540413;
7168216;540418;
7168622;540489;
7169029;540454;
7169436;540406;
7169842;540422;
7170249;540465;
7170656;540419;
7171063;540440;
7171469;540453;
7190584;529964;
7190990;529981;
7191397;530030;
7191804;529969;
7192210;530009;
7192617;530022;
7193024;530048;
7193430;530086;
7193837;530058;
7194244;530139;
7194650;530088;
7195057;530079;
7195464;530136;
7195871;530117;
7196277;530155;
7196684;530199;
7197091;530173;
7197497;530170;
7197904;530171;
7198311;530197;
7198717;530238;
7199124;530282;
7199531;530325;
7199938;530337;
7200344;530293;
7200751;530316;
7201158;530344;
7201564;530318;
7201971;530386;
7202378;530380;
7202784;530406;
7203191;530420;
7203598;530397;
7204005;530382;
7204411;530421;
7204818;530400;
7205225;530472;
7205631;530410;
7206038;530490;
7206445;530484;
7206851;530439;
7207258;530498;
7207665;530499;
7208071;530535;
7208478;530537;
7208885;530567;
7209291;530675;
7209698;530695;
7210105;530655;
7210512;530669;
7210918;530711;
7211325;530718;
7211732;530715;
7212138;530693;
7212545;530724;
7212952;530743;
7213358;530735;
7213765;530756;
7214172;530745;
7214578;530769;
7214985;530741;
7215392;530800;
7215799;530790;
7216205;530849;
7216612;530820;
7217019;530826;
7217425;530898;
7217832;530882;
7218239;530859;
7218645;530893;
7219052;530937;
7219459;530882;
7219865;530894;
7220272;530879;
7220679;530935;
7221086;530947;
7221492;530900;
7221899;530960;
7222306;530903;
7222712;530978;
7223119;530894;
7223526;530909;
7223932;530912;
7224339;530900;
7224746;530903;
7225152;530861;
7225559;530979;
7225966;530900;
7226372;530943;
7226779;530927;
7227186;530954;
7227592;530971;
7227999;530884;
7228406;530953;
7228813;530966;
7229219;530964;
7229626;530981;
7230033;530936;
7230439;530970;
7230846;530971;
7231253;530961;
7231659;531017;
7232066;530959;
7232473;530987;
7232879;530985;
7233286;531015;
7233693;530970;
7234099;530951;
7234506;531000;
7234913;530984;
7235320;531031;
7235726;530968;
7236133;531045;
7236540;530996;
7236946;531056;
7237353;531005;
7237760;531040;
7238166;531070;
7238573;531000;
7238980;531066;
7239386;531009;
7239793;531046;
7240200;531032;
7240607;531021;
7241013;531080;
7241420;531076;
7241827;531018;
7242233;531084;
7242640;530975;
7243047;531054;
7243453;531023;
7243860;531035;
7244267;530977;
7244673;531086;
7245080;531091;
7245487;530986;
7245894;531022;
7246300;531035;
7246707;531043;
7247113;531101;
7247520;531047;
7247927;531080;
7248334;531079;
7248740;531083;
7249147;531052;
7249554;531067;
7249960;531073;
7250367;531091;
7250774;531049;
7251180;531113;
7269074;522874;
7269481;522825;
7269888;522898;
7270294;522887;
7270701;523000;
7271108;522939;
7271514;523038;
7271921;522994;
7272328;523042;
7272735;523058;
7273141;523088;
7273548;523098;
7273955;523137;
7274361;523158;
7274768;523214;
7275175;523229;
7275582;523207;
7275988;523263;
7276395;523275;
7276802;523270;
7277208;523192;
7277615;522811;
7278022;522750;
7278428;522765;
7278835;522794;
7279242;522829;
7279648;522805;
7280055;522870;
7280462;522797;
7280869;522860;
7281275;522798;
7281682;522791;
7282088;522804;
7282495;522859;
7282902;522847;
7283308;522846;
7283715;522863;
7284122;522873;
7284529;522853;
7284935;522860;
7285342;522887;
7285749;522879;
7286155;522900;
7286562;522845;
7286968;522909;
7287375;522916;
7287782;522836;
7288189;522835;
7288595;522904;
7289002;522929;
7289409;522882;
7289815;522829;
7290222;522888;
7290629;522916;
7291035;522873;
7291442;522887;
7291849;522903;
7292255;522851;
7292662;522818;
7293069;522819;
7293475;522838;
7293882;522861;
7294289;522911;
7294695;522845;
7295102;522843;
7295509;522858;
7295915;522895;
7296322;522842;
7296729;522864;
7297136;522882;
7297542;522880;
7297949;522767;
7298356;522893;
7298762;522853;
7299169;522854;
7299576;522834;
7299982;522832;
7300389;522867;
7300796;522793;
7301202;522854;
7301609;522872;
7302016;522838;
7302422;522844;
7302829;522826;
7303236;522919;
7303642;522841;
7304049;522859;
7304456;522828;
7304862;522902;
7305269;522862;
7305676;522840;
7306082;522903;
7306489;522857;
7306896;522856;
7307303;522924;
7307709;522844;
7308116;522889;
7308523;522853;
7308929;522945;
7309336;522907;
7309743;522874;
7310149;522940;
7310556;522892;
7310963;522831;
7311369;522871;
7311776;522905;
7312183;522950;
7312589;522870;
7312996;522923;
7313403;522852;
7313809;522861;
7314216;522893;
7314623;522902;
7315030;522944;
7315436;522902;
7315843;522941;
7316250;522871;
7316656;522902;
7317063;522915;
7317470;522903;
7317876;522932;
7318283;522905;
7318690;522923;
7319096;522940;
7319503;522967;
7319910;522934;
7320316;522881;
7320723;522971;
7321130;522891;
7321536;522943;
7321943;522892;
7322350;522922;
7322756;522955;
7323163;522892;
7323570;522977;
7323976;522917;
7324383;522952;
7324790;522936;
7325196;522861;
7325603;522928;
7326010;522910;
7326416;522972;
7326823;522871;
7327230;522860;
7327636;522931;
7328043;522902;
7328450;522914;
7328856;522879;
7329263;522902;
7329670;522914;
7330076;522951;
7330483;522859;
7330890;522898;
7331297;522919;
7331703;522868;
7332110;522866;
7332517;522933;
7332923;522948;
7333330;522918;
7333737;522909;
7334143;522916;
7334550;522914;
7334957;522892;
7335363;522969;
7335770;522889;
7351225;513927;
7351631;513927;
7352038;514261;
7352445;514246;
7352851;514381;
7353258;514336;
7353665;514398;
7354072;514512;
7354478;514339;
7354885;514512;
7355292;514427;
7355698;514471;
7356105;514358;
7356512;514391;
7356918;514398;
7357325;514362;
7357732;514339;
7358138;514374;
7358545;514364;
7358952;514384;
7359359;514372;
7359765;514369;
7360172;514437;
7360579;514396;
7360985;514382;
7361392;514394;
7361799;514398;
7362205;514473;
7362612;514393;
7363019;514463;
7363425;514435;
7363832;514455;
7364239;514463;
7364645;514497;
7365052;514452;
7365459;514540;
7365865;514506;
7366272;514489;
7366679;514474;
7367085;514511;
7367492;514513;
7367898;514505;
7368305;514539;
7368712;514539;
7369118;514550;
7369525;514551;
7369932;514541;
7370338;514589;
7370745;514609;
7371152;514608;
7371558;514658;
7371965;514625;
7372372;514689;
7372778;514714;
7373185;514642;
7373592;514724;
7373998;514683;
7374405;514751;
7374812;514759;
7375218;514777;
7375625;514805;
7376032;514757;
7376438;514798;
7376845;514791;
7377252;514843;
7377658;514829;
7378065;514849;
7378472;514811;
7378878;514833;
7379285;514849;
7379692;514885;
7380098;514867;
7380505;514888;
7380912;514812;
7381318;514878;
7381725;514905;
7382132;514904;
7382538;514924;
7382945;514935;
7383352;514914;
7383758;514942;
7384165;514940;
7384572;514908;
7384978;514985;
7385385;514984;
7385792;514973;
7386198;514952;
7386605;514994;
7387012;515038;
7387418;514967;
7387825;515011;
7388232;515061;
7388638;515044;
7389045;515013;
7389452;515017;
7389858;515029;
7390265;515036;
7390672;515048;
7391078;514983;
7391485;515023;
7391891;515080;
7392298;514993;
7392705;515034;
7393111;515024;
7393518;515069;
7393925;515037;
7394331;515002;
7394738;515076;
7395145;515115;
7395552;515093;
7395958;515004;
7396365;515024;
7396772;515098;
7397178;515084;
7397585;515049;
7397992;515108;
7398398;515093;
7398805;515090;
7399212;515089;
7399618;515098;
7400025;515078;
7400432;515132;
7400839;515086;
7401245;515089;
7401652;515144;
7402059;515091;
7402465;515108;
7402872;515055;
7403279;515153;
7403685;515119;
7404092;515099;
7404499;515123;
7404905;515105;
7405312;515129;
7405719;515084;
7406125;515143;
7406532;515099;
7406939;515069;
7407345;515157;
7407752;515109;
7408159;515184;
7408565;515120;
7408972;515118;
7409379;515165;
7409785;515081;
7410192;515142;
7410599;515123;
7411006;515169;
7428493;509458;
7428900;509476;
7429306;509551;
7429713;509523;
7430120;509428;
7430526;509586;
7430933;509431;
7431340;509695;
7431746;509529;
7432153;509647;
7432560;509621;
7432966;509600;
7433373;509627;
7433780;509624;
7434186;509742;
7434593;509697;
7435000;509689;
7435406;509767;
7435813;509795;
7436220;509699;
7436626;509718;
7437033;509728;
7437440;509797;
7437847;509697;
7438253;509716;
7438660;509467;
7439066;508931;
7439473;509020;
7439880;508979;
7440287;509036;
7440693;509007;
7441100;508987;
7441507;509026;
7441913;509018;
7442320;509038;
7442727;509053;
7443133;509046;
7443540;509086;
7443947;509077;
7444353;509032;
7444760;509059;
7445167;509093;
7445573;509090;
7445980;509130;
7446387;509071;
7446793;509154;
7447200;509078;
7447607;509148;
7448013;509120;
7448420;509143;
7448827;509146;
7449233;509107;
7449640;509173;
7450047;509186;
7450453;509175;
7450860;509181;
7451267;509174;
7451673;509210;
7452080;509186;
7452487;509214;
7452893;509179;
7453300;509229;
7453707;509186;
7454113;509201;
7454520;509149;
7454927;509216;
7455333;509201;
7455740;509187;
7456147;509171;
7456553;509201;
7456960;509228;
7457367;509176;
7457774;509239;
7458180;509197;
7458587;509318;
7458994;509238;
7459400;509183;
7459807;509243;
7460214;509209;
7460620;509147;
7461027;509103;
7461434;509092;
7461840;509122;
7462247;509136;
7462654;509004;
7463060;508947;
7463467;508957;
7463874;508942;
7464280;508911;
7464687;509032;
7465094;508910;
7465501;508962;
7465907;508944;
7466314;508931;
7466721;508996;
7467127;508942;
7467534;508985;
7467941;508974;
7468347;508961;
7468754;508945;
7469161;508923;
7469567;508928;
7469974;508960;
7470381;508993;
7470787;508912;
7471194;509003;
7471601;508977;
7472008;508973;
7472414;508949;
7472821;508994;
7473228;509019;
7473634;509017;
7474041;508995;
7474448;508969;
7474854;508995;
7475261;508918;
7475668;508924;
7476075;509041;
7476481;509021;
7476888;508958;
7477295;508929;
7477702;508928;
7478108;509025;
7478515;508957;
7478922;508920;
7479328;508918;
7479735;509019;
7480142;508985;
7480548;508972;
7480955;509000;
7481362;508973;
7481769;508983;
7482175;508966;
7482582;508981;
7482989;509026;
7483395;508954;
7483802;509000;
7484209;509027;
7484615;509026;
7485022;508981;
7485429;509002;
7485835;509006;
7486242;508898;
7486649;508995;
7487056;508965;
7487462;508939;
7487869;508971;
7488276;508962;
7520812;589563;
7521218;589588;
7521625;589614;
7522032;589534;
7522439;589641;
7522845;589507;
7523252;589551;
7523659;589639;
7524065;589570;
7524472;589571;
7524879;589622;
7525286;589583;
7525692;589660;
7526099;589580;
7526506;589670;
7526912;589686;
7527319;589610;
7527726;589689;
7528133;589624;
7528539;589664;
7528946;589640;
7529353;589578;
7529760;589641;
7530166;589597;
7530573;589597;
7530980;589593;
7531386;589518;
7531793;589487;
7532200;589431;
7532607;589472;
7533013;589421;
7533420;589340;
7533827;589273;
7534234;589262;
7534640;589278;
7535047;589243;
7535454;589207;
7535860;589264;
7536267;589281;
7536674;589225;
7537081;589276;
7537487;589267;
7537894;589333;
7538301;589291;
7538707;589245;
7539114;589275;
7539521;589277;
7539928;589292;
7540334;589280;
7540741;589254;
7541148;589301;
7541554;589290;
7541961;589295;
7542368;589331;
7542775;589297;
7543181;589363;
7543588;589318;
7543995;589341;
7544402;589323;
7544808;589350;
7545215;589317;
7545622;589389;
7546028;589412;
7546435;589434;
7546842;589372;
7547248;589403;
7547655;589331;
7548062;589336;
7548469;589359;
7548875;589386;
7549282;589389;
7549689;589423;
7550095;589421;
7550502;589436;
7550909;589460;
7581411;582993;
7581818;582847;
7582224;582884;
7582631;582846;
7583038;582798;
7583445;582910;
7583851;582837;
7584258;582871;
7584665;582873;
7585071;582854;
7585478;582890;
7585885;582894;
7586291;582866;
7586698;582816;
7587105;582749;
7587511;582744;
7587918;582755;
7588325;582743;
7588731;582798;
7589138;582599;
7589544;582695;
7589951;582590;
7590358;582447;
7590764;582465;
7591171;582421;
7591578;582467;
7591984;582474;
7592391;582374;
7592798;582506;
7593204;582417;
7593611;582439;
7594018;582399;
7594424;582386;
7594831;582450;
7595238;582313;
7595644;582351;
7596051;582277;
7596458;582309;
7596864;582275;
7597271;582345;
7597678;582344;
7598084;582275;
7598491;582400;
7598898;582369;
7599304;582367;
7599711;582387;
7600118;582397;
7600524;582368;
7600931;582384;
7601338;582405;
7601744;582427;
7602151;582416;
7602558;582433;
7602964;582424;
7603371;582430;
7603778;582450;
7604184;582471;
7604591;582432;
7604997;582427;
7605404;582474;
7605811;582463;
7606217;582452;
7606624;582458;
7607031;582472;
7607437;582479;
7607844;582455;
7608251;582494;
7608657;582468;
7609064;582540;
7609471;582532;
7609877;582463;
7610284;582514;
7610691;582488;
7611097;582523;
7627365;574868;
7627772;574699;
7628179;574862;
7628585;574725;
7628992;574788;
7629399;574698;
7629805;574649;
7630212;574744;
7630619;574729;
7631026;574641;
7631432;574679;
7631839;574704;
7632246;574666;
7632652;574682;
7633059;574679;
7633466;574746;
7633872;574731;
7634279;574766;
7634686;574751;
7635093;574723;
7635499;574851;
7635906;574790;
7636313;574755;
7636719;574804;
7637126;574833;
7637533;574808;
7637939;574792;
7638346;574863;
7638753;574894;
7639159;574790;
7639566;574850;
7639973;574893;
7640380;574855;
7640786;574835;
7641193;574813;
7641600;574866;
7642006;574859;
7642413;574860;
7642820;574891;
7643226;574860;
7643633;574860;
7644040;574863;
7644447;574931;
7644853;574863;
7645260;574907;
7645667;574832;
7646073;574926;
7646480;574984;
7646887;574935;
7647293;574964;
7647700;574947;
7648107;574969;
7648513;574974;
7648920;574985;
7649327;575004;
7649734;574981;
7650140;575068;
7650547;574992;
7650954;575036;
7651360;575015;
7651767;575082;
7652174;574991;
7652580;575016;
7652987;575013;
7653394;575031;
7653800;575056;
7654207;575023;
7654614;575052;
7655020;575070;
7655427;575061;
7655834;575057;
7656240;575103;
7656647;575064;
7657054;575134;
7670475;564709;
7670881;564773;
7671288;564968;
7671695;564909;
7672101;564907;
7672508;564886;
7672915;564940;
7673321;565013;
7673728;564931;
7674135;565025;
7674541;564956;
7674948;564929;
7675355;564874;
7675761;564938;
7676168;564929;
7676575;564925;
7676981;564921;
7677388;564987;
7677795;564989;
7678202;565024;
7678608;564997;
7679015;565033;
7679422;565027;
7679828;565052;
7680235;565104;
7680642;565097;
7681048;565146;
7681455;565132;
7681862;565104;
7682268;565149;
7682675;565164;
7683082;565204;
7683489;565223;
7683895;565243;
7684302;565194;
7684709;565223;
7685115;565279;
7685522;565241;
7685929;565269;
7686335;565298;
7686742;565272;
7687149;565320;
7687555;565282;
7687962;565357;
7688369;565331;
7688776;565393;
7689182;565452;
7689589;565422;
7689996;565460;
7690402;565407;
7690809;565502;
7691216;565454;
7691622;565454;
7692029;565204;
7692436;565063;
7692842;565034;
7693249;565007;
7693656;565098;
7694062;565135;
7694469;565121;
7694876;565112;
7695282;565142;
7695689;565182;
7696096;565137;
7696503;565143;
7696909;565173;
7697316;565190;
7697723;565246;
7698129;565219;
7698536;565298;
7698943;565258;
7699349;565305;
7699756;565323;
7700163;565264;
7713583;556634;
7713990;556290;
7714397;556781;
7714804;556417;
7715210;556705;
7715617;556688;
7716024;556544;
7716430;556673;
7716837;556516;
7717244;556554;
7717650;556567;
7718057;556506;
7718464;556555;
7718871;556538;
7719277;556543;
7719684;556564;
7720091;556518;
7720497;556653;
7720904;556624;
7721311;556653;
7721718;556610;
7722124;556638;
7722531;556687;
7722938;556711;
7723344;556689;
7723751;556758;
7724158;556727;
7724564;556780;
7724971;556792;
7725378;556759;
7725784;556777;
7726191;556779;
7726598;556781;
7727004;556849;
7727411;556788;
7727818;556854;
7728224;556849;
7728631;556530;
7729038;556444;
7729444;556439;
7729851;556405;
7730258;556320;
7730664;556351;
7731071;556389;
7731478;556307;
7731885;556312;
7732291;556280;
7732698;556279;
7733105;556252;
7733511;556234;
7733918;556241;
7734325;556206;
7734731;556196;
7735138;556213;
7735545;556181;
7735951;556143;
7736358;556167;
7736765;556125;
7737171;556142;
7737578;556152;
7737985;556112;
7738391;556183;
7738798;556128;
7739205;556114;
7739611;556103;
7740018;556067;
7740425;556163;
7740831;556074;
7741238;556079;
7741645;556100;
7742052;556088;
7742458;556144;
7742865;556052;
7743272;556142;
7759132;549779;
7759539;549746;
7759946;549680;
7760352;549680;
7760759;549575;
7761166;549522;
7761572;549563;
7761979;549512;
7762386;549429;
7762792;549440;
7763199;549293;
7763606;549399;
7764012;549282;
7764419;549262;
7764826;549246;
7765233;549210;
7765639;549210;
7766046;549213;
7766453;549166;
7766859;549241;
7767266;549199;
7767673;549276;
7768079;549237;
7768486;549266;
7768893;549233;
7769299;549307;
7769706;549276;
7770113;549281;
7770520;549269;
7770926;549312;
7771333;549251;
7771740;549284;
7772146;549338;
7772553;549319;
7772960;549279;
7773366;549305;
7773773;549304;
7774180;549299;
7774586;549334;
7774993;549302;
7775400;549340;
7775806;549314;
7776213;549382;
7776620;549339;
7777026;549376;
7777433;549332;
7777840;549373;
7778247;549368;
7778653;549351;
7779060;549387;
7779467;549366;
7779873;549368;
7780280;549399;
7780687;549382;
7781093;549384;
7781500;549357;
7781907;549433;
7782313;549410;
7782720;549333;
7783127;549426;
7783533;549451;
7783940;549395;
7784347;549393;
7784753;549418;
7785160;549410;
7785567;549443;
7785973;549456;
7786380;549438;
7786787;549447;
7787194;549449;
7787600;549447;
7788007;549442;
7788414;549473;
7788820;549484;
7789227;549546;
7802240;540653;
7802647;540432;
7803054;540369;
7803460;540010;
7803867;539991;
7804274;539906;
7804680;539767;
7805087;539776;
7805494;539592;
7805900;539597;
7806307;539588;
7806714;539448;
7807120;539499;
7807527;539419;
7807934;539483;
7808340;539417;
7808747;539393;
7809154;539364;
7809560;539316;
7809967;539315;
7810374;539255;
7810780;539288;
7811187;539224;
7811594;539169;
7812001;539267;
7812407;539160;
7812814;539199;
7813221;539186;
7813627;539175;
7814034;539218;
7814441;539235;
7814847;539268;
7815254;539194;
7815661;539239;
7816067;539276;
7816474;539290;
7816881;539308;
7817287;539294;
7817694;539301;
7818101;539275;
7818507;539327;
7818914;539317;
7819321;539367;
7819727;539335;
7820134;539333;
7820541;539397;
7820948;539431;
7821354;539433;
7821761;539451;
7822168;539444;
7822574;539555;
7822981;539565;
7823388;539515;
7823794;539599;
7824201;539598;
7824608;539622;
7825014;539639;
7825421;539631;
7825828;539638;
7826234;539677;
7826641;539683;
7827048;539678;
7827455;539729;
7827861;539727;
7828268;539821;
7828675;539761;
7829081;539777;
7829488;539785;
7829895;539819;
7830301;539830;
7830708;539815;
7831115;539867;
7831521;539846;
7831928;539854;
7832335;539868;
7832741;539865;
7833148;539896;
7849415;531300;
7849822;531173;
7850229;531237;
7850635;531025;
7851042;531197;
7851449;531069;
7851855;531062;
7852262;531102;
7852669;531092;
7853075;531055;
7853482;531110;
7853889;531011;
7854295;531112;
7854702;531062;
7855109;531075;
7855515;531106;
7855922;531014;
7856329;531065;
7856735;531052;
7857142;530999;
7857549;531015;
7857955;531000;
7858362;530990;
7858769;530989;
7859175;530928;
7859582;530989;
7859989;530924;
7860395;530921;
7860802;530975;
7861209;530920;
7861615;530954;
7862022;530887;
7862429;530899;
7862835;530910;
7863242;530913;
7863649;530856;
7864055;530905;
7864462;530904;
7864869;530866;
7865276;530897;
7865682;530882;
7866089;530892;
7866496;530880;
7866902;530857;
7867309;530895;
7867716;530882;
7868122;530921;
7868529;530926;
7868936;530880;
7869342;530933;
7869749;530873;
7870156;530874;
7870562;530913;
7870969;530897;
7871376;530842;
7871782;530855;
7872189;530937;
7872596;530917;
7873003;530880;
7873409;530949;
7873816;530934;
7874223;530902;
7874629;530928;
7875036;530902;
7875443;530928;
7875849;530906;
7876256;530964;
7876663;530967;
7877069;530921;
7877476;530950;
7877883;530916;
7878289;530918;
7878696;530959;
7879103;530932;
7879510;530945;
7896997;521357;
7897404;521366;
7897811;521323;
7898217;521401;
7898624;521362;
7899031;521371;
7899437;521395;
7899844;521395;
7900251;521346;
7900657;521421;
7901064;521381;
7901471;521467;
7901877;521422;
7902284;521452;
7902691;521396;
7903097;521445;
7903504;521426;
7903911;521415;
7904317;521410;
7904724;521447;
7905131;521359;
7905537;521497;
7905944;521361;
7906351;521430;
7906757;521391;
7907164;521396;
7907571;521446;
7907978;521409;
7908384;521381;
7908791;521367;
7909198;521399;
7909604;521396;
7910011;521388;
7910418;521353;
7910824;521404;
7911231;521429;
7911638;521349;
7912044;521409;
7912451;521389;
7912858;521372;
7913264;521434;
7913671;521374;
7914078;521404;
7914484;521353;
7914891;521403;
7915298;521479;
7915704;521397;
7916111;521433;
7916518;521437;
7916924;521463;
7917331;521446;
7917738;521420;
7918144;521468;
7918551;521435;
7918958;521477;
7919364;521424;
7919771;521514;
7920178;521412;
7920584;521445;
7920991;521468;
7921398;521470;
7921804;521517;
7922211;521483;
7922618;521496;
7923024;521506;
7923431;521470;
7923838;521531;
7924244;521458;
7924651;521459;
7925058;521477;
7925464;521541;
7925871;521519;
7926278;521488;
7926684;521538;
7944578;515919;
7944985;516072;
7945392;516001;
7945799;515962;
7946205;515993;
7946612;515998;
7947019;516013;
7947425;516053;
7947832;516011;
7948239;515997;
7948645;515974;
7949052;515977;
7949459;516004;
7949865;515940;
7950272;516038;
7950679;515999;
7951085;515964;
7951492;515966;
7951899;515931;
7952306;515955;
7952712;515974;
7953119;515948;
7953526;516012;
7953932;515966;
7954339;515933;
7954746;515929;
7955153;515868;
7955559;515942;
7955966;515921;
7956373;515926;
7956779;515955;
7957186;515917;
7957593;515921;
7957999;515990;
7958406;515899;
7958813;515925;
7959219;515967;
7959626;515960;
7960033;515980;
7960439;515920;
7960846;515995;
7961253;515965;
7961660;515952;
7962066;515942;
7962473;515991;
7962880;515947;
7963286;516002;
7963693;515963;
7964100;515968;
7964506;515930;
7964913;516030;
7965320;515981;
7965726;515992;
7966133;515990;
7966540;515938;
7966946;516019;
7967353;515942;
7967760;516013;
7968167;516027;
7968573;516041;
7968980;516012;
7969387;516040;
7969793;516027;
7970200;516004;
7970607;516061;
7971013;516024;
7971420;516067;
7971827;516028;
7972233;516061;
7972640;516026;
7973047;516002;
7973453;516050;
7973860;516064;
7974267;516021;
7996634;509524;
7997040;509567;
7997447;509472;
7997854;509517;
7998260;509583;
7998667;509536;
7999074;509520;
7999480;509427;
7999887;509490;
8000294;509432;
8000700;509449;
8001107;509403;
8001514;509349;
8001920;509393;
8002327;509403;
8002734;509389;
8003140;509425;
8003547;509419;
8003954;509385;
8004360;509360;
8004767;509320;
8005174;509378;
8005580;509358;
8005987;509350;
8006394;509350;
8006800;509376;
8007207;509330;
8007614;509399;
8008021;509370;
8008427;509390;
8008834;509355;
8009241;509344;
8009647;509351;
8010054;509350;
8010461;509425;
8010867;509373;
8011274;509417;
8011681;509348;
8012087;509372;
8012494;509374;
8012901;509370;
8013307;509407;
8013714;509412;
8014121;509386;
8014527;509411;
8014934;509398;
8015341;509404;
8015747;509362;
8016154;509397;
8016561;509383;
8016967;509395;
8017374;509419;
8017781;509414;
8018187;509377;
8018594;509453;
8019001;509383;
8019407;509409;
8019814;509391;
8020221;509413;
8020627;509369;
8021034;509403;
8021441;509392;
8021848;509458;
8022254;509438;
8022661;509418;
8023068;509423;
8023474;509419;
8023881;509458;
8024288;509396;
8024694;509452;
8025101;509425;
8025508;509385;
8025914;509446;
8026321;509426;
8026728;509456;
8027134;509400;
8062922;589770;
8063329;589771;
8063736;589895;
8064142;589882;
8064549;589839;
8064956;589885;
8065362;589872;
8065769;589849;
8066176;589883;
8066583;589911;
8066989;589974;
8067396;589998;
8067803;590047;
8068209;589920;
8068616;590032;
8069023;590082;
8069429;590047;
8069836;590048;
8070243;590021;
8070649;590028;
8071056;590027;
8071463;590034;
8071869;590031;
8072276;590063;
8072683;590064;
8073089;590051;
8073496;590056;
8073903;590056;
8074309;590091;
8074716;590089;
8075123;590035;
8075529;590000;
8075936;590121;
8076343;590061;
8076749;590042;
8077156;590070;
8077563;590048;
8077970;590059;
8078376;590069;
8078783;590004;
8079190;590027;
8079596;590065;
8080003;590030;
8080410;590063;
8080816;589999;
8081223;590040;
8081630;590055;
8082036;590075;
8082443;590023;
8082850;589984;
8083256;590046;
8083663;590037;
8084070;590018;
8084476;590027;
8084883;590043;
8085290;590107;
8085696;590043;
8086103;590066;
8086510;590071;
8086916;590092;
8087323;590074;
8087730;590082;
8088136;590100;
8088543;590049;
8088950;590149;
8089356;590038;
8089763;590107;
8090170;590171;
8090576;590120;
8090983;590178;
8091390;590159;
8091796;590160;
8092203;590197;
8092610;590178;
8109283;580994;
8109689;581041;
8110096;580940;
8110503;580939;
8110909;580954;
8111316;580974;
8111723;580952;
8112129;580962;
8112536;580982;
8112943;580954;
8113349;580922;
8113756;580995;
8114163;580980;
8114569;581036;
8114976;581057;
8115383;581041;
8115789;581016;
8116196;581045;
8116603;581018;
8117010;581062;
8117416;581009;
8117823;581040;
8118230;580992;
8118636;581032;
8119043;581089;
8119450;580989;
8119856;581041;
8120263;581040;
8120670;581029;
8121076;581080;
8121483;581037;
8121890;581038;
8122296;581051;
8122703;581050;
8123110;581069;
8123516;581027;
8123923;581032;
8124330;580987;
8124736;580999;
8125143;581010;
8125550;581021;
8125956;581098;
8126363;581008;
8126770;581005;
8127176;581028;
8127583;581052;
8127990;581033;
8128396;581032;
8128803;581037;
8129210;581016;
8129616;581013;
8130023;581014;
8130430;581053;
8130837;581066;
8131243;581042;
8131650;581040;
8132057;581018;
8132463;581010;
8132870;581061;
8133277;581024;
8133683;581013;
8134090;581024;
8134497;581015;
8134903;581059;
8135310;581042;
8135717;581080;
8136123;581073;
8136530;581069;
8136937;581022;
8137343;581023;
8137750;581075;
8138157;581076;
8138563;581074;
8138970;581019;
8158084;575556;
8158491;575542;
8158898;575465;
8159305;575555;
8159711;575547;
8160118;575538;
8160525;575564;
8160931;575569;
8161338;575612;
8161745;575625;
8162151;575604;
8162558;575587;
8162965;575624;
8163371;575628;
8163778;575640;
8164185;575676;
8164591;575638;
8164998;575641;
8165405;575579;
8165812;575664;
8166218;575625;
8166625;575698;
8167032;575584;
8167438;575625;
8167845;575603;
8168252;575604;
8168658;575656;
8169065;575577;
8169472;575636;
8169878;575606;
8170285;575644;
8170692;575637;
8171098;575597;
8171505;575609;
8171912;575609;
8172319;575610;
8172725;575608;
8173132;575634;
8173539;575634;
8173945;575620;
8174352;575614;
8174759;575612;
8175165;575618;
8175572;575635;
8175979;575632;
8176385;575602;
8176792;575609;
8177199;575615;
8177605;575648;
8178012;575646;
8178419;575631;
8178825;575598;
8179232;575585;
8179639;575641;
8180045;575544;
8180452;575627;
8180859;575661;
8181265;575642;
8181672;575590;
8182079;575623;
8182485;575618;
8182892;575586;
8183299;575622;
8183705;575615;
8184112;575622;
8184519;575624;
8184925;575632;
8185332;575642;
8185739;575640;
8186145;575666;
8186552;575605;
8186959;575564;
8187365;575611;
8187772;575639;
8202006;566868;
8202413;567080;
8202820;566828;
8203226;566930;
8203633;566959;
8204040;566873;
8204446;566968;
8204853;566891;
8205260;566856;
8205667;566908;
8206073;566852;
8206480;566855;
8206887;566867;
8207293;566866;
8207700;566926;
8208107;566902;
8208513;566947;
8208920;566897;
8209327;566934;
8209733;566915;
8210140;566860;
8210547;566955;
8210954;566969;
8211360;566918;
8211767;566963;
8212174;566934;
8212580;566970;
8212987;566933;
8213394;566907;
8213800;566966;
8214207;566976;
8214614;566884;
8215020;566930;
8215427;566909;
8215834;566912;
8216240;566896;
8216647;566919;
8217054;566953;
8217460;566927;
8217867;566898;
8218274;566848;
8218681;566958;
8219087;566926;
8219494;566892;
8219901;566924;
8220307;566899;
8220714;566851;
8221121;566917;
8221527;566912;
8221934;566931;
8222341;566906;
8222747;566886;
8223154;566902;
8223561;566831;
8223967;566882;
8224374;566873;
8224781;566890;
8225188;566915;
8225594;566894;
8226001;566892;
8226408;566920;
8226814;566887;
8227221;566937;
8227628;566877;
8228034;566916;
8228441;566885;
8228848;566877;
8229254;566865;
8229661;566927;
8230068;566878;
8230475;566930;
8230881;566882;
8231288;566884;
8231695;566886;
8245929;555410;
8246335;555523;
8246742;555540;
8247149;555439;
8247555;555535;
8247962;555440;
8248369;555559;
8248775;555490;
8249182;555420;
8249589;555556;
8249995;555433;
8250402;555486;
8250809;555466;
8251215;555497;
8251622;555518;
8252029;555522;
8252436;555475;
8252842;555498;
8253249;555491;
8253656;555546;
8254062;555536;
8254469;555541;
8254876;555552;
8255282;555502;
8255689;555544;
8256096;555562;
8256502;555545;
8256909;555609;
8257316;555593;
8257723;555599;
8258129;555547;
8258536;555590;
8258943;555606;
8259349;555557;
8259756;555592;
8260163;555593;
8260569;555566;
8260976;555620;
8261383;555624;
8261789;555582;
8262196;555625;
8262603;555673;
8263010;555657;
8263416;555662;
8263823;555646;
8264230;555668;
8264636;555606;
8265043;555670;
8265450;555670;
8265856;555706;
8266263;555667;
8266670;555652;
8267076;555643;
8267483;555664;
8267890;555723;
8268297;555666;
8268703;555701;
8269110;555700;
8269517;555675;
8269923;555673;
8270330;555684;
8270737;555660;
8271143;555668;
8271550;555719;
8271957;555712;
8272363;555731;
8272770;555676;
8273177;555673;
8273583;555718;
8273990;555721;
8274397;555707;
8274804;555691;
8275210;555738;
8275617;555737;
8289851;549016;
8290258;548775;
8290665;548770;
8291071;548836;
8291478;548677;
8291885;548826;
8292291;548791;
8292698;548719;
8293105;548772;
8293512;548671;
8293918;548778;
8294325;548723;
8294732;548741;
8295138;548771;
8295545;548733;
8295952;548781;
8296358;548782;
8296765;548805;
8297172;548744;
8297578;548782;
8297985;548829;
8298392;548831;
8298798;548875;
8299205;548807;
8299612;548810;
8300019;548793;
8300425;548774;
8300832;548792;
8301239;548858;
8301645;548828;
8302052;548826;
8302459;548840;
8302865;548808;
8303272;548840;
8303679;548800;
8304085;548768;
8304492;548851;
8304899;548776;
8305306;548802;
8305712;548813;
8306119;548755;
8306526;548787;
8306932;548788;
8307339;548737;
8307746;548737;
8308152;548757;
8308559;548818;
8308966;548765;
8309372;548750;
8309779;548783;
8310186;548732;
8310592;548743;
8310999;548732;
8311406;548771;
8311812;548734;
8312219;548825;
8312626;548804;
8313032;548793;
8313439;548843;
8313846;548769;
8314252;548862;
8314659;548763;
8315066;548822;
8315472;548825;
8315879;548801;
8316286;548780;
8316692;548741;
8317099;548764;
8317506;548880;
8317912;548756;
8318319;548823;
8318726;548795;
8319132;548813;
8319539;548806;
8331739;533272;
8332146;533108;
8332553;533237;
8332959;533106;
8333366;533100;
8333772;533284;
8334179;532945;
8334586;533175;
8334993;533051;
8335399;533054;
8335806;533154;
8336213;532994;
8336619;533182;
8337026;533091;
8337433;533127;
8337839;533156;
8338246;533122;
8338653;533158;
8339059;533180;
8339466;533137;
8339873;533214;
8340279;533142;
8340686;533180;
8341093;533178;
8341499;533137;
8341906;533194;
8342313;533199;
8342719;533175;
8343126;533146;
8343533;533180;
8343939;533167;
8344346;533177;
8344753;533115;
8345159;533202;
8345566;533224;
8345973;533139;
8346379;533215;
8346786;533119;
8347193;533178;
8347599;533189;
8348006;533128;
8348413;533226;
8348819;533157;
8349226;533147;
8349633;533154;
8350039;533130;
8350446;533204;
8350853;533122;
8351259;533086;
8351666;533117;
8352073;533170;
8352480;533159;
8352886;533194;
8353293;533182;
8353700;533183;
8354106;533203;
8354513;533151;
8354920;533163;
8355326;533187;
8355733;533144;
8356140;533186;
8356546;533160;
8356953;533212;
8357360;533185;
8357766;533204;
8358173;533196;
8358580;533176;
8358986;533205;
8359393;533170;
8359800;533180;
8360206;533232;
8360613;533154;
8361020;533197;
8361426;533243;
8373626;532497;
8374033;532548;
8374440;532518;
8374846;532632;
8375253;532485;
8375660;532574;
8376066;532531;
8376473;532534;
8376880;532565;
8377286;532570;
8377693;532569;
8378100;532615;
8378506;532626;
8378913;532607;
8379320;532678;
8379726;532635;
8380133;532679;
8380540;532590;
8380946;532560;
8381353;532680;
8381760;532643;
8382166;532614;
8382573;532579;
8382980;532583;
8383386;532632;
8383793;532587;
8384200;532609;
8384606;532588;
8385013;532593;
8385420;532571;
8385826;532606;
8386233;532630;
8386640;532558;
8387046;532592;
8387453;532589;
8387860;532621;
8388266;532549;
8388673;532591;
8389080;532580;
8389486;532593;
8389893;532647;
8390300;532549;
8390707;532567;
8391113;532589;
8391520;532576;
8391927;532663;
8392333;532579;
8392740;532608;
8393147;532590;
8393553;532587;
8393960;532666;
8394367;532597;
8394774;532638;
8395180;532612;
8395587;532602;
8395994;532635;
8396400;532559;
8396807;532577;
8397214;532644;
8397620;532633;
8398027;532642;
8398434;532589;
8398840;532689;
8399247;532673;
8399654;532705;
8400060;532630;
8400467;532657;
8400874;532666;
8401280;532648;
8401687;532660;
8402094;532638;
8402500;532708;
8402907;532671;
8403314;532692;
8416328;522862;
8416734;522961;
8417141;522781;
8417548;522853;
8417954;522738;
8418361;522858;
8418768;522750;
8419174;522702;
8419581;522778;
8419988;522732;
8420394;522790;
8420801;522701;
8421208;522800;
8421614;522747;
8422021;522853;
8422428;522758;
8422835;522846;
8423241;522710;
8423648;522800;
8424055;522749;
8424461;522786;
8424868;522769;
8425275;522767;
8425681;522793;
8426088;522798;
8426495;522742;
8426901;522761;
8427308;522758;
8427715;522714;
8428121;522760;
8428528;522720;
8428935;522765;
8429342;522752;
8429748;522769;
8430155;522730;
8430562;522756;
8430968;522711;
8431375;522686;
8431782;522780;
8432188;522770;
8432595;522722;
8433002;522806;
8433409;522762;
8433815;522795;
8434222;522691;
8434629;522732;
8435035;522783;
8435442;522721;
8435849;522699;
8436255;522768;
8436662;522773;
8437069;522709;
8437476;522742;
8437882;522751;
8438289;522750;
8438696;522745;
8439102;522756;
8439509;522791;
8439916;522752;
8440322;522797;
8440729;522787;
8441136;522758;
8441543;522838;
8441949;522785;
8442356;522853;
8442763;522796;
8443169;522828;
8443576;522813;
8443983;522795;
8444389;522884;
8444796;522827;
8445203;522790;
8445610;522820;
8446016;522837;
8446423;522804;
8462284;512800;
8462691;513027;
8463097;512816;
8463504;512978;
8463911;512867;
8464318;513015;
8464724;512940;
8465131;513018;
8465538;513064;
8465944;512997;
8466351;513050;
8466758;513070;
8467165;513092;
8467571;513081;
8467978;513099;
8468385;513077;
8468791;513126;
8469198;513022;
8469605;513085;
8470011;513076;
8470418;513127;
8470825;513154;
8471232;513075;
8471638;513144;
8472045;513094;
8472452;513137;
8472858;513146;
8473265;513178;
8473672;513117;
8474078;513202;
8474485;513114;
8474892;513176;
8475299;513201;
8475705;513210;
8476112;513172;
8476519;513241;
8476925;513226;
8477332;513214;
8477739;513204;
8478145;513172;
8478552;513226;
8478959;513186;
8479366;513285;
8479772;513195;
8480179;513221;
8480586;513285;
8480992;513223;
8481399;513242;
8481806;513256;
8482212;513237;
8482619;513232;
8483026;513225;
8483432;513240;
8483839;513241;
8484246;513309;
8484653;513209;
8485059;513190;
8485466;513288;
8485873;513294;
8486279;513306;
8486686;513260;
8487093;513296;
8487499;513243;
8487906;513316;
8488313;513310;
8488719;513328;
8489126;513291;
8489533;513293;
8489939;513356;
8490346;513313;
8490753;513315;
8491160;513303;
8491566;513312;
8504174;507145;
8504580;507349;
8504987;507163;
8505394;507304;
8505800;507233;
8506207;507376;
8506614;507129;
8507020;507483;
8507427;507141;
8507834;507549;
8508241;507178;
8508647;507374;
8509054;507329;
8509461;507302;
8509867;507386;
8510274;507403;
8510681;507349;
8511087;507428;
8511494;507379;
8511901;507381;
8512308;507452;
8512714;507427;
8513121;507515;
8513528;507450;
8513934;507494;
8514341;507494;
8514748;507515;
8515154;507446;
8515561;507500;
8515968;507556;
8516375;507535;
8516781;507493;
8517188;507547;
8517595;507535;
8518001;507516;
8518408;507538;
8518815;507543;
8519221;507637;
8519628;507524;
8520035;507555;
8520441;507534;
8520848;507582;
8521255;507585;
8521661;507560;
8522068;507580;
8522475;507598;
8522881;507573;
8523288;507554;
8523695;507585;
8524101;507566;
8524508;507573;
8524915;507545;
8525321;507578;
8525728;507618;
8526135;507595;
8526541;507583;
8526948;507572;
8527355;507591;
8527762;507616;
8528168;507636;
8528575;507597;
8528982;507619;
8529388;507626;
8529795;507645;
8530202;507629;
8530608;507657;
8531015;507658;
8531422;507581;
8531828;507628;
8532235;507663;
8532642;507667;
8533048;507645;
8533455;507644;
8533862;507727;
8534268;507584;
