8856773;283441;
8857180;283418;
8857587;283472;
8857994;283496;
8858400;283479;
8858807;283503;
8859214;283536;
8859620;283487;
8860027;283482;
8860434;283505;
8860840;283513;
8861247;283503;
8861654;283472;
8862061;283505;
8862467;283432;
8862874;283479;
8863281;283493;
8863687;283505;
8864094;283499;
8864501;283540;
8864907;283464;
8865314;283518;
8865721;283502;
8866127;283507;
8866534;283513;
8866941;283464;
8867348;283528;
8867754;283483;
8868161;283520;
8868568;283509;
8868974;283497;
8869381;283444;
8869788;283497;
8870194;283439;
8870601;283462;
8871008;283491;
8871414;283475;
8871821;283548;
8872228;283519;
8872634;283519;
8873041;283490;
8873448;283483;
8873854;283487;
8874261;283501;
8874668;283497;
8875074;283497;
8875481;283500;
8875888;283505;
8876295;283490;
8876701;283479;
8877108;283532;
8877515;283509;
8877921;283538;
8878328;283490;
8878735;283524;
8879141;283491;
8879548;283506;
8879955;283546;
8880361;283464;
8880768;283489;
8881175;283489;
8881581;283534;
8881988;283478;
8882395;283492;
8882802;283543;
8883208;283476;
8883615;283497;
8884022;283521;
8884428;283510;
8884835;283511;
8885242;283575;
8885648;283528;
8886055;283542;
8886462;283552;
8886869;283495;
8887275;283526;
8887682;283520;
8888089;283500;
8888495;283543;
8888902;283527;
8889309;283528;
8889716;283503;
8890122;283524;
8890529;283484;
8890936;283504;
8891342;283538;
8891749;283522;
8892156;283543;
8892562;283466;
8892969;283523;
8893376;283529;
8893783;283546;
8894189;283592;
8894596;283549;
8895003;283526;
8895409;283550;
8895816;283525;
8896223;283590;
8896629;283540;
8897036;283522;
8897443;283537;
8897849;283526;
8898256;283545;
8898663;283517;
8899069;283579;
8899476;283524;
8899883;283541;
8900289;283530;
8900696;283509;
8901103;283512;
8901510;283561;
8901916;283568;
8902323;283553;
8902730;283502;
8903136;283562;
8903543;283562;
8903950;283567;
8904356;283519;
8904763;283533;
8905170;283538;
8905576;283536;
8905983;283515;
8906390;283577;
8906796;283539;
8907203;283480;
8907610;283560;
8908017;283578;
8908423;283543;
8908830;283584;
8909237;283576;
8909643;283546;
8910050;283507;
8910457;283565;
8910863;283613;
8911270;283547;
8911677;283599;
8912083;283549;
8912490;283553;
8912897;283541;
8913303;283573;
8913710;283544;
8914117;283527;
8914524;283561;
8914930;283581;
8915337;283553;
8915744;283525;
8916150;283573;
8916557;283569;
8942586;301603;
8942992;301579;
8943399;301619;
8943806;301677;
8944212;301625;
8944619;301634;
8945026;301678;
8945432;301732;
8945839;301787;
8946246;301798;
8946652;301794;
8947059;301816;
8947466;301799;
8947873;301840;
8948279;301860;
8948686;301820;
8949093;301840;
8949499;301851;
8949906;301840;
8950313;301858;
8950720;301801;
8951126;301850;
8951533;301905;
8951940;301869;
8952346;301870;
8952753;301913;
8953160;301937;
8953566;301852;
8953973;301877;
8954380;301881;
8954787;301914;
8955193;301926;
8955600;301954;
8956007;301929;
8956413;301911;
8956820;301890;
8957227;301952;
8957633;301888;
8958040;301952;
8958447;301933;
8958854;301892;
8959260;301937;
8959667;301947;
8960074;301957;
8960480;301972;
8960887;301925;
8961294;301927;
8961700;301980;
8962107;302020;
8962514;301976;
8962921;301899;
8963327;301958;
8963734;301983;
8964141;301996;
8964547;301974;
8964954;301981;
8965361;301999;
8965768;301987;
8966174;301992;
8966581;301997;
8966988;302022;
8967394;302022;
8967801;302004;
8968208;302012;
8968614;302050;
8969021;302001;
8969428;302001;
8969834;302037;
8970241;302054;
8970648;302043;
8971055;302020;
8971461;302028;
8971868;302031;
8972275;302078;
8972681;302015;
8973088;302035;
8973495;302036;
8973902;302067;
8974308;302045;
8974715;302041;
8975122;302024;
8975528;302043;
8975935;302076;
8976342;302043;
8976748;302064;
8977155;302062;
8977562;302046;
8977969;302045;
8978375;302099;
8978782;302038;
8979189;302076;
8979595;302058;
8980002;302090;
8980409;302046;
8980815;302015;
8981222;302065;
8981629;302037;
8982036;302086;
8982442;302047;
8982849;302092;
8983256;302070;
8983662;302078;
8984069;302077;
8984476;302088;
8984882;302097;
8985289;302096;
8985696;302097;
8986102;302105;
8986509;302103;
8986916;302085;
8987323;302076;
8987729;302169;
8988136;302082;
8988543;302080;
8988949;302120;
8989356;302072;
8989763;302099;
8990169;302134;
8990576;302073;
8990983;302104;
8991390;302102;
8991796;302099;
8992203;302085;
8992610;302100;
8993016;302101;
8993423;302104;
8993830;302125;
8994237;302127;
8994643;302095;
8995050;302065;
8995457;302137;
8995863;302098;
8996270;302125;
8996677;302061;
8997084;302106;
8997490;302131;
8997897;302162;
8998304;302090;
8998710;302132;
8999117;302109;
8999524;302127;
8999930;302131;
9000337;302141;
9000744;302098;
9001151;302131;
9001557;302148;
9001964;302085;
9002371;302138;
9027181;300214;
9027587;300155;
9027994;300179;
9028401;300200;
9028807;300232;
9029214;300265;
9029621;300185;
9030027;300298;
9030434;300143;
9030841;300249;
9031248;300227;
9031654;300209;
9032061;300287;
9032468;300231;
9032874;300225;
9033281;300235;
9033688;300184;
9034095;300235;
9034501;300216;
9034908;300232;
9035315;300283;
9035721;300257;
9036128;300245;
9036535;300271;
9036942;300285;
9037348;300274;
9037755;300273;
9038162;300291;
9038568;300287;
9038975;300286;
9039382;300316;
9039789;300259;
9040195;300278;
9040602;300278;
9041009;300246;
9041415;300259;
9041822;300311;
9042229;300243;
9042636;300307;
9043042;300292;
9043449;300258;
9043856;300269;
9044262;300307;
9044669;300339;
9045076;300265;
9045482;300314;
9045889;300324;
9046296;300277;
9046702;300265;
9047109;300276;
9047516;300309;
9047923;300313;
9048329;300308;
9048736;300321;
9049143;300256;
9049549;300293;
9049956;300284;
9050363;300328;
9050769;300339;
9051176;300313;
9051583;300287;
9051989;300301;
9052396;300344;
9052803;300348;
9053210;300301;
9053616;300317;
9054023;300315;
9054430;300390;
9054836;300291;
9055243;300359;
9055650;300320;
9056056;300316;
9056463;300365;
9056870;300318;
9057276;300363;
9057683;300325;
9058090;300361;
9058497;300321;
9058903;300307;
9059310;300366;
9059717;300332;
9060123;300341;
9060530;300367;
9060937;300329;
9061343;300350;
9061750;300345;
9062157;300334;
9062563;300372;
9062970;300310;
9063377;300396;
9063783;300392;
9064190;300362;
9064597;300338;
9065004;300363;
9065410;300417;
9065817;300348;
9066224;300357;
9066630;300397;
9067037;300356;
9067444;300363;
9067850;300312;
9068257;300307;
9068664;300368;
9069071;300363;
9069477;300393;
9069884;300318;
9070291;300340;
9070697;300365;
9071104;300336;
9071511;300380;
9071918;300370;
9072324;300360;
9072731;300376;
9073138;300397;
9073544;300371;
9073951;300419;
9074358;300382;
9074765;300380;
9075171;300369;
9075578;300370;
9075985;300356;
9076391;300360;
9076798;300365;
9077205;300398;
9077612;300318;
9078018;300361;
9078425;300366;
9078832;300397;
9079238;300375;
9079645;300395;
9080052;300348;
9080458;300355;
9080865;300380;
9081272;300402;
9081678;300380;
9082085;300369;
9082492;300363;
9082899;300369;
9083305;300422;
9083712;300388;
9084119;300379;
9084525;300435;
9084932;300394;
9085339;300403;
9085745;300393;
9086152;300443;
9086559;300393;
9086965;300426;
9121128;298754;
9121535;298770;
9121942;298814;
9122348;298763;
9122755;298797;
9123162;298773;
9123569;298839;
9123975;298788;
9124382;298767;
9124789;298790;
9125195;298772;
9125602;298806;
9126009;298811;
9126415;298790;
9126822;298824;
9127229;298791;
9127635;298844;
9128042;298837;
9128449;298832;
9128855;298843;
9129262;298773;
9129669;298855;
9130076;298831;
9130482;298825;
9130889;298808;
9131296;298835;
9131702;298865;
9132109;298814;
9132516;298847;
9132922;298835;
9133329;298828;
9133736;298810;
9134143;298845;
9134549;298810;
9134956;298847;
9135363;298821;
9135769;298864;
9136176;298800;
9136583;298900;
9136989;298889;
9137396;298881;
9137803;298848;
9138209;298794;
9138616;298827;
9139023;298829;
9139429;298863;
9139836;298816;
9140243;298820;
9140650;298855;
9141056;298843;
9141463;298857;
9141870;298863;
9142276;298866;
9142683;298838;
9143090;298836;
9143496;298872;
9143903;298889;
9144310;298885;
9144716;298831;
9145123;298892;
9145530;298857;
9145937;298845;
9146343;298889;
9146750;298845;
9147157;298898;
9147563;298846;
9147970;298864;
9148377;298881;
9148783;298878;
9149190;298844;
9149597;298855;
9150004;298876;
9150410;298863;
9150817;298887;
9151224;298908;
9151630;298895;
9152037;298847;
9152444;298889;
9152850;298897;
9153257;298846;
9153664;298863;
9154071;298900;
9154477;298907;
9154884;298907;
9155291;298890;
9155697;298938;
9156104;298860;
9156511;298882;
9156917;298927;
9157324;298895;
9157731;298893;
9158138;298891;
9158544;298899;
9158951;298885;
9159358;298867;
9159765;298887;
9160171;298876;
9160578;298864;
9160985;298885;
9161391;298931;
9161798;298924;
9162205;298890;
9162612;298885;
9163018;298917;
9163425;298897;
9163832;298922;
9164238;298885;
9164645;298895;
9165052;298918;
9165459;298925;
9165865;298898;
9166272;298909;
9166679;298904;
9167085;298895;
9167492;298871;
9167899;298867;
9168305;298923;
9168712;298908;
9169119;298896;
9169526;298879;
9169932;298927;
9170339;298883;
9170746;298921;
9171152;298944;
9171559;298899;
9171966;298846;
9172372;298886;
9172779;298951;
9173186;298883;
9173593;298871;
9173999;298857;
9174406;298878;
9174813;298915;
9175219;298918;
9175626;298899;
9176033;298911;
9176440;298901;
9176846;298886;
9177253;298937;
9177660;298929;
9178066;298873;
9178473;298923;
9178880;298929;
9179287;298921;
9179693;298887;
9180100;298887;
9193521;296284;
9193928;296271;
9194335;296319;
9194742;296299;
9195148;296336;
9195555;296324;
9195962;296371;
9196368;296405;
9196775;296389;
9197182;296380;
9197589;296406;
9197995;296402;
9198402;296430;
9198809;296404;
9199215;296397;
9199622;296422;
9200029;296516;
9200436;296417;
9200842;296468;
9201249;296455;
9201656;296455;
9202062;296440;
9202469;296437;
9202876;296451;
9203283;296460;
9203689;296513;
9204096;296470;
9204503;296462;
9204909;296523;
9205316;296505;
9205723;296486;
9206130;296481;
9206536;296469;
9206943;296500;
9207350;296516;
9207756;296468;
9208163;296479;
9208570;296522;
9208977;296502;
9209383;296505;
9209790;296512;
9210197;296523;
9210603;296483;
9211010;296519;
9211417;296554;
9211824;296520;
9212230;296501;
9212637;296547;
9213044;296556;
9213450;296527;
9213857;296531;
9214264;296494;
9214671;296584;
9215077;296530;
9215484;296570;
9215891;296596;
9216298;296510;
9216704;296584;
9217111;296568;
9217518;296527;
9217924;296576;
9218331;296533;
9218738;296605;
9219145;296556;
9219551;296576;
9219958;296524;
9220365;296570;
9220772;296591;
9221178;296584;
9221585;296573;
9221992;296597;
9222398;296573;
9222805;296616;
9223212;296549;
9223619;296580;
9224025;296588;
9224432;296591;
9224839;296640;
9225245;296601;
9225652;296557;
9226059;296597;
9226466;296551;
9226872;296576;
9227279;296531;
9227686;296561;
9228092;296544;
9228499;296569;
9228906;296578;
9229313;296530;
9229719;296592;
9230126;296566;
9230533;296558;
9230940;296549;
9231346;296569;
9231753;296528;
9232160;296507;
9232566;296544;
9232973;296632;
9233380;296552;
9233787;296542;
9234193;296556;
9234600;296557;
9235007;296528;
9235413;296555;
9235820;296538;
9236227;296537;
9236634;296564;
9237040;296563;
9237447;296613;
9237854;296583;
9238260;296543;
9238667;296530;
9239074;296573;
9239480;296546;
9239887;296542;
9240294;296543;
9240701;296561;
9241107;296560;
9241514;296620;
9241921;296596;
9242327;296590;
9242734;296581;
9243141;296605;
9243547;296533;
9243954;296595;
9244361;296614;
9244768;296617;
9245174;296635;
9245581;296624;
9245988;296541;
9246394;296606;
9246801;296613;
9247208;296593;
9247615;296611;
9248021;296611;
9248428;296594;
9248835;296653;
9249242;296618;
9249648;296639;
9250055;296579;
9250462;296690;
9250868;296626;
9251275;296619;
9251682;296618;
9252088;296634;
9252495;296635;
9252902;296670;
9253309;296620;
9265103;294511;
9265510;294462;
9265917;294557;
9266323;294561;
9266730;294450;
9267137;294572;
9267544;294575;
9267950;294592;
9268357;294616;
9268764;294524;
9269170;294598;
9269577;294619;
9269984;294627;
9270391;294645;
9270797;294549;
9271204;294614;
9271611;294594;
9272018;294599;
9272424;294650;
9272831;294637;
9273238;294637;
9273644;294695;
9274051;294642;
9274458;294645;
9274865;294660;
9275271;294663;
9275678;294694;
9276085;294671;
9276491;294691;
9276898;294703;
9277305;294710;
9277712;294654;
9278118;294696;
9278525;294706;
9278932;294666;
9279338;294717;
9279745;294707;
9280152;294745;
9280558;294714;
9280965;294755;
9281372;294703;
9281779;294675;
9282185;294752;
9282592;294726;
9282999;294767;
9283405;294712;
9283812;294732;
9284219;294710;
9284625;294713;
9285032;294751;
9285439;294745;
9285846;294746;
9286252;294756;
9286659;294679;
9287066;294722;
9287472;294743;
9287879;294746;
9288286;294740;
9288692;294803;
9289099;294762;
9289506;294751;
9289912;294818;
9290319;294787;
9290726;294789;
9291132;294761;
9291539;294790;
9291946;294741;
9292353;294809;
9292759;294754;
9293166;294791;
9293573;294776;
9293979;294778;
9294386;294794;
9294793;294813;
9295200;294796;
9295606;294775;
9296013;294771;
9296420;294760;
9296826;294822;
9297233;294784;
9297640;294761;
9298047;294802;
9298453;294791;
9298860;294754;
9299267;294789;
9299673;294775;
9300080;294780;
9300487;294830;
9300894;294818;
9301300;294792;
9301707;294790;
9302114;294833;
9302520;294835;
9302927;294802;
9303334;294807;
9303741;294801;
9304147;294772;
9304554;294805;
9304961;294840;
9305368;294848;
9305774;294797;
9306181;294787;
9306588;294786;
9306994;294779;
9307401;294835;
9307808;294811;
9308215;294873;
9308621;294826;
9309028;294830;
9309435;294821;
9309842;294807;
9310248;294804;
9310655;294776;
9311062;294790;
9311468;294827;
9311875;294820;
9312282;294823;
9312689;294802;
9313095;294841;
9313502;294837;
9313909;294853;
9314316;294803;
9314722;294813;
9315129;294841;
9315536;294833;
9315942;294855;
9316349;294834;
9316756;294844;
9317163;294828;
9317569;294806;
9317976;294846;
9318383;294824;
9318789;294804;
9319196;294801;
9319603;294839;
9320009;294814;
9320416;294847;
9320823;294870;
9321230;294801;
9321636;294845;
9322043;294912;
9322450;294813;
9322857;294845;
9323263;294882;
9323670;294848;
9334651;292592;
9335058;292670;
9335464;292617;
9335871;292676;
9336278;292647;
9336684;292708;
9337091;292619;
9337498;292716;
9337905;292704;
9338311;292686;
9338718;292673;
9339125;292686;
9339531;292748;
9339938;292740;
9340345;292750;
9340752;292712;
9341158;292759;
9341565;292746;
9341972;292763;
9342378;292756;
9342785;292791;
9343192;292735;
9343599;292756;
9344005;292776;
9344412;292747;
9344819;292769;
9345225;292783;
9345632;292807;
9346039;292796;
9346446;292838;
9346852;292756;
9347259;292771;
9347666;292794;
9348072;292790;
9348479;292754;
9348886;292793;
9349293;292773;
9349699;292787;
9350106;292773;
9350513;292812;
9350919;292803;
9351326;292810;
9351733;292801;
9352140;292818;
9352546;292789;
9352953;292775;
9353360;292808;
9353766;292814;
9354173;292799;
9354580;292816;
9354987;292790;
9355393;292797;
9355800;292805;
9356207;292812;
9356613;292816;
9357020;292822;
9357427;292867;
9357834;292892;
9358240;292843;
9358647;292866;
9359054;292905;
9359461;292860;
9359867;292866;
9360274;292858;
9360681;292865;
9361087;292856;
9361494;292860;
9361901;292864;
9362308;292886;
9362714;292898;
9363121;292885;
9363528;292866;
9363934;292862;
9364341;292870;
9364748;292885;
9365155;292899;
9365561;292912;
9365968;292890;
9366375;292860;
9366782;292880;
9367188;292887;
9367595;292879;
9368002;292866;
9368408;292842;
9368815;292899;
9369222;292915;
9369629;292879;
9370035;292910;
9370442;292914;
9370849;292899;
9371255;292880;
9371662;292869;
9372069;292877;
9372476;292886;
9372882;292886;
9373289;292885;
9373696;292889;
9374102;292878;
9374509;292883;
9374916;292900;
9375322;292895;
9375729;292892;
9376136;292914;
9376543;292927;
9376949;292967;
9377356;292911;
9377763;292933;
9378169;292877;
9378576;292886;
9378983;292928;
9379390;292916;
9379796;292892;
9380203;292916;
9380610;292950;
9381016;292967;
9381423;292893;
9381830;292868;
9382236;292904;
9382643;292891;
9383050;292951;
9383456;292869;
9383863;292922;
9384270;292936;
9384677;292904;
9385083;292915;
9385490;292902;
9385897;292923;
9386303;292919;
9386710;292926;
9387117;292956;
9387524;292921;
9387930;292938;
9388337;292939;
9388744;292937;
9389150;292949;
9389557;292891;
9389964;292940;
9390370;292910;
9390777;292896;
9391184;292952;
9391591;292902;
9391997;292948;
9392404;292933;
9392811;292950;
9393217;292976;
9393624;292923;
9394031;292961;
9407046;290659;
9407452;290624;
9407859;290640;
9408266;290610;
9408673;290667;
9409079;290640;
9409486;290695;
9409893;290695;
9410300;290687;
9410706;290679;
9411113;290706;
9411520;290693;
9411927;290701;
9412333;290682;
9412740;290673;
9413147;290750;
9413553;290733;
9413960;290730;
9414367;290717;
9414774;290729;
9415180;290738;
9415587;290696;
9415994;290753;
9416401;290726;
9416807;290715;
9417214;290747;
9417621;290753;
9418027;290783;
9418434;290695;
9418841;290746;
9419248;290744;
9419654;290787;
9420061;290735;
9420468;290775;
9420875;290758;
9421281;290775;
9421688;290793;
9422095;290780;
9422502;290810;
9422908;290801;
9423315;290764;
9423722;290828;
9424128;290796;
9424535;290782;
9424942;290861;
9425349;290846;
9425755;290824;
9426162;290847;
9426569;290769;
9426976;290903;
9427382;290824;
9427789;290868;
9428196;290857;
9428603;290889;
9429009;290870;
9429416;290933;
9429823;290887;
9430230;290891;
9430636;290890;
9431043;290890;
9431450;290883;
9431856;290863;
9432263;290871;
9432670;290868;
9433077;290873;
9433483;290949;
9433890;290902;
9434297;290921;
9434704;290877;
9435110;290894;
9435517;290888;
9435924;290922;
9436331;290924;
9436737;290907;
9437144;290895;
9437551;290946;
9437958;290891;
9438364;290886;
9438771;290920;
9439178;290918;
9439584;290931;
9439991;290895;
9440398;290925;
9440805;290928;
9441211;290868;
9441618;290890;
9442025;290927;
9442431;290950;
9442838;290960;
9443245;290907;
9443652;290945;
9444058;290920;
9444465;290884;
9444872;290927;
9445278;290886;
9445685;290921;
9446092;290929;
9446499;290960;
9446905;290919;
9447312;290897;
9447719;290924;
9448126;290923;
9448532;290915;
9448939;290936;
9449346;290924;
9449753;290910;
9450159;290944;
9450566;290918;
9450973;290920;
9451380;290901;
9451786;290947;
9452193;290916;
9452600;290971;
9453006;290885;
9453413;290942;
9453820;290949;
9454227;290955;
9454633;290895;
9455040;290964;
9455447;290944;
9455853;290941;
9456260;290937;
9456667;290931;
9457074;290968;
9457480;290943;
9457887;290941;
9458294;290916;
9458701;290958;
9459107;290993;
9459514;290938;
9459921;290926;
9460328;290942;
9460734;290958;
9461141;290949;
9461548;290900;
9461955;290893;
9462361;290934;
9462768;290949;
9463175;290977;
9463581;290947;
9463988;290967;
9464395;290930;
9464802;290890;
9465208;290922;
9465615;290972;
9466022;290975;
9466428;290931;
9466835;290933;
9479444;289165;
9479850;289169;
9480257;289106;
9480664;289174;
9481071;289151;
9481477;289172;
9481884;289136;
9482291;289220;
9482697;289193;
9483104;289212;
9483511;289211;
9483918;289178;
9484324;289231;
9484731;289167;
9485138;289209;
9485544;289234;
9485951;289234;
9486358;289225;
9486765;289250;
9487171;289231;
9487578;289238;
9487985;289241;
9488391;289223;
9488798;289289;
9489205;289272;
9489612;289271;
9490018;289256;
9490425;289251;
9490832;289277;
9491239;289255;
9491645;289262;
9492052;289283;
9492459;289284;
9492866;289291;
9493272;289281;
9493679;289319;
9494086;289293;
9494492;289296;
9494899;289299;
9495306;289329;
9495713;289322;
9496119;289317;
9496526;289338;
9496933;289318;
9497340;289318;
9497746;289319;
9498153;289274;
9498560;289360;
9498967;289299;
9499373;289327;
9499780;289301;
9500187;289344;
9500593;289334;
9501000;289301;
9501407;289303;
9501814;289290;
9502220;289321;
9502627;289343;
9503034;289320;
9503441;289325;
9503847;289368;
9504254;289316;
9504661;289304;
9505067;289335;
9505474;289326;
9505881;289342;
9506288;289351;
9506694;289374;
9507101;289350;
9507508;289371;
9507915;289361;
9508321;289351;
9508728;289337;
9509135;289370;
9509542;289310;
9509948;289358;
9510355;289369;
9510762;289396;
9511169;289312;
9511575;289343;
9511982;289319;
9512389;289385;
9512795;289375;
9513202;289347;
9513609;289416;
9514016;289337;
9514422;289347;
9514829;289347;
9515236;289339;
9515643;289326;
9516049;289369;
9516456;289371;
9516863;289360;
9517269;289372;
9517676;289385;
9518083;289354;
9518490;289347;
9518896;289362;
9519303;289406;
9519710;289362;
9520117;289414;
9520523;289406;
9520930;289401;
9521337;289394;
9521744;289399;
9522150;289410;
9522557;289368;
9522964;289366;
9523370;289401;
9523777;289355;
9524184;289368;
9524591;289363;
9524997;289398;
9525404;289370;
9525811;289415;
9526218;289385;
9526624;289352;
9527031;289380;
9527438;289399;
9527845;289383;
9528251;289393;
9528658;289360;
9529065;289382;
9529471;289409;
9529878;289391;
9530285;289387;
9530692;289440;
9531098;289383;
9531505;289413;
9531912;289459;
9532319;289398;
9532725;289425;
9533132;289376;
9533539;289402;
9533945;289426;
9534352;289397;
9534759;289425;
9535166;289393;
9535572;289341;
9535979;289357;
9536386;289409;
9536793;289358;
9537199;289383;
9537606;289368;
9538013;289403;
9538420;289392;
9538826;289391;
9556723;286996;
9557129;286980;
9557536;286978;
9557943;287038;
9558350;286968;
9558756;287095;
9559163;286983;
9559570;287015;
9559977;287048;
9560383;287024;
9560790;287104;
9561197;287052;
9561604;287065;
9562010;287063;
9562417;287090;
9562824;287088;
9563231;287109;
9563637;287100;
9564044;287066;
9564451;287079;
9564858;287098;
9565264;287121;
9565671;287135;
9566078;287124;
9566485;287124;
9566892;287058;
9567298;287139;
9567705;287103;
9568112;287124;
9568519;287102;
9568925;287106;
9569332;287139;
9569739;287166;
9570146;287132;
9570553;287169;
9570959;287140;
9571366;287145;
9571773;287170;
9572180;287196;
9572586;287195;
9572993;287160;
9573400;287179;
9573807;287130;
9574213;287151;
9574620;287185;
9575027;287235;
9575434;287196;
9575840;287200;
9576247;287142;
9576654;287193;
9577061;287185;
9577467;287209;
9577874;287198;
9578281;287179;
9578688;287183;
9579095;287182;
9579501;287227;
9579908;287216;
9580315;287208;
9580722;287168;
9581128;287187;
9581535;287214;
9581942;287231;
9582348;287195;
9582755;287207;
9583162;287221;
9583569;287196;
9583976;287187;
9584382;287216;
9584789;287217;
9585196;287192;
9585602;287223;
9586009;287195;
9586416;287242;
9586823;287186;
9587229;287229;
9587636;287253;
9588043;287211;
9588450;287201;
9588856;287259;
9589263;287265;
9589670;287195;
9590076;287221;
9590483;287266;
9590890;287224;
9591297;287233;
9591703;287256;
9592110;287232;
9592517;287283;
9592924;287211;
9593330;287233;
9593737;287223;
9594144;287266;
9594551;287250;
9594957;287225;
9595364;287292;
9595771;287222;
9596178;287286;
9596584;287252;
9596991;287237;
9597398;287244;
9597804;287213;
9598211;287271;
9598618;287205;
9599025;287230;
9599431;287262;
9599838;287266;
9600245;287221;
9600652;287294;
9601058;287275;
9601465;287246;
9601872;287276;
9602278;287288;
9602685;287244;
9603092;287233;
9603499;287262;
9603905;287252;
9604312;287240;
9604719;287262;
9605126;287287;
9605532;287285;
9605939;287281;
9606346;287275;
9606753;287272;
9607159;287284;
9607566;287261;
9607973;287239;
9608380;287280;
9608786;287276;
9609193;287250;
9609600;287278;
9610007;287273;
9610413;287244;
9610820;287250;
9611227;287262;
9611633;287303;
9612040;287281;
9612447;287278;
9612854;287290;
9613260;287226;
9613667;287256;
9614074;287287;
9614481;287283;
9614887;287221;
9615294;287229;
9615701;287282;
9616108;287218;
9616514;287280;
9616921;287234;
9630343;285242;
9630750;285278;
9631157;285261;
9631564;285301;
9631970;285272;
9632377;285340;
9632784;285225;
9633191;285349;
9633597;285310;
9634004;285335;
9634411;285367;
9634818;285390;
9635224;285297;
9635631;285300;
9636038;285306;
9636445;285349;
9636851;285378;
9637258;285367;
9637665;285361;
9638072;285345;
9638478;285351;
9638885;285388;
9639292;285352;
9639698;285415;
9640105;285362;
9640512;285384;
9640919;285412;
9641325;285380;
9641732;285366;
9642139;285387;
9642546;285393;
9642952;285439;
9643359;285412;
9643766;285405;
9644172;285412;
9644579;285409;
9644986;285444;
9645393;285390;
9645799;285425;
9646206;285443;
9646613;285431;
9647020;285441;
9647426;285427;
9647833;285434;
9648240;285485;
9648646;285432;
9649053;285429;
9649460;285448;
9649867;285463;
9650273;285415;
9650680;285466;
9651087;285428;
9651493;285433;
9651900;285443;
9652307;285465;
9652714;285478;
9653120;285459;
9653527;285434;
9653934;285460;
9654340;285408;
9654747;285485;
9655154;285459;
9655561;285478;
9655967;285426;
9656374;285481;
9656781;285482;
9657187;285494;
9657594;285450;
9658001;285444;
9658408;285491;
9658814;285450;
9659221;285471;
9659628;285505;
9660034;285471;
9660441;285466;
9660848;285473;
9661255;285515;
9661661;285450;
9662068;285471;
9662475;285485;
9662882;285483;
9663288;285526;
9663695;285499;
9664102;285508;
9664509;285491;
9664915;285476;
9665322;285500;
9665729;285430;
9666135;285497;
9666542;285491;
9666949;285479;
9667356;285536;
9667762;285478;
9668169;285513;
9668576;285471;
9668983;285523;
9669389;285517;
9669796;285520;
9670203;285500;
9670610;285502;
9671016;285517;
9671423;285522;
9671830;285541;
9672236;285487;
9672643;285468;
9673050;285495;
9673457;285474;
9673863;285512;
9674270;285509;
9674677;285528;
9675084;285518;
9675490;285486;
9675897;285520;
9676304;285458;
9676711;285553;
9677117;285526;
9677524;285503;
9677931;285553;
9678338;285517;
9678744;285528;
9679151;285486;
9679558;285491;
9679965;285522;
9680371;285548;
9680778;285511;
9681185;285485;
9681592;285504;
9681998;285512;
9682405;285493;
9682812;285507;
9683219;285572;
9683625;285516;
9684032;285512;
9684439;285556;
9684846;285485;
9685252;285525;
9685659;285577;
9686066;285510;
9686473;285547;
9686879;285534;
9687286;285514;
9687693;285516;
9688100;285522;
9688506;285516;
9688913;285520;
9689320;285502;
9689726;285543;
9690133;285525;
9703962;283674;
9704368;283633;
9704775;283665;
9705182;283717;
9705589;283736;
9705995;283786;
9706402;283722;
9706809;283743;
9707216;283762;
9707622;283704;
9708029;283723;
9708436;283715;
9708842;283789;
9709249;283751;
9709656;283769;
9710063;283788;
9710469;283716;
9710876;283804;
9711283;283807;
9711690;283830;
9712096;283784;
9712503;283801;
9712910;283783;
9713316;283819;
9713723;283779;
9714130;283792;
9714537;283813;
9714943;283807;
9715350;283843;
9715757;283841;
9716164;283790;
9716570;283929;
9716977;283914;
9717384;283927;
9717791;283967;
9718197;283898;
9718604;283941;
9719011;283954;
9719417;283899;
9719824;283912;
9720231;283892;
9720638;283927;
9721044;283897;
9721451;283923;
9721858;283921;
9722265;283902;
9722671;283884;
9723078;283821;
9723485;283911;
9723891;283905;
9724298;283843;
9724705;283880;
9725112;283827;
9725518;283881;
9725925;283896;
9726332;283871;
9726739;283887;
9727145;283855;
9727552;283869;
9727959;283911;
9728366;283850;
9728772;283927;
9729179;283910;
9729586;283835;
9729993;283910;
9730399;283944;
9730806;283872;
9731213;283899;
9731620;283874;
9732026;283887;
9732433;283884;
9732840;283877;
9733246;283900;
9733653;283833;
9734060;283896;
9734467;283941;
9734873;283882;
9735280;283896;
9735687;283900;
9736093;283871;
9736500;283881;
9736907;283902;
9737314;283966;
9737720;283878;
9738127;283874;
9738534;283917;
9738941;283927;
9739347;283912;
9739754;283879;
9740161;283935;
9740567;283892;
9740974;283962;
9741381;283908;
9741788;283891;
9742194;283881;
9742601;283908;
9743008;283945;
9743415;283928;
9743821;283981;
9744228;283965;
9744635;283923;
9745042;283898;
9745448;283896;
9745855;283928;
9746262;283923;
9746669;283921;
9747075;283993;
9747482;283914;
9747889;283888;
9748296;283944;
9748702;283954;
9749109;283957;
9749516;283930;
9749923;283948;
9750329;283883;
9750736;283937;
9751143;283916;
9751549;283917;
9751956;283930;
9752363;283933;
9752770;283986;
9753176;283960;
9753583;283975;
9753990;283953;
9754397;283960;
9754803;283966;
9755210;283946;
9755617;283967;
9756023;283937;
9756430;283948;
9756837;283982;
9757244;283974;
9757650;283966;
9758057;284008;
9758464;283971;
9758870;283961;
9759277;283983;
9759684;283994;
9760091;283938;
9760497;283945;
9760904;283962;
9761311;283976;
9761717;283963;
9762124;283909;
9762531;283985;
9762938;283956;
9763344;283979;
9763751;283976;
9764158;283935;
9876007;302818;
9876413;302806;
9876820;302784;
9877227;302815;
9877633;302802;
9878040;302788;
9878447;302772;
9878854;302764;
9879260;302786;
9879667;302822;
9880074;302777;
9880480;302800;
9880887;302741;
9881294;302769;
9881701;302785;
9882107;302790;
9882514;302781;
9882921;302738;
9883328;302786;
9883734;302798;
9884141;302744;
9884548;302752;
9884954;302786;
9885361;302753;
9885768;302772;
9886174;302776;
9886581;302762;
9886988;302754;
9887395;302750;
9887801;302778;
9888208;302746;
9888615;302730;
9889021;302795;
9889428;302754;
9889835;302753;
9890241;302763;
9890648;302755;
9891055;302749;
9891462;302801;
9891868;302780;
9892275;302770;
9892682;302804;
9893088;302769;
9893495;302779;
9893902;302795;
9894308;302802;
9894715;302814;
9895122;302773;
9895528;302771;
9895935;302781;
9896342;302783;
9896749;302758;
9897155;302795;
9897562;302799;
9897969;302797;
9898375;302792;
9898782;302794;
9899189;302756;
9899596;302729;
9900002;302749;
9900409;302785;
9900816;302764;
9901222;302794;
9901629;302766;
9902036;302746;
9902443;302725;
9902849;302741;
9903256;302739;
9903663;302811;
9904069;302814;
9904476;302782;
9904883;302765;
9905290;302786;
9932133;300668;
9932539;300687;
9932946;300709;
9933353;300724;
9933760;300733;
9934166;300706;
9934573;300715;
9934980;300706;
9935387;300759;
9935793;300764;
9936200;300740;
9936607;300761;
9937013;300769;
9937420;300751;
9937827;300733;
9938234;300741;
9938640;300753;
9939047;300770;
9939454;300774;
9939860;300826;
9940267;300747;
9940674;300782;
9941081;300794;
9941487;300795;
9941894;300808;
9942301;300782;
9942707;300766;
9943114;300803;
9943521;300803;
9943927;300839;
9944334;300789;
9944741;300802;
9945147;300832;
9945554;300797;
9945961;300853;
9946368;300777;
9946774;300817;
9947181;300863;
9947588;300810;
9947994;300813;
9948401;300851;
9948808;300849;
9949215;300827;
9949621;300828;
9950028;300844;
9950435;300848;
9950841;300853;
9951248;300817;
9951655;300810;
9952062;300848;
9952468;300886;
9952875;300860;
9953282;300854;
9953689;300848;
9954095;300869;
9954502;300886;
9954909;300870;
9955316;300860;
9955722;300844;
9956129;300885;
9956536;300906;
9956943;300867;
9957349;300856;
9957756;300866;
9958163;300883;
9958570;300839;
9958976;300849;
9959383;300884;
9959790;300882;
9960196;300855;
9960603;300839;
9961010;300887;
9961417;300908;
9978499;298058;
9978906;298012;
9979313;298047;
9979719;298063;
9980126;298092;
9980533;298066;
9980940;298009;
9981346;298071;
9981753;298106;
9982160;298155;
9982567;298097;
9982973;298117;
9983380;298130;
9983787;298123;
9984193;298134;
9984600;298149;
9985007;298116;
9985414;298152;
9985820;298122;
9986227;298138;
9986634;298202;
9987040;298161;
9987447;298173;
9987854;298180;
9988261;298153;
9988667;298195;
9989074;298184;
9989481;298159;
9989887;298179;
9990294;298173;
9990701;298163;
9991107;298196;
9991514;298195;
9991921;298222;
9992328;298223;
9992734;298267;
9993141;298218;
9993548;298205;
9993954;298239;
9994361;298239;
9994768;298235;
9995175;298250;
9995581;298211;
9995988;298207;
9996395;298179;
9996801;298210;
9997208;298226;
9997615;298254;
9998022;298228;
9998428;298219;
9998835;298270;
9999242;298259;
9999648;298230;
10000055;298258;
10000462;298254;
10000869;298295;
10001275;298245;
10001682;298290;
10002089;298287;
10002495;298227;
10002902;298272;
10003309;298240;
10003716;298244;
10004122;298265;
10004529;298296;
10004936;298209;
10005342;298237;
10005749;298281;
10006156;298199;
10006563;298254;
10006969;298283;
10007376;298301;
10017950;296656;
10018357;296637;
10018764;296642;
10019171;296711;
10019577;296649;
10019984;296656;
10020391;296677;
10020797;296653;
10021204;296712;
10021611;296729;
10022017;296712;
10022424;296689;
10022831;296707;
10023238;296763;
10023644;296774;
10024051;296784;
10024458;296752;
10024864;296767;
10025271;296771;
10025678;296755;
10026084;296765;
10026491;296752;
10026898;296768;
10027305;296763;
10027711;296798;
10028118;296783;
10028525;296845;
10028931;296814;
10029338;296837;
10029745;296841;
10030152;296822;
10030558;296831;
10030965;296806;
10031372;296800;
10031778;296860;
10032185;296817;
10032592;296814;
10032999;296842;
10033405;296849;
10033812;296829;
10034219;296822;
10034625;296877;
10035032;296846;
10035439;296883;
10035845;296852;
10036252;296887;
10036659;296853;
10037066;296904;
10037472;296863;
10037879;296855;
10038286;296884;
10038692;296835;
10039099;296878;
10039506;296889;
10039912;296929;
10040319;296817;
10040726;296870;
10041133;296913;
10041539;296914;
10041946;296875;
10042353;296910;
10042759;296895;
10043166;296940;
10043573;296885;
10043979;296907;
10044386;296953;
10044793;296927;
10045200;296885;
10045606;296895;
10046013;296941;
10046420;296940;
10046826;296926;
10047233;296867;
10047640;296908;
10065534;295183;
10065941;295158;
10066348;295152;
10066754;295161;
10067161;295169;
10067568;295214;
10067974;295218;
10068381;295185;
10068788;295189;
10069194;295158;
10069601;295267;
10070008;295221;
10070414;295242;
10070821;295216;
10071228;295253;
10071634;295242;
10072041;295228;
10072448;295246;
10072854;295231;
10073261;295241;
10073668;295276;
10074074;295261;
10074481;295299;
10074888;295251;
10075295;295275;
10075701;295271;
10076108;295275;
10076515;295288;
10076921;295322;
10077328;295232;
10077735;295252;
10078141;295251;
10078548;295285;
10078955;295299;
10079361;295302;
10079768;295324;
10080175;295301;
10080582;295297;
10080988;295313;
10081395;295325;
10081802;295349;
10082208;295272;
10082615;295309;
10083022;295292;
10083428;295348;
10083835;295353;
10084242;295345;
10084649;295289;
10085055;295354;
10085462;295353;
10085869;295316;
10086275;295355;
10086682;295333;
10087089;295332;
10087496;295301;
10087902;295386;
10088309;295301;
10088716;295372;
10089122;295291;
10089529;295359;
10089936;295359;
10090342;295306;
10090749;295329;
10091156;295320;
10091563;295320;
10091969;295341;
10092376;295358;
10092783;295347;
10093189;295397;
10093596;295356;
10094003;295363;
10094410;295348;
10094816;295387;
10095223;295357;
10095630;295361;
10110271;293035;
10110678;292990;
10111085;292978;
10111491;293078;
10111898;293004;
10112305;293134;
10112711;293044;
10113118;293031;
10113525;293119;
10113932;293079;
10114338;293126;
10114745;293066;
10115152;293033;
10115558;293139;
10115965;293065;
10116372;293132;
10116779;293069;
10117185;293150;
10117592;293113;
10117999;293091;
10118405;293156;
10118812;293155;
10119219;293117;
10119625;293135;
10120032;293126;
10120439;293125;
10120846;293159;
10121252;293172;
10121659;293147;
10122066;293164;
10122472;293196;
10122879;293198;
10123286;293122;
10123692;293125;
10124099;293179;
10124506;293236;
10124912;293225;
10125319;293227;
10125726;293197;
10126133;293193;
10126539;293201;
10126946;293238;
10127353;293192;
10127759;293198;
10128166;293220;
10128573;293209;
10128980;293238;
10129386;293188;
10129793;293263;
10130200;293196;
10130606;293263;
10131013;293281;
10131420;293275;
10131827;293242;
10132233;293255;
10132640;293255;
10133047;293261;
10133453;293252;
10133860;293205;
10134267;293276;
10134674;293216;
10135080;293279;
10135487;293279;
10135894;293273;
10136300;293268;
10136707;293263;
10137114;293272;
10137521;293214;
10137927;293289;
10138334;293286;
10138741;293296;
10139147;293253;
10139554;293273;
10139961;293311;
10154195;290787;
10154602;290797;
10155009;290833;
10155416;290856;
10155822;290857;
10156229;290889;
10156636;290845;
10157042;290848;
10157449;290880;
10157856;290903;
10158262;290880;
10158669;290893;
10159076;290871;
10159483;290889;
10159889;290954;
10160296;290930;
10160703;290930;
10161109;290968;
10161516;290925;
10161923;290933;
10162329;290944;
10162736;290951;
10163143;290977;
10163549;291012;
10163956;290960;
10164363;290972;
10164770;290989;
10165176;290978;
10165583;290965;
10165990;290987;
10166396;290990;
10166803;291003;
10167210;291009;
10167616;291010;
10168023;290985;
10168430;291018;
10168836;291037;
10169243;291042;
10169650;290996;
10170057;291030;
10170463;291036;
10170870;291032;
10171277;291011;
10171683;291057;
10172090;291010;
10172497;291047;
10172903;291037;
10173310;291077;
10173717;291043;
10174124;291021;
10174530;291108;
10174937;291041;
10175344;291088;
10175750;291041;
10176157;291056;
10176564;291080;
10176971;291023;
10177377;291051;
10177784;291014;
10178191;291061;
10178597;291102;
10179004;291059;
10179411;291054;
10179818;291041;
10180224;291076;
10180631;291093;
10181038;291072;
10181445;291048;
10181851;291107;
10182258;291067;
10182665;291090;
10183071;291062;
10183478;291047;
10183885;291057;
10184292;291056;
10202187;288814;
10202593;288881;
10203000;288831;
10203407;288872;
10203814;288871;
10204220;288853;
10204627;288944;
10205034;288839;
10205441;288880;
10205847;288901;
10206254;288871;
10206661;288898;
10207067;288896;
10207474;288890;
10207881;288907;
10208287;288864;
10208694;288946;
10209101;288950;
10209508;288923;
10209914;288908;
10210321;288896;
10210728;288910;
10211134;288922;
10211541;288930;
10211948;288921;
10212354;288975;
10212761;288905;
10213168;288965;
10213575;288944;
10213981;288943;
10214388;288996;
10214795;288988;
10215201;288986;
10215608;288963;
10216015;288977;
10216421;288951;
10216828;288998;
10217235;288990;
10217642;288964;
10218048;288955;
10218455;289017;
10218862;288937;
10219268;289034;
10219675;288944;
10220082;289022;
10220488;289012;
10220895;288991;
10221302;288970;
10221709;288977;
10222115;289031;
10222522;288987;
10222929;289036;
10223335;289023;
10223742;288986;
10224149;289048;
10224556;288998;
10224962;289063;
10225369;289044;
10225776;289027;
10226182;288987;
10226589;289005;
10226996;289054;
10227403;289026;
10227809;289042;
10228216;288999;
10228623;289006;
10229029;289023;
10229436;289043;
10229843;289012;
10230250;289023;
10230656;289033;
10231063;289087;
10231470;289048;
10231876;289033;
10232283;289061;
10232690;289015;
10233097;289049;
10233503;289042;
10233910;289025;
10234317;289057;
10234723;289091;
10235130;289047;
10248958;286720;
10249365;286774;
10249771;286763;
10250178;286802;
10250585;286776;
10250992;286773;
10251398;286807;
10251805;286876;
10252212;286796;
10252618;286851;
10253025;286865;
10253432;286870;
10253839;286868;
10254245;286807;
10254652;286861;
10255059;286894;
10255465;286827;
10255872;286875;
10256279;286871;
10256685;286847;
10257092;286918;
10257499;286880;
10257906;286890;
10258312;286835;
10258719;286895;
10259126;286925;
10259532;286859;
10259939;286894;
10260346;286942;
10260753;286898;
10261159;286891;
10261566;286927;
10261973;286941;
10262379;286920;
10262786;286912;
10263193;286936;
10263600;286901;
10264006;286929;
10264413;286984;
10264820;286944;
10265226;286940;
10265633;286954;
10266040;286951;
10266446;286946;
10266853;286943;
10267260;286960;
10267667;286935;
10268073;286960;
10268480;286939;
10268887;286961;
10269293;286976;
10269700;286972;
10270107;286966;
10270514;286977;
10270920;287007;
10271327;287030;
10271734;286950;
10272140;286971;
10272547;286942;
10272954;286950;
10273361;286929;
10273767;287006;
10274174;286968;
10274581;286958;
10274987;287006;
10275394;286989;
10275801;286982;
10276208;286964;
10276614;286963;
10277021;286996;
10277428;287024;
10277834;286964;
10278241;286976;
10278648;286970;
10279054;287019;
10279461;286993;
10292069;285228;
10292476;285124;
10292883;285229;
10293289;285199;
10293696;285141;
10294103;285307;
10294510;285169;
10294916;285238;
10295323;285241;
10295730;285210;
10296136;285409;
10296543;285392;
10296950;285385;
10297356;285325;
10297763;285252;
10298170;285341;
10298577;285265;
10298983;285304;
10299390;285294;
10299797;285244;
10300203;285305;
10300610;285325;
10301017;285253;
10301424;285257;
10301830;285278;
10302237;285341;
10302644;285318;
10303051;285302;
10303457;285352;
10303864;285332;
10304271;285293;
10304677;285334;
10305084;285344;
10305491;285401;
10305898;285348;
10306304;285328;
10306711;285376;
10307118;285328;
10307524;285327;
10307931;285383;
10308338;285426;
10308744;285393;
10309151;285353;
10309558;285389;
10309965;285379;
10310371;285374;
10310778;285379;
10311185;285393;
10311592;285385;
10311998;285370;
10312405;285344;
10312812;285371;
10313218;285371;
10313625;285416;
10314032;285364;
10314439;285442;
10314845;285373;
10315252;285377;
10315659;285382;
10316065;285373;
10316472;285398;
10316879;285413;
10317286;285439;
10317692;285432;
10318099;285438;
10318506;285414;
10318912;285385;
10319319;285434;
10319726;285460;
10320132;285414;
10320539;285423;
10320946;285413;
10321352;285481;
10321759;285432;
10322166;285452;
10322573;285395;
10322979;285416;
10323386;285418;
10323793;285431;
10324199;285450;
10324606;285393;
10325013;285449;
10342094;283891;
10342501;284017;
10342908;284026;
10343314;283939;
10343721;284053;
10344128;284079;
10344534;283989;
10344941;284173;
10345348;283977;
10345754;284143;
10346161;283992;
10346568;284031;
10346975;284120;
10347381;284048;
10347788;284083;
10348195;284118;
10348601;284076;
10349008;284108;
10349415;284122;
10349822;284045;
10350228;284097;
10350635;284063;
10351042;284123;
10351448;284094;
10351855;284117;
10352262;284162;
10352669;284101;
10353075;284158;
10353482;284136;
10353889;284113;
10354295;284141;
10354702;284103;
10355109;284183;
10355515;284171;
10355922;284159;
10356329;284145;
10356736;284162;
10357142;284178;
10357549;284183;
10357956;284161;
10358362;284173;
10358769;284141;
10359176;284175;
10359582;284161;
10359989;284190;
10360396;284197;
10360802;284154;
10361209;284180;
10361616;284202;
10362022;284157;
10362429;284193;
10362836;284201;
10363243;284190;
10363649;284203;
10364056;284163;
10364463;284251;
10364869;284227;
10365276;284198;
10365682;284248;
10366089;284247;
10366496;284215;
10366902;284282;
10367309;284202;
10367716;284270;
10368123;284232;
10368529;284251;
10368936;284263;
10369343;284303;
10369749;284310;
10370156;284315;
10370563;284315;
10370969;284287;
10371376;284246;
10371783;284326;
10372190;284284;
10372596;284254;
10373003;284319;
10398625;302503;
10399032;302465;
10399438;302486;
10399845;302554;
10400252;302507;
10400659;302562;
10401065;302539;
10401472;302564;
10401879;302564;
10402285;302654;
10402692;302577;
10403099;302612;
10403506;302646;
10403912;302625;
10404319;302621;
10404726;302672;
10405132;302610;
10405539;302668;
10405946;302698;
10406352;302697;
10406759;302710;
10407166;302680;
10407573;302737;
10407979;302724;
10408386;302753;
10408793;302708;
10409199;302717;
10409606;302749;
10410013;302746;
10410420;302698;
10410826;302725;
10411233;302740;
10411640;302730;
10412046;302786;
10412453;302717;
10412860;302699;
10413267;302760;
10413673;302700;
10414080;302779;
10414487;302768;
10414893;302797;
10415300;302730;
10415707;302750;
10416114;302784;
10416520;302794;
10416927;302771;
10417334;302759;
10417740;302764;
10418147;302741;
10418554;302802;
10418960;302745;
10419367;302799;
10419774;302781;
10420181;302744;
10420587;302740;
10420994;302742;
10421401;302761;
10421808;302718;
10422214;302780;
10422621;302675;
10423028;302715;
10423434;302718;
10423841;302742;
10424248;302741;
10424654;302763;
10425061;302769;
10425468;302764;
10425875;302813;
10426281;302805;
10426688;302839;
10427095;302829;
10427502;302882;
10427908;302864;
10428315;302880;
10428722;302879;
10444177;300688;
10444584;300723;
10444990;300664;
10445397;300667;
10445804;300724;
10446211;300666;
10446617;300738;
10447024;300726;
10447431;300761;
10447837;300717;
10448244;300745;
10448651;300775;
10449058;300759;
10449464;300736;
10449871;300766;
10450278;300777;
10450684;300804;
10451091;300793;
10451498;300806;
10451904;300822;
10452311;300804;
10452718;300809;
10453124;300791;
10453531;300847;
10453938;300810;
10454345;300826;
10454751;300836;
10455158;300832;
10455565;300852;
10455971;300844;
10456378;300867;
10456785;300874;
10457191;300857;
10457598;300824;
10458005;300838;
10458412;300819;
10458818;300802;
10459225;300841;
10459632;300901;
10460038;300904;
10460445;300884;
10460852;300844;
10461258;300903;
10461665;300891;
10462072;300907;
10462479;300944;
10462885;300878;
10463292;300869;
10463699;300872;
10464105;300871;
10464512;300872;
10464919;300835;
10465326;300914;
10465732;300921;
10466139;300883;
10466546;300875;
10466953;300912;
10467359;300857;
10467766;300897;
10468173;300919;
10468579;300884;
10468986;300874;
10469393;300948;
10469799;300935;
10470206;300903;
10470613;300936;
10471019;300933;
10471426;300936;
10471833;300975;
10472239;300960;
10472646;300908;
10473053;300945;
10473459;300918;
10473866;300951;
10486474;299078;
10486881;299084;
10487287;299067;
10487694;299127;
10488101;299130;
10488507;299102;
10488914;299116;
10489321;299140;
10489727;299106;
10490134;299149;
10490541;299157;
10490947;299182;
10491354;299178;
10491761;299163;
10492168;299196;
10492574;299151;
10492981;299181;
10493388;299208;
10493794;299137;
10494201;299207;
10494608;299215;
10495014;299184;
10495421;299238;
10495828;299257;
10496234;299241;
10496641;299254;
10497048;299238;
10497454;299254;
10497861;299253;
10498268;299235;
10498675;299241;
10499081;299213;
10499488;299246;
10499895;299268;
10500301;299285;
10500708;299294;
10501115;299224;
10501521;299211;
10501928;299246;
10502335;299265;
10502742;299263;
10503148;299217;
10503555;299243;
10503962;299293;
10504368;299260;
10504775;299304;
10505182;299292;
10505588;299253;
10505995;299285;
10506402;299299;
10506809;299279;
10507215;299263;
10507622;299279;
10508029;299320;
10508435;299315;
10508842;299336;
10509249;299319;
10509656;299309;
10510062;299285;
10510469;299358;
10510876;299308;
10511282;299334;
10511689;299313;
10512096;299313;
10512502;299329;
10512909;299339;
10513316;299298;
10513723;299340;
10514129;299315;
10514536;299323;
10514943;299347;
10515349;299347;
10515756;299332;
10516163;299295;
10528770;297059;
10529176;297175;
10529583;297166;
10529990;297150;
10530396;297157;
10530803;297149;
10531210;297164;
10531616;297191;
10532023;297147;
10532430;297194;
10532836;297199;
10533243;297266;
10533650;297168;
10534056;297201;
10534463;297233;
10534870;297219;
10535276;297218;
10535683;297194;
10536090;297214;
10536497;297247;
10536903;297248;
10537310;297271;
10537717;297249;
10538123;297229;
10538530;297266;
10538937;297300;
10539343;297273;
10539750;297242;
10540157;297302;
10540563;297281;
10540970;297299;
10541377;297323;
10541783;297272;
10542190;297301;
10542597;297294;
10543003;297307;
10543410;297264;
10543817;297324;
10544223;297283;
10544630;297299;
10545037;297315;
10545443;297266;
10545850;297305;
10546257;297323;
10546663;297297;
10547070;297284;
10547477;297322;
10547883;297323;
10548290;297325;
10548697;297330;
10549104;297336;
10549510;297340;
10549917;297347;
10550324;297345;
10550730;297327;
10551137;297324;
10551544;297310;
10551950;297363;
10552357;297301;
10552764;297361;
10553170;297365;
10553577;297348;
10553984;297344;
10554390;297373;
10554797;297370;
10555204;297372;
10555610;297392;
10556017;297343;
10556424;297367;
10556830;297342;
10557237;297373;
10557644;297342;
10558050;297363;
10558457;297382;
10558864;297363;
10559270;297368;
10559677;297418;
10577978;294807;
10578385;294749;
10578792;294865;
10579198;294810;
10579605;294841;
10580012;294854;
10580418;294800;
10580825;294830;
10581232;294883;
10581638;294835;
10582045;294838;
10582452;294866;
10582859;294836;
10583265;294891;
10583672;294907;
10584079;294882;
10584485;294876;
10584892;294915;
10585299;294871;
10585706;294910;
10586112;294891;
10586519;294935;
10586926;294883;
10587332;294889;
10587739;294936;
10588146;294924;
10588553;294938;
10588959;294911;
10589366;294912;
10589773;294943;
10590179;294941;
10590586;294921;
10590993;294916;
10591399;294940;
10591806;294961;
10592213;294905;
10592619;294967;
10593026;294928;
10593433;294956;
10593840;294980;
10594246;294991;
10594653;294955;
10595060;294940;
10595466;294990;
10595873;294980;
10596280;294988;
10596686;295014;
10597093;294960;
10597500;294967;
10597906;294939;
10598313;294953;
10598720;294958;
10599126;294991;
10599533;294950;
10599940;294997;
10600346;295024;
10600753;294949;
10601160;295007;
10601566;294966;
10601973;295036;
10602380;295001;
10602786;294974;
10603193;294986;
10603600;294977;
10604006;294959;
10604413;294997;
10604820;294977;
10605227;294981;
10605633;294970;
10606040;294966;
10606447;294968;
10606853;295001;
10607260;295001;
10607667;294989;
10608073;295001;
10621494;292650;
10621901;292782;
10622307;292689;
10622714;292735;
10623121;292749;
10623528;292739;
10623934;292793;
10624341;292747;
10624748;292782;
10625154;292812;
10625561;292808;
10625968;292810;
10626374;292745;
10626781;292765;
10627188;292815;
10627594;292808;
10628001;292823;
10628408;292795;
10628814;292850;
10629221;292855;
10629628;292864;
10630034;292835;
10630441;292853;
10630848;292827;
10631254;292824;
10631661;292858;
10632068;292863;
10632474;292888;
10632881;292855;
10633288;292921;
10633694;292884;
10634101;292884;
10634508;292866;
10634914;292892;
10635321;292945;
10635728;292940;
10636134;292871;
10636541;292931;
10636948;292905;
10637354;292945;
10637761;292878;
10638168;292939;
10638574;292895;
10638981;292893;
10639388;292890;
10639794;292920;
10640201;292889;
10640608;292879;
10641014;292914;
10641421;292894;
10641828;292907;
10642234;292892;
10642641;292911;
10643048;292939;
10643454;292947;
10643861;292957;
10644268;292916;
10644675;292920;
10645081;292990;
10645488;292948;
10645895;292922;
10646301;292954;
10646708;292986;
10647115;292935;
10647521;292994;
10647928;292949;
10648335;292930;
10648741;292953;
10649148;292937;
10649555;292968;
10649961;292974;
10650368;292952;
10650775;292936;
10651182;293000;
10651588;292943;
10667856;291044;
10668263;290858;
10668669;290971;
10669076;290976;
10669483;290968;
10669889;291020;
10670296;290921;
10670703;291022;
10671109;291005;
10671516;290966;
10671923;291046;
10672329;291003;
10672736;291063;
10673143;290988;
10673550;291003;
10673956;291044;
10674363;291016;
10674770;291054;
10675176;291080;
10675583;291029;
10675990;291065;
10676396;291091;
10676803;291093;
10677210;291072;
10677617;291080;
10678023;291041;
10678430;291087;
10678837;291111;
10679243;291085;
10679650;291041;
10680057;291113;
10680463;291093;
10680870;291073;
10681277;291097;
10681683;291129;
10682090;291138;
10682497;291119;
10682903;291139;
10683310;291143;
10683717;291094;
10684123;291121;
10684530;291120;
10684937;291124;
10685343;291166;
10685750;291153;
10686157;291141;
10686563;291132;
10686970;291151;
10687377;291177;
10687783;291161;
10688190;291155;
10688597;291108;
10689003;291139;
10689410;291173;
10689817;291145;
10690223;291178;
10690630;291181;
10691037;291155;
10691443;291148;
10691850;291130;
10692257;291174;
10692663;291144;
10693070;291157;
10693477;291127;
10693883;291140;
10694290;291175;
10694697;291137;
10695103;291167;
10695510;291182;
10695917;291168;
10696323;291198;
10696730;291156;
10697137;291163;
10697543;291158;
10697950;291171;
10715843;289166;
10716250;289117;
10716657;289139;
10717063;289197;
10717470;289240;
10717877;289208;
10718283;289254;
10718690;289229;
10719097;289163;
10719503;289239;
10719910;289216;
10720317;289214;
10720723;289198;
10721130;289248;
10721536;289176;
10721943;289241;
10722350;289208;
10722756;289256;
10723163;289248;
10723570;289258;
10723976;289197;
10724383;289233;
10724790;289227;
10725196;289206;
10725603;289232;
10726010;289252;
10726416;289282;
10726823;289211;
10727230;289311;
10727636;289247;
10728043;289233;
10728450;289283;
10728856;289255;
10729263;289284;
10729670;289287;
10730076;289235;
10730483;289291;
10730890;289278;
10731296;289282;
10731703;289296;
10732110;289286;
10732516;289288;
10732923;289283;
10733330;289253;
10733736;289238;
10734143;289267;
10734550;289260;
10734956;289308;
10735363;289294;
10735770;289299;
10736176;289276;
10736583;289241;
10736990;289245;
10737396;289305;
10737803;289295;
10738210;289246;
10738616;289254;
10739023;289284;
10739430;289263;
10739836;289239;
10740243;289327;
10740650;289235;
10741056;289303;
10741463;289322;
10741870;289316;
10742276;289284;
10742683;289369;
10743090;289286;
10743496;289339;
10743903;289333;
10744310;289315;
10744716;289319;
10745123;289289;
10745530;289342;
10745936;289346;
10746343;289342;
10760983;287525;
10761390;287581;
10761797;287538;
10762203;287600;
10762610;287551;
10763017;287557;
10763424;287646;
10763830;287578;
10764237;287543;
10764644;287570;
10765050;287553;
10765457;287621;
10765864;287594;
10766270;287633;
10766677;287605;
10767084;287619;
10767490;287637;
10767897;287644;
10768304;287559;
10768710;287642;
10769117;287608;
10769524;287603;
10769930;287600;
10770337;287637;
10770744;287613;
10771151;287655;
10771557;287617;
10771964;287662;
10772371;287661;
10772777;287638;
10773184;287619;
10773591;287658;
10773997;287667;
10774404;287650;
10774811;287655;
10775217;287652;
10775624;287675;
10776031;287667;
10776437;287671;
10776844;287690;
10777251;287668;
10777657;287709;
10778064;287656;
10778471;287671;
10778877;287708;
10779284;287692;
10779691;287707;
10780097;287711;
10780504;287717;
10780911;287708;
10781318;287696;
10781724;287709;
10782131;287723;
10782538;287691;
10782944;287705;
10783351;287715;
10783758;287687;
10784164;287684;
10784571;287716;
10784978;287712;
10785384;287721;
10785791;287716;
10786198;287730;
10786605;287747;
10787011;287699;
10787418;287720;
10787825;287679;
10788231;287765;
10788638;287714;
10789045;287674;
10789451;287730;
10789858;287731;
10790265;287779;
10790671;287748;
10791078;287773;
10801246;285709;
10801652;285735;
10802059;285748;
10802466;285764;
10802872;285717;
10803279;285742;
10803686;285766;
10804092;285734;
10804499;285819;
10804906;285716;
10805312;285805;
10805719;285770;
10806126;285793;
10806532;285781;
10806939;285819;
10807346;285773;
10807753;285833;
10808159;285805;
10808566;285796;
10808973;285814;
10809379;285800;
10809786;285850;
10810193;285790;
10810599;285768;
10811006;285838;
10811413;285812;
10811819;285833;
10812226;285788;
10812633;285854;
10813040;285843;
10813446;285820;
10813853;285839;
10814260;285804;
10814666;285857;
10815073;285847;
10815480;285815;
10815886;285868;
10816293;285875;
10816700;285843;
10817107;285840;
10817513;285840;
10817920;285901;
10818327;285810;
10818733;285850;
10819140;285848;
10819547;285880;
10819953;285885;
10820360;285906;
10820767;285880;
10821173;285867;
10821580;285825;
10821987;285865;
10822394;285884;
10822800;285829;
10823207;285838;
10823614;285878;
10824020;285883;
10824427;285935;
10824834;285859;
10825241;285900;
10825647;285890;
10826054;285873;
10826461;285843;
10826867;285826;
10827274;285895;
10827681;285868;
10828087;285906;
10828494;285883;
10828901;285893;
10829308;285930;
10829714;285841;
10830121;285896;
10830528;285888;
10830934;285904;
10831341;285885;
10831748;285870;
10848829;284405;
10849236;284374;
10849642;284388;
10850049;284465;
10850456;284371;
10850862;284447;
10851269;284418;
10851676;284439;
10852082;284425;
10852489;284433;
10852896;284387;
10853303;284500;
10853709;284436;
10854116;284443;
10854523;284447;
10854929;284454;
10855336;284476;
10855743;284478;
10856149;284468;
10856556;284453;
10856963;284532;
10857370;284525;
10857776;284521;
10858183;284534;
10858590;284538;
10858996;284563;
10859403;284562;
10859810;284543;
10860216;284594;
10860623;284562;
10861030;284556;
10861436;284583;
10861843;284511;
10862250;284523;
10862656;284524;
10863063;284514;
10863470;284528;
10863877;284551;
10864283;284547;
10864690;284544;
10865097;284500;
10865503;284504;
10865910;284554;
10866317;284575;
10866723;284564;
10867130;284572;
10867537;284530;
10867944;284564;
10868350;284542;
10868757;284531;
10869164;284550;
10869570;284553;
10869977;284543;
10870384;284563;
10870790;284581;
10871197;284583;
10871604;284547;
10872010;284551;
10872417;284536;
10872824;284561;
10873231;284566;
10873637;284574;
10874044;284587;
10874451;284573;
10874857;284550;
10875264;284554;
10875671;284544;
10876077;284601;
10876484;284548;
10876891;284568;
10877298;284563;
10877704;284542;
10878111;284572;
10878518;284533;
10878924;284566;
10879331;284572;
