8857180;372654;
8857586;372629;
8857993;372657;
8858400;372678;
8858806;372665;
8859213;372689;
8859620;372647;
8860027;372689;
8860433;372718;
8860840;372686;
8861247;372667;
8861653;372705;
8862060;372688;
8862467;372743;
8862873;372680;
8863280;372676;
8863687;372662;
8864094;372696;
8864500;372669;
8864907;372706;
8865314;372729;
8865720;372633;
8866127;372681;
8866534;372692;
8866940;372703;
8867347;372730;
8867754;372685;
8868161;372655;
8868567;372671;
8868974;372709;
8869381;372689;
8869787;372717;
8870194;372718;
8870601;372721;
8871007;372715;
8871414;372716;
8871821;372709;
8872227;372676;
8872634;372640;
8873041;372707;
8873447;372688;
8873854;372698;
8874261;372682;
8874667;372712;
8875074;372729;
8875481;372688;
8875887;372701;
8876294;372710;
8876701;372680;
8877107;372687;
8877514;372647;
8877921;372677;
8878327;372687;
8878734;372672;
8879141;372686;
8879548;372713;
8879954;372657;
8880361;372666;
8880768;372677;
8881174;372675;
8881581;372695;
8881988;372669;
8882394;372689;
8882801;372676;
8883208;372653;
8883614;372707;
8884021;372704;
8884428;372667;
8884835;372700;
8885241;372666;
8885648;372696;
8886055;372674;
8886461;372725;
8886868;372650;
8887275;372657;
8887682;372714;
8888088;372708;
8888495;372701;
8888902;372636;
8889308;372661;
8889715;372634;
8890122;372692;
8890528;372688;
8890935;372673;
8891342;372656;
8891749;372654;
8892155;372663;
8892562;372657;
8892969;372680;
8893375;372695;
8893782;372641;
8894189;372699;
8894595;372672;
8895002;372671;
8895409;372656;
8895815;372618;
8896222;372689;
8896629;372650;
8897036;372634;
8897442;372647;
8897849;372660;
8898256;372705;
8898662;372631;
8899069;372711;
8899476;372705;
8899882;372694;
8900289;372717;
8900696;372717;
8901102;372664;
8901509;372696;
8901916;372683;
8902322;372736;
8902729;372719;
8903136;372738;
8903542;372735;
8903949;372713;
8904356;372699;
8904763;372658;
8905169;372698;
8905576;372682;
8905983;372691;
8906389;372661;
8906796;372715;
8907203;372681;
8907609;372687;
8908016;372696;
8908423;372727;
8908829;372757;
8909236;372728;
8909643;372692;
8910050;372670;
8910456;372709;
8910863;372721;
8911270;372726;
8911676;372690;
8912083;372716;
8912490;372704;
8912896;372743;
8913303;372713;
8913710;372720;
8914116;372720;
8914523;372730;
8914930;372774;
8915336;372706;
8915743;372775;
8916150;372690;
8916557;372726;
8916963;372711;
8942585;370221;
8942992;370243;
8943399;370174;
8943805;370250;
8944212;370457;
8944619;370513;
8945025;370453;
8945432;370426;
8945839;370475;
8946245;370466;
8946652;370426;
8947059;370402;
8947465;370485;
8947872;370476;
8948279;370497;
8948686;370524;
8949092;370547;
8949499;370560;
8949906;370559;
8950312;370523;
8950719;370539;
8951126;370565;
8951532;370564;
8951939;370561;
8952346;370607;
8952753;370594;
8953159;370617;
8953566;370596;
8953973;370593;
8954379;370591;
8954786;370584;
8955193;370583;
8955600;370639;
8956006;370647;
8956413;370665;
8956820;370637;
8957226;370648;
8957633;370623;
8958040;370645;
8958446;370661;
8958853;370673;
8959260;370669;
8959667;370647;
8960073;370690;
8960480;370720;
8960887;370750;
8961293;370746;
8961700;370708;
8962107;370713;
8962513;370737;
8962920;370731;
8963327;370772;
8963734;370759;
8964140;370741;
8964547;370725;
8964954;370705;
8965360;370751;
8965767;370728;
8966174;370716;
8966580;370764;
8966987;370763;
8967394;370745;
8967801;370791;
8968207;370740;
8968614;370782;
8969021;370806;
8969427;370769;
8969834;370833;
8970241;370797;
8970647;370806;
8971054;370805;
8971461;370785;
8971867;370819;
8972274;370795;
8972681;370770;
8973088;370780;
8973494;370838;
8973901;370800;
8974308;370816;
8974714;370817;
8975121;370839;
8975528;370800;
8975935;370833;
8976341;370788;
8976748;370832;
8977155;370842;
8977561;370867;
8977968;370839;
8978375;370805;
8978781;370844;
8979188;370810;
8979595;370897;
8980002;370884;
8980408;370866;
8980815;370826;
8981222;370830;
8981628;370866;
8982035;370851;
8982442;370843;
8982848;370886;
8983255;370867;
8983662;370895;
8984069;370869;
8984475;370874;
8984882;370894;
8985289;370884;
8985695;370859;
8986102;370852;
8986509;370907;
8986915;370892;
8987322;370883;
8987729;370869;
8988136;370878;
8988542;370901;
8988949;370898;
8989356;370899;
8989762;370902;
8990169;370894;
8990576;370911;
8990982;370893;
8991389;370909;
8991796;370948;
8992203;370915;
8992609;370988;
8993016;370900;
8993423;370909;
8993829;370892;
8994236;370917;
8994643;370943;
8995050;370872;
8995456;370978;
8995863;370871;
8996270;370933;
8996676;370969;
8997083;370986;
8997490;370949;
8997896;370935;
8998303;370965;
8998710;370920;
8999117;370912;
8999523;371022;
8999930;370952;
9000337;370956;
9000743;370986;
9001150;370985;
9001557;370946;
9001964;370988;
9002370;370928;
9027180;371272;
9027587;371274;
9027994;371305;
9028400;371286;
9028807;371383;
9029214;371285;
9029620;371307;
9030027;371381;
9030434;371248;
9030840;371357;
9031247;371386;
9031654;371346;
9032061;371388;
9032467;371324;
9032874;371332;
9033281;371376;
9033687;371319;
9034094;371368;
9034501;371352;
9034907;371365;
9035314;371406;
9035721;371313;
9036128;371368;
9036534;371322;
9036941;371385;
9037348;371402;
9037754;371356;
9038161;371416;
9038568;371390;
9038975;371422;
9039381;371421;
9039788;371425;
9040195;371455;
9040601;371407;
9041008;371479;
9041415;371406;
9041822;371402;
9042228;371436;
9042635;371458;
9043042;371449;
9043448;371425;
9043855;371470;
9044262;371479;
9044669;371462;
9045075;371443;
9045482;371491;
9045889;371443;
9046295;371500;
9046702;371431;
9047109;371449;
9047515;371455;
9047922;371494;
9048329;371464;
9048735;371496;
9049142;371444;
9049549;371498;
9049955;371465;
9050362;371499;
9050769;371514;
9051176;371523;
9051582;371471;
9051989;371503;
9052396;371491;
9052802;371509;
9053209;371495;
9053616;371477;
9054022;371519;
9054429;371506;
9054836;371507;
9055243;371521;
9055649;371544;
9056056;371499;
9056463;371585;
9056869;371531;
9057276;371539;
9057683;371497;
9058089;371534;
9058496;371537;
9058903;371480;
9059309;371563;
9059716;371519;
9060123;371496;
9060530;371536;
9060936;371475;
9061343;371562;
9061750;371576;
9062156;371559;
9062563;371539;
9062970;371520;
9063376;371590;
9063783;371538;
9064190;371524;
9064596;371545;
9065003;371518;
9065410;371546;
9065816;371590;
9066223;371554;
9066630;371567;
9067037;371541;
9067443;371532;
9067850;371550;
9068257;371541;
9068663;371565;
9069070;371539;
9069477;371566;
9069883;371521;
9070290;371557;
9070697;371577;
9071104;371606;
9071510;371530;
9071917;371556;
9072324;371544;
9072730;371560;
9073137;371569;
9073544;371574;
9073951;371558;
9074357;371540;
9074764;371562;
9075171;371564;
9075577;371593;
9075984;371543;
9076391;371556;
9076798;371596;
9077204;371532;
9077611;371553;
9078018;371599;
9078424;371571;
9078831;371564;
9079238;371575;
9079645;371600;
9080051;371603;
9080458;371602;
9080865;371630;
9081271;371532;
9081678;371622;
9082085;371574;
9082491;371554;
9082898;371572;
9083305;371584;
9083711;371645;
9084118;371579;
9084525;371646;
9084932;371615;
9085338;371565;
9085745;371580;
9086152;371582;
9086558;371649;
9086965;371673;
9121534;372162;
9121941;372217;
9122348;372197;
9122755;372208;
9123161;372166;
9123568;372219;
9123975;372148;
9124381;372223;
9124788;372169;
9125195;372184;
9125602;372178;
9126008;372211;
9126415;372197;
9126822;372193;
9127228;372197;
9127635;372173;
9128042;372176;
9128448;372202;
9128855;372209;
9129262;372218;
9129668;372199;
9130075;372187;
9130482;372232;
9130888;372206;
9131295;372216;
9131702;372217;
9132109;372231;
9132515;372286;
9132922;372263;
9133329;372212;
9133735;372195;
9134142;372251;
9134549;372255;
9134955;372251;
9135362;372257;
9135769;372247;
9136175;372275;
9136582;372246;
9136989;372247;
9137396;372285;
9137802;372267;
9138209;372229;
9138616;372263;
9139022;372269;
9139429;372256;
9139836;372305;
9140242;372249;
9140649;372234;
9141056;372279;
9141462;372257;
9141869;372250;
9142276;372312;
9142683;372292;
9143089;372261;
9143496;372269;
9143903;372307;
9144309;372313;
9144716;372264;
9145123;372297;
9145529;372257;
9145936;372314;
9146343;372286;
9146749;372289;
9147156;372299;
9147563;372224;
9147970;372297;
9148376;372321;
9148783;372311;
9149190;372210;
9149596;372310;
9150003;372313;
9150410;372272;
9150817;372256;
9151223;372301;
9151630;372319;
9152037;372271;
9152443;372288;
9152850;372344;
9153257;372233;
9153663;372332;
9154070;372312;
9154477;372304;
9154884;372322;
9155290;372361;
9155697;372341;
9156104;372266;
9156510;372339;
9156917;372291;
9157324;372292;
9157730;372365;
9158137;372326;
9158544;372359;
9158951;372341;
9159357;372356;
9159764;372302;
9160171;372371;
9160578;372347;
9160984;372314;
9161391;372387;
9161798;372343;
9162204;372340;
9162611;372312;
9163018;372354;
9163424;372362;
9163831;372296;
9164238;372396;
9164645;372341;
9165051;372340;
9165458;372356;
9165865;372334;
9166271;372353;
9166678;372358;
9167085;372310;
9167492;372374;
9167898;372353;
9168305;372347;
9168712;372337;
9169118;372354;
9169525;372377;
9169932;372354;
9170339;372387;
9170745;372324;
9171152;372368;
9171559;372377;
9171965;372357;
9172372;372364;
9172779;372411;
9173185;372344;
9173592;372390;
9173999;372369;
9174406;372372;
9174812;372349;
9175219;372357;
9175626;372355;
9176032;372335;
9176439;372344;
9176846;372357;
9177253;372398;
9177659;372382;
9178066;372352;
9178473;372383;
9178879;372363;
9179286;372363;
9179693;372404;
9180099;372369;
9180506;372393;
9193521;371480;
9193928;371408;
9194334;371474;
9194741;371442;
9195148;371459;
9195555;371544;
9195961;371502;
9196368;371540;
9196775;371535;
9197181;371545;
9197588;371638;
9197995;371524;
9198402;371599;
9198808;371624;
9199215;371611;
9199622;371467;
9200028;371678;
9200435;371646;
9200842;371605;
9201249;371624;
9201655;371639;
9202062;371606;
9202469;371701;
9202875;371672;
9203282;371731;
9203689;371687;
9204095;371667;
9204502;371670;
9204909;371711;
9205316;371725;
9205722;371691;
9206129;371724;
9206536;371705;
9206942;371748;
9207349;371708;
9207756;371745;
9208163;371741;
9208569;371698;
9208976;371716;
9209383;371768;
9209790;371737;
9210196;371776;
9210603;371756;
9211010;371773;
9211416;371791;
9211823;371794;
9212230;371768;
9212637;371753;
9213043;371802;
9213450;371776;
9213857;371783;
9214263;371771;
9214670;371750;
9215077;371821;
9215484;371761;
9215890;371765;
9216297;371781;
9216704;371817;
9217110;371782;
9217517;371781;
9217924;371789;
9218331;371827;
9218737;371835;
9219144;371860;
9219551;371856;
9219958;371830;
9220364;371780;
9220771;371807;
9221178;371814;
9221584;371838;
9221991;371825;
9222398;371785;
9222805;371839;
9223211;371843;
9223618;371859;
9224025;371833;
9224431;371826;
9224838;371886;
9225245;371819;
9225652;371826;
9226058;371814;
9226465;371850;
9226872;371803;
9227278;371868;
9227685;371872;
9228092;371838;
9228499;371888;
9228905;371868;
9229312;371857;
9229719;371830;
9230126;371825;
9230532;371861;
9230939;371880;
9231346;371841;
9231752;371860;
9232159;371852;
9232566;371855;
9232973;371840;
9233379;371898;
9233786;371868;
9234193;371859;
9234600;371907;
9235006;371874;
9235413;371889;
9235820;371867;
9236226;371883;
9236633;371929;
9237040;371902;
9237446;371887;
9237853;371899;
9238260;371871;
9238667;371901;
9239073;371899;
9239480;371927;
9239887;371902;
9240293;371945;
9240700;371895;
9241107;371921;
9241513;371940;
9241920;371954;
9242327;371926;
9242734;371894;
9243140;371931;
9243547;371905;
9243954;371935;
9244360;371922;
9244767;371957;
9245174;371938;
9245581;371956;
9245987;371983;
9246394;371943;
9246801;371942;
9247207;371964;
9247614;371935;
9248021;371978;
9248428;371901;
9248834;371950;
9249241;371961;
9249648;371923;
9250054;371951;
9250461;371889;
9250868;371969;
9251275;371919;
9251681;371986;
9252088;371963;
9252495;371925;
9252901;371986;
9253308;371950;
9265103;371896;
9265509;371862;
9265916;371923;
9266323;371945;
9266730;371833;
9267136;372012;
9267543;371926;
9267950;371973;
9268357;372045;
9268763;371997;
9269170;372002;
9269577;372028;
9269983;371999;
9270390;372070;
9270797;371972;
9271204;372061;
9271610;372046;
9272017;372073;
9272424;372077;
9272830;372047;
9273237;372035;
9273644;372041;
9274051;372048;
9274457;372053;
9274864;372100;
9275271;372095;
9275677;372134;
9276084;372125;
9276491;372151;
9276898;372148;
9277304;372182;
9277711;372115;
9278118;372163;
9278524;372188;
9278931;372166;
9279338;372150;
9279745;372197;
9280151;372209;
9280558;372152;
9280965;372253;
9281371;372174;
9281778;372192;
9282185;372226;
9282592;372203;
9282998;372236;
9283405;372201;
9283812;372216;
9284218;372229;
9284625;372169;
9285032;372220;
9285438;372178;
9285845;372222;
9286252;372231;
9286658;372202;
9287065;372265;
9287472;372236;
9287878;372217;
9288285;372194;
9288692;372255;
9289099;372232;
9289505;372227;
9289912;372250;
9290319;372219;
9290725;372258;
9291132;372217;
9291539;372307;
9291945;372300;
9292352;372293;
9292759;372281;
9293166;372257;
9293572;372235;
9293979;372243;
9294386;372260;
9294792;372264;
9295199;372276;
9295606;372244;
9296013;372270;
9296419;372236;
9296826;372313;
9297233;372282;
9297639;372244;
9298046;372306;
9298453;372322;
9298860;372319;
9299266;372310;
9299673;372302;
9300080;372245;
9300486;372358;
9300893;372332;
9301300;372329;
9301707;372292;
9302113;372352;
9302520;372351;
9302927;372338;
9303333;372365;
9303740;372315;
9304147;372267;
9304554;372328;
9304960;372369;
9305367;372316;
9305774;372309;
9306181;372350;
9306587;372356;
9306994;372317;
9307401;372352;
9307807;372362;
9308214;372335;
9308621;372393;
9309028;372339;
9309434;372352;
9309841;372389;
9310248;372354;
9310655;372335;
9311061;372370;
9311468;372338;
9311875;372374;
9312281;372408;
9312688;372344;
9313095;372380;
9313502;372380;
9313908;372393;
9314315;372390;
9314722;372331;
9315129;372435;
9315535;372372;
9315942;372374;
9316349;372357;
9316755;372351;
9317162;372338;
9317569;372376;
9317975;372340;
9318382;372384;
9318789;372421;
9319196;372378;
9319602;372364;
9320009;372429;
9320416;372353;
9320822;372364;
9321229;372391;
9321636;372397;
9322043;372368;
9322449;372381;
9322856;372439;
9323263;372418;
9323670;372406;
9334650;371950;
9335057;372036;
9335464;371942;
9335871;372028;
9336277;371975;
9336684;372068;
9337091;372029;
9337497;372065;
9337904;372052;
9338311;372097;
9338718;372046;
9339124;372053;
9339531;372062;
9339938;372100;
9340344;372100;
9340751;372125;
9341158;372135;
9341564;372124;
9341971;372087;
9342378;372139;
9342785;372123;
9343191;372174;
9343598;372176;
9344005;372125;
9344412;372147;
9344818;372148;
9345225;372192;
9345632;372159;
9346038;372256;
9346445;372217;
9346852;372166;
9347259;372145;
9347665;372167;
9348072;372228;
9348479;372190;
9348885;372255;
9349292;372227;
9349699;372222;
9350106;372276;
9350512;372194;
9350919;372219;
9351326;372223;
9351732;372241;
9352139;372266;
9352546;372234;
9352953;372261;
9353359;372272;
9353766;372280;
9354173;372271;
9354579;372251;
9354986;372295;
9355393;372262;
9355800;372277;
9356206;372280;
9356613;372276;
9357020;372294;
9357426;372257;
9357833;372287;
9358240;372266;
9358647;372331;
9359053;372288;
9359460;372243;
9359867;372307;
9360273;372277;
9360680;372309;
9361087;372299;
9361494;372284;
9361900;372305;
9362307;372335;
9362714;372287;
9363121;372323;
9363527;372332;
9363934;372300;
9364341;372326;
9364747;372299;
9365154;372312;
9365561;372350;
9365968;372302;
9366374;372308;
9366781;372324;
9367188;372313;
9367594;372309;
9368001;372320;
9368408;372316;
9368815;372331;
9369221;372315;
9369628;372310;
9370035;372292;
9370442;372295;
9370848;372340;
9371255;372340;
9371662;372331;
9372068;372332;
9372475;372363;
9372882;372338;
9373289;372362;
9373695;372358;
9374102;372356;
9374509;372383;
9374915;372355;
9375322;372338;
9375729;372353;
9376135;372361;
9376542;372354;
9376949;372366;
9377355;372351;
9377762;372425;
9378169;372371;
9378576;372404;
9378982;372386;
9379389;372384;
9379796;372358;
9380202;372356;
9380609;372416;
9381016;372390;
9381423;372424;
9381829;372382;
9382236;372386;
9382643;372376;
9383049;372447;
9383456;372407;
9383863;372419;
9384269;372396;
9384676;372360;
9385083;372401;
9385490;372402;
9385896;372407;
9386303;372413;
9386710;372410;
9387116;372425;
9387523;372456;
9387930;372393;
9388336;372449;
9388743;372437;
9389150;372420;
9389557;372391;
9389963;372419;
9390370;372399;
9390777;372399;
9391183;372431;
9391590;372391;
9391997;372446;
9392404;372430;
9392810;372427;
9393217;372447;
9393624;372422;
9394030;372421;
9407452;372267;
9407859;372349;
9408265;372314;
9408672;372362;
9409079;372359;
9409486;372396;
9409892;372420;
9410299;372441;
9410706;372436;
9411113;372363;
9411519;372366;
9411926;372456;
9412333;372501;
9412740;372401;
9413146;372436;
9413553;372394;
9413960;372475;
9414366;372436;
9414773;372446;
9415180;372486;
9415587;372438;
9415993;372502;
9416400;372505;
9416807;372560;
9417214;372490;
9417620;372556;
9418027;372532;
9418434;372510;
9418840;372554;
9419247;372550;
9419654;372573;
9420061;372553;
9420467;372556;
9420874;372542;
9421281;372557;
9421688;372556;
9422094;372599;
9422501;372540;
9422908;372572;
9423315;372583;
9423721;372604;
9424128;372615;
9424535;372553;
9424941;372615;
9425348;372572;
9425755;372642;
9426162;372636;
9426568;372566;
9426975;372670;
9427382;372578;
9427789;372618;
9428195;372591;
9428602;372619;
9429009;372596;
9429416;372671;
9429822;372636;
9430229;372622;
9430636;372623;
9431042;372573;
9431449;372629;
9431856;372599;
9432263;372588;
9432669;372676;
9433076;372638;
9433483;372664;
9433890;372653;
9434296;372636;
9434703;372639;
9435110;372633;
9435517;372659;
9435923;372664;
9436330;372643;
9436737;372654;
9437144;372648;
9437550;372658;
9437957;372657;
9438364;372660;
9438770;372657;
9439177;372602;
9439584;372679;
9439991;372628;
9440397;372702;
9440804;372645;
9441211;372672;
9441618;372723;
9442024;372706;
9442431;372735;
9442838;372655;
9443244;372668;
9443651;372696;
9444058;372659;
9444465;372701;
9444871;372689;
9445278;372667;
9445685;372706;
9446091;372710;
9446498;372701;
9446905;372680;
9447312;372712;
9447718;372693;
9448125;372733;
9448532;372660;
9448939;372696;
9449345;372724;
9449752;372656;
9450159;372670;
9450566;372715;
9450972;372659;
9451379;372664;
9451786;372677;
9452192;372725;
9452599;372702;
9453006;372712;
9453413;372721;
9453819;372748;
9454226;372728;
9454633;372713;
9455040;372706;
9455446;372723;
9455853;372709;
9456260;372702;
9456666;372689;
9457073;372743;
9457480;372693;
9457887;372767;
9458293;372731;
9458700;372780;
9459107;372740;
9459514;372729;
9459920;372736;
9460327;372718;
9460734;372717;
9461141;372698;
9461547;372766;
9461954;372706;
9462361;372719;
9462767;372719;
9463174;372720;
9463581;372715;
9463988;372758;
9464394;372729;
9464801;372774;
9465208;372796;
9465615;372731;
9466021;372820;
9466428;372741;
9466835;372750;
9467241;372752;
9479850;372629;
9480257;372603;
9480663;372715;
9481070;372673;
9481477;372679;
9481884;372664;
9482290;372722;
9482697;372718;
9483104;372687;
9483510;372753;
9483917;372754;
9484324;372707;
9484731;372763;
9485137;372775;
9485544;372794;
9485951;372778;
9486357;372785;
9486764;372763;
9487171;372821;
9487578;372796;
9487984;372787;
9488391;372786;
9488798;372847;
9489204;372783;
9489611;372812;
9490018;372826;
9490425;372810;
9490831;372836;
9491238;372868;
9491645;372857;
9492052;372872;
9492458;372876;
9492865;372868;
9493272;372847;
9493678;372904;
9494085;372911;
9494492;372881;
9494899;372934;
9495305;372899;
9495712;372910;
9496119;372879;
9496526;372887;
9496932;372908;
9497339;372872;
9497746;372937;
9498153;372866;
9498559;372928;
9498966;372988;
9499373;372927;
9499779;372971;
9500186;372911;
9500593;372918;
9501000;372959;
9501406;372933;
9501813;372944;
9502220;372945;
9502627;372967;
9503033;372965;
9503440;372954;
9503847;373003;
9504253;372968;
9504660;372965;
9505067;372994;
9505474;372969;
9505880;372985;
9506287;372958;
9506694;372936;
9507101;372948;
9507507;373023;
9507914;372967;
9508321;372971;
9508728;373057;
9509134;372978;
9509541;373002;
9509948;372988;
9510355;372999;
9510761;373024;
9511168;373004;
9511575;373040;
9511982;372959;
9512388;373050;
9512795;372997;
9513202;373031;
9513608;372974;
9514015;373045;
9514422;373038;
9514829;372967;
9515235;373008;
9515642;373051;
9516049;372977;
9516456;372993;
9516862;373035;
9517269;373070;
9517676;373005;
9518082;373034;
9518489;373030;
9518896;373006;
9519303;373044;
9519709;372993;
9520116;373033;
9520523;373049;
9520930;372981;
9521336;373009;
9521743;373032;
9522150;373043;
9522557;373037;
9522963;373027;
9523370;373064;
9523777;373016;
9524183;373040;
9524590;373009;
9524997;373038;
9525404;373012;
9525810;373042;
9526217;373043;
9526624;373046;
9527031;373050;
9527437;373063;
9527844;373042;
9528251;373050;
9528658;373040;
9529064;373037;
9529471;373036;
9529878;373090;
9530284;373095;
9530691;373069;
9531098;373091;
9531505;373053;
9531911;373063;
9532318;373066;
9532725;373076;
9533131;373042;
9533538;373040;
9533945;373095;
9534352;373040;
9534758;373113;
9535165;373135;
9535572;373087;
9535979;373054;
9536385;373083;
9536792;373097;
9537199;373091;
9537606;373080;
9538012;373059;
9538419;373099;
9538826;373048;
9539233;373040;
9556722;372552;
9557129;372584;
9557536;372609;
9557942;372651;
9558349;372591;
9558756;372674;
9559163;372673;
9559569;372686;
9559976;372716;
9560383;372734;
9560790;372735;
9561196;372751;
9561603;372729;
9562010;372745;
9562417;372759;
9562823;372777;
9563230;372797;
9563637;372771;
9564044;372793;
9564450;372772;
9564857;372801;
9565264;372818;
9565671;372829;
9566078;372842;
9566484;372765;
9566891;372825;
9567298;372863;
9567705;372821;
9568111;372828;
9568518;372865;
9568925;372817;
9569332;372880;
9569739;372884;
9570145;372918;
9570552;372887;
9570959;372846;
9571366;372879;
9571772;372866;
9572179;372906;
9572586;372908;
9572993;372857;
9573399;372894;
9573806;372939;
9574213;372890;
9574620;372940;
9575026;372911;
9575433;372918;
9575840;372913;
9576247;372927;
9576653;372926;
9577060;372897;
9577467;372932;
9577874;372968;
9578281;372887;
9578687;372909;
9579094;372872;
9579501;372934;
9579908;372932;
9580314;372931;
9580721;372975;
9581128;372913;
9581535;372962;
9581941;372932;
9582348;373016;
9582755;372984;
9583162;372924;
9583568;372957;
9583975;372965;
9584382;372978;
9584789;372949;
9585195;372986;
9585602;372985;
9586009;372951;
9586415;372994;
9586822;372978;
9587229;372993;
9587636;372963;
9588042;372987;
9588449;373018;
9588856;372973;
9589263;372988;
9589669;372991;
9590076;372973;
9590483;373006;
9590889;373019;
9591296;372947;
9591703;372987;
9592110;373020;
9592516;372997;
9592923;372974;
9593330;373015;
9593737;372990;
9594143;373054;
9594550;372960;
9594957;372987;
9595364;373063;
9595770;372996;
9596177;373015;
9596584;373052;
9596990;373045;
9597397;373018;
9597804;373003;
9598211;373040;
9598617;372986;
9599024;373023;
9599431;372987;
9599838;373038;
9600244;373061;
9600651;372958;
9601058;373052;
9601465;373026;
9601871;372998;
9602278;373085;
9602685;373048;
9603091;373020;
9603498;372941;
9603905;373016;
9604312;373003;
9604718;373045;
9605125;373053;
9605532;373053;
9605939;373088;
9606345;373048;
9606752;373082;
9607159;373017;
9607566;373047;
9607972;373041;
9608379;373006;
9608786;373023;
9609193;373025;
9609599;373097;
9610006;373076;
9610413;373067;
9610820;373081;
9611226;373057;
9611633;373066;
9612040;373009;
9612446;373021;
9612853;373075;
9613260;373048;
9613667;373054;
9614073;373109;
9614480;373057;
9614887;373143;
9615294;373028;
9615700;373074;
9616107;373090;
9616514;373053;
9616921;373059;
9630343;372849;
9630750;372849;
9631157;372838;
9631563;372964;
9631970;372826;
9632377;372924;
9632783;372841;
9633190;372952;
9633597;372905;
9634004;372927;
9634410;372986;
9634817;372964;
9635224;372946;
9635631;372955;
9636037;373031;
9636444;372986;
9636851;373038;
9637258;372989;
9637664;373029;
9638071;373014;
9638478;373003;
9638885;373040;
9639291;373016;
9639698;373082;
9640105;373062;
9640511;373053;
9640918;373062;
9641325;373035;
9641732;373032;
9642138;373024;
9642545;373031;
9642952;373118;
9643359;373045;
9643765;373082;
9644172;373051;
9644579;373116;
9644985;373080;
9645392;373101;
9645799;373105;
9646206;373091;
9646612;373121;
9647019;373120;
9647426;373076;
9647832;373079;
9648239;373100;
9648646;373120;
9649053;373103;
9649459;373140;
9649866;373096;
9650273;373163;
9650680;373123;
9651086;373111;
9651493;373135;
9651900;373168;
9652306;373135;
9652713;373189;
9653120;373144;
9653527;373125;
9653933;373174;
9654340;373172;
9654747;373138;
9655153;373209;
9655560;373175;
9655967;373181;
9656373;373184;
9656780;373185;
9657187;373152;
9657594;373170;
9658000;373199;
9658407;373194;
9658814;373194;
9659221;373166;
9659627;373157;
9660034;373166;
9660441;373182;
9660847;373254;
9661254;373230;
9661661;373210;
9662068;373235;
9662474;373163;
9662881;373200;
9663288;373217;
9663695;373179;
9664101;373212;
9664508;373192;
9664915;373212;
9665322;373200;
9665728;373176;
9666135;373222;
9666542;373209;
9666948;373190;
9667355;373228;
9667762;373227;
9668169;373226;
9668575;373199;
9668982;373222;
9669389;373204;
9669796;373189;
9670202;373219;
9670609;373181;
9671016;373279;
9671423;373186;
9671829;373220;
9672236;373224;
9672643;373195;
9673050;373280;
9673456;373225;
9673863;373310;
9674270;373225;
9674676;373225;
9675083;373216;
9675490;373248;
9675897;373200;
9676303;373251;
9676710;373230;
9677117;373225;
9677524;373234;
9677930;373236;
9678337;373220;
9678744;373244;
9679151;373215;
9679557;373236;
9679964;373229;
9680371;373241;
9680778;373268;
9681184;373187;
9681591;373240;
9681998;373312;
9682405;373236;
9682811;373265;
9683218;373250;
9683625;373263;
9684032;373235;
9684438;373262;
9684845;373275;
9685252;373238;
9685659;373251;
9686065;373240;
9686472;373263;
9686879;373261;
9687286;373271;
9687692;373277;
9688099;373197;
9688506;373290;
9688913;373260;
9689319;373286;
9689726;373288;
9690133;373244;
9703961;372770;
9704368;372733;
9704775;372799;
9705181;372760;
9705588;372799;
9705995;372895;
9706402;372791;
9706808;372910;
9707215;372914;
9707622;372854;
9708028;372905;
9708435;372799;
9708842;372925;
9709249;372842;
9709655;372891;
9710062;372921;
9710469;372934;
9710876;372959;
9711282;373018;
9711689;373061;
9712096;373100;
9712502;373101;
9712909;373128;
9713316;373070;
9713723;373059;
9714129;373026;
9714536;373036;
9714943;372953;
9715350;372989;
9715756;373013;
9716163;373011;
9716570;372975;
9716977;373028;
9717383;373007;
9717790;373059;
9718197;373016;
9718604;373004;
9719010;373017;
9719417;373058;
9719824;373029;
9720230;373047;
9720637;373101;
9721044;373060;
9721451;373081;
9721857;373070;
9722264;373059;
9722671;373066;
9723078;373047;
9723484;373078;
9723891;373016;
9724298;373056;
9724704;373108;
9725111;373036;
9725518;373063;
9725925;373031;
9726331;373071;
9726738;373068;
9727145;373053;
9727552;373066;
9727958;373097;
9728365;373071;
9728772;373123;
9729179;373098;
9729585;373078;
9729992;373069;
9730399;373110;
9730806;373096;
9731212;373107;
9731619;373150;
9732026;373160;
9732432;373177;
9732839;373065;
9733246;373128;
9733653;373120;
9734059;373154;
9734466;373141;
9734873;373143;
9735280;373123;
9735686;373102;
9736093;373153;
9736500;373130;
9736906;373156;
9737313;373096;
9737720;373094;
9738127;373157;
9738533;373175;
9738940;373166;
9739347;373151;
9739754;373114;
9740160;373169;
9740567;373111;
9740974;373153;
9741380;373192;
9741787;373174;
9742194;373124;
9742601;373148;
9743008;373182;
9743414;373096;
9743821;373157;
9744228;373142;
9744634;373206;
9745041;373226;
9745448;373194;
9745855;373179;
9746261;373175;
9746668;373172;
9747075;373153;
9747482;373191;
9747888;373181;
9748295;373201;
9748702;373164;
9749109;373185;
9749515;373215;
9749922;373185;
9750329;373177;
9750735;373173;
9751142;373186;
9751549;373174;
9751956;373208;
9752362;373181;
9752769;373183;
9753176;373189;
9753583;373232;
9753989;373190;
9754396;373185;
9754803;373203;
9755209;373193;
9755616;373210;
9756023;373182;
9756430;373209;
9756836;373220;
9757243;373223;
9757650;373267;
9758057;373238;
9758463;373264;
9758870;373204;
9759277;373227;
9759683;373174;
9760090;373146;
9760497;373261;
9760904;373226;
9761310;373244;
9761717;373211;
9762124;373177;
9762530;373211;
9762937;373237;
9763344;373283;
9763751;373209;
9764157;373202;
9876006;371154;
9876413;371137;
9876820;371183;
9877226;371091;
9877633;371153;
9878040;371163;
9878446;371171;
9878853;371184;
9879260;371148;
9879667;371149;
9880073;371144;
9880480;371135;
9880887;371151;
9881293;371119;
9881700;371204;
9882107;371130;
9882514;371174;
9882920;371199;
9883327;371198;
9883734;371164;
9884140;371198;
9884547;371131;
9884954;371165;
9885361;371168;
9885767;371191;
9886174;371152;
9886581;371151;
9886987;371188;
9887394;371155;
9887801;371166;
9888207;371201;
9888614;371159;
9889021;371192;
9889428;371165;
9889834;371158;
9890241;371194;
9890648;371188;
9891054;371173;
9891461;371190;
9891868;371185;
9892274;371173;
9892681;371247;
9893088;371210;
9893495;371193;
9893901;371136;
9894308;371226;
9894715;371234;
9895121;371192;
9895528;371227;
9895935;371197;
9896341;371204;
9896748;371207;
9897155;371180;
9897562;371185;
9897968;371224;
9898375;371160;
9898782;371171;
9899188;371131;
9899595;371182;
9900002;371179;
9900408;371164;
9900815;371210;
9901222;371152;
9901629;371186;
9902035;371218;
9902442;371220;
9902849;371180;
9903255;371182;
9903662;371185;
9904069;371208;
9904476;371226;
9904882;371233;
9905289;371209;
9932132;371326;
9932539;371375;
9932946;371329;
9933352;371369;
9933759;371422;
9934166;371359;
9934573;371383;
9934979;371427;
9935386;371423;
9935793;371420;
9936199;371343;
9936606;371439;
9937013;371427;
9937420;371449;
9937826;371482;
9938233;371463;
9938640;371433;
9939047;371416;
9939453;371431;
9939860;371444;
9940267;371491;
9940673;371500;
9941080;371501;
9941487;371488;
9941893;371466;
9942300;371487;
9942707;371464;
9943114;371512;
9943520;371465;
9943927;371506;
9944334;371487;
9944740;371464;
9945147;371528;
9945554;371536;
9945960;371512;
9946367;371535;
9946774;371534;
9947181;371578;
9947587;371550;
9947994;371556;
9948401;371509;
9948807;371582;
9949214;371607;
9949621;371611;
9950028;371582;
9950434;371623;
9950841;371555;
9951248;371606;
9951654;371556;
9952061;371642;
9952468;371564;
9952875;371613;
9953281;371569;
9953688;371592;
9954095;371595;
9954502;371604;
9954908;371614;
9955315;371591;
9955722;371582;
9956129;371627;
9956535;371615;
9956942;371590;
9957349;371628;
9957756;371612;
9958162;371614;
9958569;371686;
9958976;371639;
9959383;371620;
9959789;371661;
9960196;371576;
9960603;371644;
9961009;371612;
9961416;371602;
9978499;371327;
9978905;371328;
9979312;371398;
9979719;371342;
9980126;371392;
9980532;371430;
9980939;371379;
9981346;371428;
9981753;371357;
9982159;371474;
9982566;371433;
9982973;371432;
9983380;371459;
9983786;371444;
9984193;371488;
9984600;371514;
9985006;371443;
9985413;371543;
9985820;371477;
9986227;371521;
9986633;371490;
9987040;371510;
9987447;371484;
9987853;371513;
9988260;371504;
9988667;371570;
9989073;371518;
9989480;371522;
9989887;371539;
9990294;371516;
9990700;371578;
9991107;371615;
9991514;371558;
9991920;371613;
9992327;371550;
9992734;371616;
9993140;371586;
9993547;371576;
9993954;371598;
9994361;371595;
9994767;371589;
9995174;371642;
9995581;371590;
9995988;371628;
9996394;371607;
9996801;371645;
9997208;371599;
9997614;371618;
9998021;371636;
9998428;371662;
9998834;371668;
9999241;371653;
9999648;371698;
10000055;371678;
10000461;371656;
10000868;371631;
10001275;371615;
10001682;371663;
10002088;371702;
10002495;371661;
10002902;371691;
10003308;371665;
10003715;371711;
10004122;371641;
10004529;371700;
10004935;371683;
10005342;371711;
10005749;371712;
10006155;371665;
10006562;371734;
10006969;371723;
10007376;371741;
10018357;371517;
10018763;371517;
10019170;371533;
10019577;371525;
10019983;371542;
10020390;371570;
10020797;371647;
10021204;371588;
10021610;371617;
10022017;371676;
10022424;371617;
10022830;371703;
10023237;371704;
10023644;371648;
10024050;371701;
10024457;371697;
10024864;371680;
10025271;371740;
10025677;371730;
10026084;371689;
10026491;371725;
10026897;371745;
10027304;371763;
10027711;371747;
10028118;371797;
10028524;371807;
10028931;371789;
10029338;371824;
10029744;371799;
10030151;371775;
10030558;371809;
10030965;371841;
10031371;371775;
10031778;371818;
10032185;371829;
10032591;371821;
10032998;371826;
10033405;371860;
10033811;371830;
10034218;371885;
10034625;371833;
10035032;371845;
10035438;371887;
10035845;371938;
10036252;371850;
10036658;371897;
10037065;371875;
10037472;371878;
10037878;371881;
10038285;371907;
10038692;371887;
10039099;371895;
10039505;371918;
10039912;371926;
10040319;371905;
10040725;371923;
10041132;371912;
10041539;371915;
10041945;371869;
10042352;371928;
10042759;371893;
10043166;371923;
10043572;371902;
10043979;371932;
10044386;371892;
10044792;371934;
10045199;371964;
10045606;371930;
10046012;371916;
10046419;371886;
10046826;371979;
10047233;371968;
10047639;371959;
10048046;371988;
10065534;372096;
10065940;372077;
10066347;372128;
10066754;372115;
10067160;372108;
10067567;372163;
10067974;372118;
10068380;372147;
10068787;372211;
10069194;372148;
10069600;372208;
10070007;372143;
10070414;372229;
10070821;372241;
10071227;372231;
10071634;372205;
10072041;372181;
10072447;372210;
10072854;372259;
10073261;372168;
10073667;372308;
10074074;372230;
10074481;372283;
10074887;372272;
10075294;372245;
10075701;372242;
10076107;372304;
10076514;372293;
10076921;372281;
10077327;372301;
10077734;372287;
10078141;372307;
10078548;372277;
10078954;372340;
10079361;372342;
10079768;372319;
10080174;372324;
10080581;372366;
10080988;372368;
10081394;372395;
10081801;372356;
10082208;372384;
10082615;372310;
10083021;372359;
10083428;372338;
10083835;372319;
10084241;372413;
10084648;372329;
10085055;372314;
10085462;372377;
10085868;372322;
10086275;372301;
10086682;372322;
10087088;372303;
10087495;372312;
10087902;372341;
10088308;372287;
10088715;372286;
10089122;372327;
10089529;372321;
10089935;372345;
10090342;372303;
10090749;372339;
10091155;372286;
10091562;372337;
10091969;372341;
10092376;372268;
10092782;372308;
10093189;372366;
10093596;372357;
10094002;372332;
10094409;372356;
10094816;372355;
10095223;372348;
10095629;372398;
10110677;372001;
10111084;372024;
10111491;372165;
10111898;372036;
10112304;372201;
10112711;372139;
10113118;372147;
10113524;372238;
10113931;372084;
10114338;372231;
10114745;372176;
10115151;372250;
10115558;372301;
10115965;372200;
10116371;372285;
10116778;372291;
10117185;372223;
10117591;372245;
10117998;372238;
10118405;372321;
10118812;372280;
10119218;372312;
10119625;372345;
10120032;372312;
10120438;372324;
10120845;372380;
10121252;372392;
10121658;372370;
10122065;372396;
10122472;372384;
10122879;372421;
10123285;372351;
10123692;372394;
10124099;372432;
10124505;372439;
10124912;372395;
10125319;372390;
10125725;372392;
10126132;372442;
10126539;372419;
10126946;372428;
10127352;372437;
10127759;372462;
10128166;372409;
10128572;372450;
10128979;372453;
10129386;372456;
10129793;372459;
10130199;372476;
10130606;372475;
10131013;372463;
10131419;372437;
10131826;372526;
10132233;372487;
10132640;372520;
10133046;372567;
10133453;372499;
10133860;372557;
10134266;372548;
10134673;372571;
10135080;372534;
10135487;372575;
10135893;372516;
10136300;372583;
10136707;372501;
10137113;372545;
10137520;372546;
10137927;372545;
10138334;372487;
10138740;372554;
10139147;372509;
10139554;372576;
10139960;372537;
10140367;372550;
10154195;371728;
10154602;371740;
10155008;371803;
10155415;371836;
10155822;371897;
10156228;371851;
10156635;371892;
10157042;371826;
10157449;371896;
10157855;371892;
10158262;371903;
10158669;371953;
10159075;371888;
10159482;371902;
10159889;372000;
10160295;371978;
10160702;371968;
10161109;371933;
10161515;371987;
10161922;372012;
10162329;372003;
10162736;372024;
10163142;371993;
10163549;371988;
10163956;372015;
10164362;371990;
10164769;371995;
10165176;372043;
10165583;372046;
10165989;372059;
10166396;372086;
10166803;372081;
10167209;372068;
10167616;372056;
10168023;372121;
10168429;372077;
10168836;372130;
10169243;372081;
10169649;372068;
10170056;372127;
10170463;372111;
10170869;372095;
10171276;372139;
10171683;372088;
10172090;372073;
10172496;372116;
10172903;372154;
10173310;372152;
10173716;372151;
10174123;372155;
10174530;372157;
10174937;372127;
10175343;372156;
10175750;372144;
10176157;372159;
10176563;372190;
10176970;372143;
10177377;372201;
10177784;372194;
10178190;372179;
10178597;372179;
10179004;372187;
10179410;372199;
10179817;372191;
10180224;372210;
10180631;372188;
10181037;372187;
10181444;372175;
10181851;372225;
10182257;372193;
10182664;372271;
10183071;372241;
10183478;372188;
10183884;372216;
10184291;372186;
10202186;372090;
10202593;372199;
10203000;372105;
10203406;372159;
10203813;372285;
10204220;372204;
10204627;372299;
10205033;372187;
10205440;372247;
10205847;372237;
10206253;372257;
10206660;372316;
10207067;372263;
10207474;372290;
10207880;372310;
10208287;372258;
10208694;372311;
10209100;372307;
10209507;372326;
10209914;372381;
10210320;372331;
10210727;372384;
10211134;372381;
10211541;372376;
10211947;372396;
10212354;372363;
10212761;372369;
10213167;372411;
10213574;372349;
10213981;372397;
10214387;372411;
10214794;372319;
10215201;372416;
10215608;372421;
10216014;372428;
10216421;372449;
10216828;372395;
10217234;372450;
10217641;372391;
10218048;372443;
10218454;372407;
10218861;372447;
10219268;372450;
10219675;372432;
10220081;372450;
10220488;372525;
10220895;372448;
10221301;372527;
10221708;372462;
10222115;372552;
10222522;372485;
10222928;372533;
10223335;372476;
10223742;372490;
10224148;372517;
10224555;372493;
10224962;372517;
10225369;372513;
10225775;372516;
10226182;372521;
10226589;372509;
10226995;372543;
10227402;372480;
10227809;372534;
10228216;372526;
10228622;372482;
10229029;372534;
10229436;372567;
10229842;372506;
10230249;372564;
10230656;372531;
10231063;372536;
10231469;372541;
10231876;372525;
10232283;372587;
10232689;372597;
10233096;372540;
10233503;372581;
10233909;372570;
10234316;372511;
10234723;372586;
10235130;372574;
10248957;372011;
10249364;372043;
10249771;372060;
10250178;372015;
10250584;372141;
10250991;372103;
10251398;372130;
10251804;372153;
10252211;372117;
10252618;372196;
10253025;372227;
10253431;372166;
10253838;372180;
10254245;372245;
10254651;372152;
10255058;372259;
10255465;372190;
10255872;372259;
10256278;372268;
10256685;372223;
10257092;372283;
10257498;372244;
10257905;372269;
10258312;372281;
10258719;372326;
10259125;372328;
10259532;372295;
10259939;372309;
10260345;372401;
10260752;372439;
10261159;372441;
10261566;372540;
10261972;372514;
10262379;372505;
10262786;372514;
10263192;372524;
10263599;372568;
10264006;372550;
10264412;372569;
10264819;372582;
10265226;372445;
10265633;372502;
10266039;372447;
10266446;372371;
10266853;372389;
10267259;372402;
10267666;372365;
10268073;372386;
10268479;372322;
10268886;372450;
10269293;372391;
10269700;372375;
10270106;372371;
10270513;372390;
10270920;372371;
10271326;372399;
10271733;372454;
10272140;372410;
10272547;372499;
10272953;372438;
10273360;372405;
10273767;372439;
10274174;372459;
10274580;372444;
10274987;372446;
10275394;372449;
10275800;372465;
10276207;372429;
10276614;372474;
10277020;372461;
10277427;372413;
10277834;372479;
10278241;372462;
10278647;372457;
10279054;372466;
10279461;372473;
10292475;372173;
10292882;372328;
10293289;372346;
10293696;372214;
10294102;372454;
10294509;372295;
10294916;372393;
10295322;372425;
10295729;372361;
10296136;372479;
10296543;372392;
10296949;372421;
10297356;372494;
10297763;372358;
10298169;372545;
10298576;372351;
10298983;372511;
10299389;372507;
10299796;372459;
10300203;372492;
10300610;372522;
10301016;372511;
10301423;372549;
10301830;372511;
10302237;372545;
10302643;372544;
10303050;372510;
10303457;372567;
10303864;372557;
10304270;372518;
10304677;372566;
10305084;372542;
10305490;372585;
10305897;372541;
10306304;372549;
10306711;372646;
10307117;372562;
10307524;372606;
10307931;372575;
10308337;372660;
10308744;372655;
10309151;372570;
10309557;372592;
10309964;372602;
10310371;372604;
10310778;372669;
10311184;372656;
10311591;372634;
10311998;372623;
10312405;372665;
10312811;372603;
10313218;372663;
10313625;372681;
10314031;372659;
10314438;372642;
10314845;372691;
10315251;372674;
10315658;372674;
10316065;372645;
10316472;372758;
10316878;372681;
10317285;372727;
10317692;372675;
10318098;372713;
10318505;372687;
10318912;372699;
10319319;372700;
10319725;372677;
10320132;372747;
10320539;372734;
10320945;372682;
10321352;372728;
10321759;372714;
10322165;372780;
10322572;372731;
10322979;372748;
10323385;372734;
10323792;372722;
10324199;372750;
10324606;372761;
10325012;372722;
10325419;372786;
10342094;372706;
10342501;372873;
10342907;372926;
10343314;372779;
10343721;372987;
10344127;372887;
10344534;372847;
10344941;373056;
10345347;372827;
10345754;373012;
10346161;372912;
10346567;372961;
10346974;373020;
10347381;372922;
10347788;373046;
10348194;373003;
10348601;372970;
10349008;373194;
10349414;372990;
10349821;373059;
10350228;373081;
10350634;373084;
10351041;373101;
10351448;373113;
10351855;373109;
10352261;373111;
10352668;373046;
10353075;373053;
10353481;373064;
10353888;373084;
10354295;373121;
10354702;373100;
10355108;373092;
10355515;373139;
10355922;373111;
10356328;373144;
10356735;373108;
10357142;373113;
10357548;373144;
10357955;373130;
10358362;373167;
10358769;373116;
10359175;373175;
10359582;373176;
10359989;373168;
10360395;373189;
10360802;373211;
10361209;373223;
10361615;373207;
10362022;373278;
10362429;373229;
10362835;373224;
10363242;373297;
10363649;373298;
10364055;373247;
10364462;373261;
10364869;373268;
10365275;373248;
10365682;373259;
10366089;373221;
10366495;373246;
10366902;373255;
10367309;373244;
10367715;373288;
10368122;373271;
10368529;373279;
10368935;373244;
10369342;373253;
10369749;373309;
10370156;373255;
10370562;373269;
10370969;373234;
10371376;373300;
10371782;373291;
10372189;373302;
10372596;373275;
10373002;373301;
10398625;370301;
10399031;370358;
10399438;370316;
10399845;370372;
10400251;370325;
10400658;370404;
10401065;370419;
10401472;370442;
10401878;370395;
10402285;370423;
10402692;370492;
10403098;370427;
10403505;370473;
10403912;370491;
10404318;370516;
10404725;370507;
10405132;370443;
10405539;370539;
10405945;370582;
10406352;370510;
10406759;370552;
10407165;370555;
10407572;370610;
10407979;370634;
10408386;370624;
10408792;370643;
10409199;370606;
10409606;370595;
10410012;370622;
10410419;370654;
10410826;370658;
10411233;370598;
10411639;370690;
10412046;370647;
10412453;370663;
10412859;370708;
10413266;370698;
10413673;370676;
10413824;370699;
10414486;370713;
10414893;370657;
10415300;370610;
10415706;370682;
10416113;370712;
10416520;370702;
10416927;370707;
10417333;370728;
10417740;370645;
10418147;370689;
10418553;370681;
10418960;370678;
10419367;370669;
10419773;370673;
10420180;370733;
10420587;370827;
10420994;370865;
10421400;370923;
10421807;370957;
10422214;370942;
10422620;370913;
10423027;370998;
10423434;370967;
10423841;370973;
10424247;370960;
10424654;370975;
10425061;370960;
10425467;370979;
10425874;370957;
10426281;370957;
10426688;370888;
10427094;370928;
10427501;370898;
10427908;370892;
10428314;370856;
10428721;370892;
10444177;370881;
10444583;370902;
10444990;370924;
10445397;370883;
10445803;370969;
10446210;370935;
10446617;371028;
10447024;370973;
10447430;371032;
10447837;371041;
10448244;371039;
10448650;371108;
10449057;371037;
10449464;371068;
10449870;371087;
10450277;371049;
10450684;371118;
10451091;371104;
10451497;371104;
10451904;371118;
10452311;371072;
10452717;371177;
10453124;371160;
10453531;371188;
10453937;371190;
10454344;371181;
10454751;371194;
10455157;371188;
10455564;371239;
10455971;371200;
10456378;371197;
10456784;371245;
10457191;371192;
10457598;371209;
10458004;371224;
10458411;371218;
10458818;371245;
10459224;371219;
10459631;371259;
10460038;371265;
10460445;371275;
10460851;371279;
10461258;371268;
10461665;371286;
10462071;371303;
10462478;371216;
10462885;371212;
10463292;371270;
10463698;371320;
10464105;371314;
10464512;371255;
10464918;371334;
10465325;371297;
10465732;371275;
10466139;371336;
10466545;371334;
10466952;371312;
10467359;371315;
10467765;371346;
10468172;371317;
10468579;371339;
10468985;371368;
10469392;371376;
10469799;371346;
10470206;371310;
10470612;371319;
10471019;371325;
10471426;371375;
10471832;371352;
10472239;371370;
10472646;371384;
10473052;371408;
10473459;371372;
10473866;371356;
10486473;371492;
10486880;371586;
10487287;371538;
10487693;371594;
10488100;371616;
10488507;371567;
10488914;371663;
10489320;371647;
10489727;371608;
10490134;371702;
10490540;371632;
10490947;371651;
10491354;371677;
10491760;371710;
10492167;371774;
10492574;371744;
10492980;371756;
10493387;371755;
10493794;371719;
10494201;371796;
10494607;371813;
10495014;371774;
10495421;371785;
10495827;371811;
10496234;371773;
10496641;371787;
10497047;371837;
10497454;371755;
10497861;371792;
10498267;371863;
10498674;371829;
10499081;371859;
10499487;371850;
10499894;371887;
10500301;371897;
10500708;371829;
10501114;371880;
10501521;371882;
10501928;371908;
10502334;371945;
10502741;371950;
10503148;371913;
10503554;371923;
10503961;371908;
10504368;371885;
10504775;371913;
10505181;371914;
10505588;371897;
10505995;371907;
10506401;371904;
10506808;371914;
10507215;371979;
10507621;371949;
10508028;371949;
10508435;371908;
10508842;371973;
10509248;371958;
10509655;371982;
10510062;371963;
10510468;371907;
10510875;372000;
10511282;372000;
10511689;371945;
10512095;371988;
10512502;371943;
10512909;371947;
10513315;371943;
10513722;371982;
10514129;371983;
10514535;371987;
10514942;372023;
10515349;371950;
10515756;372006;
10516162;371992;
10528769;371771;
10529176;371859;
10529583;371882;
10529989;371845;
10530396;371935;
10530802;371908;
10531209;371862;
10531616;371928;
10532022;371907;
10532429;371942;
10532836;371945;
10533242;371978;
10533649;371942;
10534056;371971;
10534463;372030;
10534869;372008;
10535276;372039;
10535683;372035;
10536089;372052;
10536496;372051;
10536903;372050;
10537309;372050;
10537716;372054;
10538123;372097;
10538529;372055;
10538936;372107;
10539343;372071;
10539749;372134;
10540156;372111;
10540563;372126;
10540970;372103;
10541376;372111;
10541783;372117;
10542190;372075;
10542596;372123;
10543003;372119;
10543410;372091;
10543816;372145;
10544223;372087;
10544630;372120;
10545036;372102;
10545443;372160;
10545850;372166;
10546256;372138;
10546663;372191;
10547070;372168;
10547476;372152;
10547883;372188;
10548290;372152;
10548696;372181;
10549103;372175;
10549510;372198;
10549916;372172;
10550323;372181;
10550730;372189;
10551136;372205;
10551543;372203;
10551950;372229;
10552356;372181;
10552763;372163;
10553170;372151;
10553576;372185;
10553983;372170;
10554390;372291;
10554796;372186;
10555203;372211;
10555610;372297;
10556016;372216;
10556423;372269;
10556830;372229;
10557237;372231;
10557643;372230;
10558050;372237;
10558457;372287;
10558863;372273;
10559270;372282;
10559677;372230;
10577978;372002;
10578384;371897;
10578791;372003;
10579198;371987;
10579605;371959;
10580011;371995;
10580418;372001;
10580825;372037;
10581231;372048;
10581638;372033;
10582045;372023;
10582451;372057;
10582858;372045;
10583265;372053;
10583672;372130;
10584078;372111;
10584485;372084;
10584892;372120;
10585298;372126;
10585705;372135;
10586112;372101;
10586519;372112;
10586925;372098;
10587332;372090;
10587739;372124;
10588145;372128;
10588552;372156;
10588959;372178;
10589366;372165;
10589772;372150;
10590179;372107;
10590586;372183;
10590992;372131;
10591399;372188;
10591806;372200;
10592212;372169;
10592619;372249;
10593026;372168;
10593432;372229;
10593839;372169;
10594246;372201;
10594652;372207;
10595059;372221;
10595466;372253;
10595872;372194;
10596279;372235;
10596686;372163;
10597093;372230;
10597499;372244;
10597906;372258;
10598313;372222;
10598719;372245;
10599126;372234;
10599533;372214;
10599939;372270;
10600346;372242;
10600753;372238;
10601159;372287;
10601566;372294;
10601973;372280;
10602379;372288;
10602786;372276;
10603193;372287;
10603599;372255;
10604006;372285;
10604413;372360;
10604819;372256;
10605226;372281;
10605633;372275;
10606039;372309;
10606446;372279;
10606853;372270;
10607260;372293;
10607666;372305;
10608073;372289;
10621900;371673;
10622307;371514;
10622714;371630;
10623120;371663;
10623527;371638;
10623934;371714;
10624340;371642;
10624747;371665;
10625154;371738;
10625560;371688;
10625967;371737;
10626374;371768;
10626780;371689;
10627187;371777;
10627594;371753;
10628000;371754;
10628407;371820;
10628814;371773;
10629220;371806;
10629627;371789;
10630034;371845;
10630440;371840;
10630847;371776;
10631254;371823;
10631660;371816;
10632067;371855;
10632474;371852;
10632880;371785;
10633287;371859;
10633694;371839;
10634100;371882;
10634507;371875;
10634914;371889;
10635320;371882;
10635727;371871;
10636134;371916;
10636540;371896;
10636947;371872;
10637354;371919;
10637761;371875;
10638167;371916;
10638574;371902;
10638981;371908;
10639387;371952;
10639794;371932;
10640201;371898;
10640607;371923;
10641014;371978;
10641421;371979;
10641827;371966;
10642234;371980;
10642641;371963;
10643047;372007;
10643454;371984;
10643861;372009;
10644267;371969;
10644674;371986;
10645081;371976;
10645487;371946;
10645894;371993;
10646301;371986;
10646707;372018;
10647114;371992;
10647521;371985;
10647928;372007;
10648334;372039;
10648741;371983;
10649148;372033;
10649554;372014;
10649961;372000;
10650368;371979;
10650774;372043;
10651181;371995;
10651588;372036;
10651994;372043;
10667855;371920;
10668262;371788;
10668669;371850;
10669075;371865;
10669482;371846;
10669889;371973;
10670296;371898;
10670702;371954;
10671109;371963;
10671516;371905;
10671922;372000;
10672329;371946;
10672736;371972;
10673142;372018;
10673549;371973;
10673956;372049;
10674363;371965;
10674769;372018;
10675176;371991;
10675583;371971;
10675989;372011;
10676396;372022;
10676803;372064;
10677209;372054;
10677616;372039;
10678023;372057;
10678429;372106;
10678836;372081;
10679243;372068;
10679649;372053;
10680056;372069;
10680463;372049;
10680869;372090;
10681276;372077;
10681683;372082;
10682090;372074;
10682496;372121;
10682903;372082;
10683310;372143;
10683716;372172;
10684123;372137;
10684530;372149;
10684936;372135;
10685343;372146;
10685750;372225;
10686156;372130;
10686563;372158;
10686970;372204;
10687376;372125;
10687783;372140;
10688190;372181;
10688596;372217;
10689003;372178;
10689410;372176;
10689816;372188;
10690223;372206;
10690630;372169;
10691036;372244;
10691443;372192;
10691850;372209;
10692256;372193;
10692663;372217;
10693070;372181;
10693476;372231;
10693883;372258;
10694290;372257;
10694696;372180;
10695103;372195;
10695509;372212;
10695916;372225;
10696323;372231;
10696730;372187;
10697136;372225;
10697543;372241;
10697949;372251;
10716249;372146;
10716656;372167;
10717063;372179;
10717469;372156;
10717876;372155;
10718283;372181;
10718689;372171;
10719096;372220;
10719503;372210;
10719909;372249;
10720316;372249;
10720723;372258;
10721129;372240;
10721536;372303;
10721943;372279;
10722349;372270;
10722756;372246;
10723163;372299;
10723569;372311;
10723976;372294;
10724383;372284;
10724789;372277;
10725196;372285;
10725603;372317;
10726009;372302;
10726416;372312;
10726823;372349;
10727229;372332;
10727636;372301;
10728043;372343;
10728449;372326;
10728856;372363;
10729263;372411;
10729669;372354;
10730076;372350;
10730483;372341;
10730889;372365;
10731296;372403;
10731702;372380;
10732109;372407;
10732516;372366;
10732922;372336;
10733329;372362;
10733736;372356;
10734142;372386;
10734549;372411;
10734956;372406;
10735362;372407;
10735769;372431;
10736176;372460;
10736582;372420;
10736989;372433;
10737396;372443;
10737802;372418;
10738209;372451;
10738616;372420;
10739022;372479;
10739429;372450;
10739836;372441;
10740242;372411;
10740649;372438;
10741056;372419;
10741463;372451;
10741869;372400;
10742276;372428;
10742683;372459;
10743089;372454;
10743496;372460;
10743903;372434;
10744309;372454;
10744716;372488;
10745123;372445;
10745529;372437;
10745936;372492;
10746343;372437;
10746749;372531;
10761390;372574;
10761796;372477;
10762203;372606;
10762610;372554;
10763016;372589;
10763423;372648;
10763830;372541;
10764236;372660;
10764643;372620;
10765050;372607;
10765456;372663;
10765863;372553;
10766270;372652;
10766677;372623;
10767083;372652;
10767490;372647;
10767897;372646;
10768303;372697;
10768710;372675;
10769117;372728;
10769523;372650;
10769930;372689;
10770337;372713;
10770743;372708;
10771150;372748;
10771557;372743;
10771963;372736;
10772370;372725;
10772777;372718;
10773183;372709;
10773590;372730;
10773997;372744;
10774403;372735;
10774810;372788;
10775217;372761;
10775624;372721;
10776030;372777;
10776437;372704;
10776844;372763;
10777250;372756;
10777657;372771;
10778064;372760;
10778470;372808;
10778877;372791;
10779284;372730;
10779690;372792;
10780097;372830;
10780504;372771;
10780910;372814;
10781317;372785;
10781724;372831;
10782130;372771;
10782537;372829;
10782944;372827;
10783351;372802;
10783757;372841;
10784164;372848;
10784571;372856;
10784977;372813;
10785384;372821;
10785791;372837;
10786197;372844;
10786604;372841;
10787011;372847;
10787417;372845;
10787824;372809;
10788231;372866;
10788638;372863;
10789044;372852;
10789451;372872;
10789858;372842;
10790264;372838;
10790671;372871;
10791078;372834;
10791484;372879;
10801245;372830;
10801652;372782;
10802058;372778;
10802465;372861;
10802872;372811;
10803278;372868;
10803685;372881;
10804092;372861;
10804499;372951;
10804905;372864;
10805312;372962;
10805719;372951;
10806125;372975;
10806532;372946;
10806939;372971;
10807345;373015;
10807752;372992;
10808159;373007;
10808566;373010;
10808972;373048;
10809379;373017;
10809786;373055;
10810192;372996;
10810599;373064;
10811006;373043;
10811412;373066;
10811819;373100;
10812226;373088;
10812632;373075;
10813039;373122;
10813446;373070;
10813852;373118;
10814259;373087;
10814666;373105;
10815073;373102;
10815479;373064;
10815886;373104;
10816293;373134;
10816699;373123;
10817106;373141;
10817513;373145;
10817919;373161;
10818326;373123;
10818733;373172;
10819140;373166;
10819546;373162;
10819953;373169;
10820360;373155;
10820766;373141;
10821173;373208;
10821580;373182;
10821986;373097;
10822393;373162;
10822800;373146;
10823207;373173;
10823613;373168;
10824020;373172;
10824427;373168;
10824833;373152;
10825240;373209;
10825647;373160;
10826053;373164;
10826460;373205;
10826867;373201;
10827274;373150;
10827680;373189;
10828087;373168;
10828494;373229;
10828900;373168;
10829307;373256;
10829714;373237;
10830120;373213;
10830527;373181;
10830934;373170;
10831341;373219;
10831747;373190;
10848828;373114;
10849235;373074;
10849642;373128;
10850049;373119;
10850455;373089;
10850862;373215;
10851269;373168;
10851675;373194;
10852082;373205;
10852489;373171;
10852895;373152;
10853302;373255;
10853709;373236;
10854115;373241;
10854522;373228;
10854929;373284;
10855336;373266;
10855742;373268;
10856149;373213;
10856556;373286;
10856962;373256;
10857369;373278;
10857776;373282;
10858183;373295;
10858589;373301;
10858996;373261;
10859403;373310;
10859809;373303;
10860216;373235;
10860623;373308;
10861029;373275;
10861436;373305;
10861843;373279;
10862249;373309;
10862656;373306;
10863063;373314;
10863469;373319;
10863876;373292;
10864283;373339;
10864689;373324;
10865096;373280;
10865503;373336;
10865910;373334;
10866316;373327;
10866723;373300;
10867130;373294;
10867536;373321;
10867943;373342;
10868350;373383;
10868756;373350;
10869163;373340;
10869570;373330;
10869977;373373;
10870383;373344;
10870790;373380;
10871197;373347;
10871603;373333;
10872010;373389;
10872417;373376;
10872823;373402;
10873230;373391;
10873637;373358;
10874043;373392;
10874450;373361;
10874857;373414;
10875264;373392;
10875670;373393;
10876077;373446;
10876484;373434;
10876890;373423;
10877297;373383;
10877704;373431;
10878110;373413;
10878517;373395;
10878924;373413;
10879331;373424;
