591438;6097;
591946;6096;
592454;6134;
592961;6140;
593469;6137;
593977;6139;
594484;6150;
594992;6157;
595500;6160;
596008;6167;
596515;6171;
597023;6165;
597531;6173;
598039;6178;
598546;6172;
599054;6178;
599562;6171;
600070;6173;
600577;6187;
601085;6389;
601593;6425;
602100;6436;
602608;6450;
603116;6491;
603624;6520;
604131;6524;
604639;6521;
605147;6529;
605655;6531;
606162;6531;
606670;6554;
607178;6566;
607686;6572;
608193;6572;
608701;6572;
609209;6570;
609716;6586;
610224;6582;
610732;6595;
611240;6597;
611747;6596;
612255;6607;
612763;6604;
613270;6601;
613778;6596;
614286;6603;
614794;6606;
615301;6602;
615809;6606;
616317;6612;
616824;6609;
617332;6607;
617840;6610;
618348;6612;
618855;6610;
619363;6624;
619871;6618;
620379;6622;
620886;6625;
621394;6622;
621902;6623;
622410;6617;
622917;6612;
623425;6575;
623933;6577;
624440;6618;
624948;6615;
625456;6680;
625964;6453;
626471;6458;
626979;6510;
627487;6581;
627994;6620;
628502;6622;
629010;6619;
629518;6623;
630025;6626;
630533;6635;
631041;6634;
631548;6641;
632056;6638;
632564;6639;
633072;6637;
633579;6638;
634087;6646;
634595;6652;
635102;6639;
635610;6641;
636118;6647;
636626;6649;
637133;6650;
637641;6650;
638149;6653;
638656;6645;
639164;6647;
639672;6652;
640180;6654;
640687;6654;
641195;6655;
641703;6650;
642210;6649;
