90736385;327660;
90736894;327660;
90737402;327660;
90737911;327660;
90738419;327660;
90738928;327660;
90739436;327660;
90739945;327660;
90740454;327660;
90740962;327660;
90741471;327660;
90741979;327660;
90742488;327660;
90742996;327660;
90743505;327660;
90744013;327660;
90744522;327660;
90745031;327660;
90745539;327660;
90746048;327660;
90746556;327660;
90747065;327660;
90747573;327660;
90748082;327660;
90748590;327660;
90749099;327660;
90749608;327660;
90750116;327660;
90750625;327660;
90751133;327660;
90751642;327660;
90752150;327660;
90752659;327660;
90753168;327660;
90753676;327660;
90754185;327660;
90754693;327660;
90755202;327660;
90755710;327660;
90756219;327660;
90756728;327660;
90757236;327660;
90757745;327660;
90758253;327660;
90758762;327660;
90759270;327660;
90759779;327660;
90760288;327660;
90760796;327660;
90761305;327660;
90761813;327660;
90762322;327660;
90762830;327660;
90763339;327660;
90763847;327660;
90764356;327660;
90764864;327660;
90765373;327660;
90765882;327660;
90766390;327660;
90766899;327660;
90767407;327660;
90767916;327660;
90768424;327660;
90768933;327660;
90769441;327660;
90769950;327660;
90770459;327660;
90770967;327660;
90771476;327660;
90771984;327660;
90772493;327660;
90773001;327660;
90773510;327660;
90774018;327660;
90774527;327660;
90775035;327660;
90775544;327660;
90776053;327660;
90776561;327660;
90777070;327660;
90777578;327660;
90778087;327660;
90778595;327660;
90779104;327660;
90779612;327660;
90780121;327660;
90780629;327660;
90781138;327660;
90781647;327660;
90782155;327660;
90782664;327660;
90783172;327660;
90783681;327660;
90784189;327660;
90784698;327660;
90785206;327660;
90785715;327660;
90786223;327660;
90786732;327660;
90787240;327660;
90787749;327660;
90788257;327660;
90788766;327660;
90789274;327660;
90789783;327660;
90790292;327660;
90790800;327660;
90791309;327660;
90791817;327660;
90792326;327660;
90792834;327660;
90793343;327660;
90793851;327660;
90794360;327660;
90794868;327660;
90795377;327660;
90795885;327660;
90796394;327660;
90796903;327660;
90797411;327660;
90797920;327660;
90798428;327660;
90798937;327660;
90799445;327660;
90799954;327660;
90800462;327660;
90800971;327660;
90801480;327660;
90801988;327660;
90802497;327660;
90803005;327660;
90803514;327660;
90804022;327660;
90804531;327660;
90805039;327660;
90805548;327660;
90806056;327660;
90806565;327660;
90807074;327660;
90807582;327660;
90808091;327660;
90808599;327660;
90809108;327660;
90809616;327660;
90810125;327660;
90810633;327660;
90811142;327660;
90811650;327660;
90812159;327660;
90812668;327660;
90813176;327660;
90813685;327660;
90814193;327660;
90814702;327660;
90815210;327660;
90815719;327660;
90816227;327660;
90816736;327660;
90817244;327660;
90817753;327660;
90818262;327660;
90818770;327660;
90819279;327660;
90819787;327660;
90820296;327660;
90820804;327660;
90821313;327660;
90821821;327660;
90822330;327660;
90822839;327660;
90823347;327660;
90823856;327660;
90824364;327660;
90824873;327660;
90825381;327660;
90825890;327660;
90826398;327660;
90826907;327660;
90827416;327660;
90827924;327660;
90828433;327660;
90828941;327660;
90829450;327660;
90829959;327660;
90830467;327660;
90830976;327660;
90831484;327660;
90831993;327660;
90832502;327660;
90833010;327660;
90833519;327660;
90834027;327660;
90834536;327660;
90835044;327660;
90835553;327660;
90836062;327660;
90836570;327660;
90837079;327660;
90837587;327660;
90838096;327660;
90838605;327660;
90839113;327660;
90839622;327660;
90840130;327660;
90840639;327660;
90841147;327660;
90841656;327660;
90842165;327660;
90842673;327660;
90843182;327660;
90843690;327660;
90844199;327660;
90844708;327660;
90845216;327660;
90845725;327660;
90846233;327660;
90846742;327660;
90847251;327660;
90847759;327660;
90848268;327660;
90848776;327660;
90849285;327660;
90849794;327660;
90850302;327660;
90850811;327660;
90851319;327660;
90851828;327660;
90852336;327660;
90852845;327660;
90853354;327660;
90853862;327660;
90854371;327660;
90854879;327660;
90855388;327660;
90855896;327660;
90856405;327660;
90856914;327660;
90857422;327660;
90857931;327660;
90858439;327660;
90858948;327660;
90859457;327660;
90859965;327660;
90860474;327660;
90860982;327660;
90861491;327660;
90862000;327660;
90862508;327660;
90863017;327660;
90863525;327660;
90864034;327660;
90864543;327660;
90865051;327660;
90865560;327660;
90866068;327660;
90866577;327660;
90867085;327660;
90867594;327660;
90868103;327660;
90868611;327660;
90869120;327660;
90869628;327660;
90870137;327660;
90870646;327660;
90871154;327660;
90871663;327660;
90872171;327660;
90872680;327660;
90873188;327660;
90873697;327660;
90874206;327660;
90874714;327660;
90875223;327660;
90875731;327660;
90876240;327660;
90876748;327660;
90877257;327660;
90877765;327660;
90884885;327660;
90885394;327660;
90885902;327660;
90886411;327660;
90886919;327660;
90887428;327660;
90887937;327660;
90888445;327660;
90888954;327660;
90889462;327660;
90889971;327660;
90890479;327660;
90890988;327660;
90891497;327660;
90892005;327660;
90892514;327660;
90893022;327660;
90893531;327660;
90894039;327660;
90894548;327660;
90895056;327660;
90895565;327660;
90896074;327660;
90896582;327660;
90897091;327660;
90897599;327660;
90898108;327660;
90898616;327660;
90899125;327660;
90899633;327660;
90900142;327660;
90900651;327660;
90901159;327660;
90901668;327660;
90902176;327660;
90902685;327660;
90903193;327660;
90903702;327660;
90904210;327660;
90904719;327660;
90905228;327660;
90905736;327660;
90906245;327660;
90906753;327660;
90907262;327660;
90907770;327660;
90908279;327660;
90908787;327660;
90909296;327660;
90909804;327660;
90910313;327660;
90910822;327660;
90911330;327660;
90911839;327660;
90912347;327660;
90912856;327660;
90913364;327660;
90913873;327660;
90914381;327660;
90914890;327660;
90915398;327660;
90915907;327660;
90916415;327660;
90916924;327660;
90917432;327660;
90917941;327660;
90918450;327660;
90918958;327660;
90919467;327660;
90919975;327660;
90920484;327660;
90920992;327660;
90921501;327660;
90922009;327660;
90922518;327660;
90923027;327660;
90923535;327660;
90924044;327660;
90924552;327660;
90925061;327660;
90925569;327660;
90926078;327660;
90926586;327660;
90927095;327660;
90927603;327660;
90928112;327660;
90928621;327660;
90929129;327660;
90929638;327660;
90930146;327660;
90930655;327660;
90931163;327660;
90931672;327660;
90932180;327660;
90932689;327660;
90933198;327660;
90933706;327660;
90934215;327660;
90934723;327660;
90935232;327660;
90935740;327660;
90936249;327660;
90936757;327660;
90937266;327660;
90937774;327660;
90938283;327660;
90938791;327660;
90939300;327660;
90939809;327660;
90940317;327660;
90940826;327660;
90941334;327660;
90941843;327660;
90942351;327660;
90942860;327660;
90943368;327660;
90943877;327660;
90944386;327660;
90944894;327660;
90945403;327660;
90945911;327660;
90946420;327660;
90946928;327660;
90947437;327660;
90947946;327660;
90948454;327660;
90948963;327660;
90949471;327660;
90949980;327660;
90950488;327660;
90950997;327660;
90951506;327660;
90952014;327660;
90952523;327660;
90953031;327660;
90953540;327660;
90954048;327660;
90954557;327660;
90955066;327660;
90955574;327660;
90956083;327660;
90956591;327660;
90957100;327660;
90957608;327660;
90958117;327660;
90958626;327660;
90959134;327660;
90959643;327660;
90960151;327660;
90960660;327660;
90961168;327660;
90961677;327660;
90962186;327660;
90962694;327660;
90963203;327660;
90963711;327660;
90964220;327660;
90964728;327660;
90965237;327660;
90965745;327660;
90966254;327660;
90966763;327660;
90967271;327660;
90967780;327660;
90968288;327660;
90968797;327660;
90969305;327660;
90969814;327660;
90970322;327660;
90970831;327660;
90971340;327660;
90971848;327660;
90972357;327660;
90972865;327660;
90973374;327660;
90973882;327660;
90974391;327660;
90974899;327660;
90975408;327660;
90975916;327660;
90976425;327660;
90976934;327660;
90977442;327660;
90977951;327660;
90978459;327660;
90978968;327660;
90979476;327660;
90979985;327660;
90980493;327660;
90981002;327660;
90981510;327660;
90982019;327660;
90982527;327660;
90983036;327660;
90983545;327660;
90984053;327660;
90984562;327660;
90985070;327660;
90985579;327660;
90986087;327660;
90986596;327660;
90987104;327660;
90987613;327660;
90988122;327660;
90988630;327660;
90989139;327660;
90989647;327660;
90990156;327660;
90990664;327660;
90991173;327660;
90991681;327660;
90992190;327660;
90992699;327660;
90993207;327660;
90993716;327660;
90994224;327660;
90994733;327660;
90995241;327660;
90995750;327660;
90996258;327660;
90996767;327660;
90997276;327660;
90997784;327660;
90998293;327660;
90998801;327660;
90999310;327660;
90999818;327660;
91000327;327660;
91000836;327660;
91001344;327660;
91001853;327660;
91002361;327660;
91002870;327660;
91003378;327660;
91003887;327660;
91004396;327660;
91004904;327660;
