90121113;125189;
90121622;124964;
90122130;125237;
90122639;125134;
90123147;125252;
90123655;125181;
90124164;125211;
90124672;125159;
90125180;125217;
90125689;125081;
90126197;125181;
90126705;125162;
90127214;125181;
90127722;125177;
90128231;125192;
90128739;125172;
90129247;125187;
90129756;125168;
90130264;125205;
90130773;125231;
90131281;125183;
90131789;125197;
90132298;125202;
90132806;125177;
90133314;125162;
90133823;125174;
90134331;125182;
90134840;125173;
90135348;125188;
90135856;125179;
90136365;125184;
90136873;125194;
90137381;125186;
90137890;125167;
90138398;125193;
90138907;125189;
90139415;125195;
90139923;125195;
90140432;125177;
90140940;125188;
90141449;125184;
90141957;125179;
90142465;125191;
90142974;125182;
90143482;125179;
90143991;125204;
90144499;125168;
90145007;125230;
90145516;125174;
90146024;125164;
90146532;125206;
90147041;125203;
90147549;125178;
90148058;125144;
90148566;125227;
90149074;125199;
90149583;125165;
90150091;125210;
90150600;125189;
90151108;125166;
90151616;125223;
90152125;125135;
90152633;125203;
90153141;125252;
90153650;125209;
90154158;125143;
90154667;125119;
90155175;125203;
90155683;125157;
90156192;125281;
90156700;125169;
90157209;125190;
90157717;125188;
90158225;125204;
90158734;125180;
90159242;125221;
90159751;125199;
90160259;125197;
90160767;125194;
90161276;125204;
90161784;125203;
90162293;125197;
90162801;125200;
90163309;125205;
90163818;125215;
90164326;125194;
90164835;125194;
90165343;125189;
90165851;125220;
90166360;125221;
90166868;125203;
90167377;125220;
90167885;125216;
90168393;125208;
90168902;125210;
90169410;125211;
90169919;125205;
90170427;125227;
90170936;125215;
90171444;125201;
90171952;125215;
90172461;125221;
90172969;125216;
90173478;125190;
90173986;125203;
90174494;125212;
90175003;125217;
90175511;125220;
90176020;125219;
90176528;125213;
90177037;125224;
90177545;125208;
90178053;125207;
90178562;125220;
90179070;125229;
90179579;125210;
90180087;125222;
90180595;125232;
90181104;125198;
90181612;125240;
90182121;125223;
90182629;125230;
90183138;125244;
90183646;125221;
90184154;125234;
90184663;125215;
90185171;125228;
90185680;125236;
90186188;125237;
90186696;125239;
90187205;125225;
90187713;125231;
90188222;125242;
90188730;125212;
90189239;125234;
90189747;125235;
90190256;125247;
90190764;125231;
90191272;125240;
90191781;125228;
90192289;125254;
90192798;125249;
90193306;125239;
90193815;125235;
90194323;125236;
90194832;125219;
90195340;125249;
90195848;125249;
90196357;125276;
90196865;125269;
90197374;125248;
90197882;125221;
90198391;125245;
90198899;125223;
90199407;125230;
90199916;125240;
90200424;125266;
90200933;125232;
90201441;125224;
90201950;125220;
90202458;125249;
90202966;125215;
90203475;125256;
90203983;125205;
90204492;125239;
90205000;125264;
90205509;125262;
90206017;125247;
90206526;125261;
90207034;125238;
90207542;125248;
90208051;125251;
90208559;125235;
90209068;125230;
90209576;125267;
90210085;125243;
90210593;125249;
90211101;125250;
90211610;125246;
90212118;125263;
90212627;125232;
90213135;125252;
90213643;125270;
90214152;125293;
90214660;125190;
90215169;125164;
90215677;125322;
90216186;125179;
90216694;125281;
90217203;125263;
90217711;125143;
90218219;125248;
90218728;125250;
90219236;125214;
90219745;125240;
90220253;125257;
90220761;125252;
90221270;125242;
90221778;125230;
90222287;125295;
90222795;125228;
90223304;125261;
90223812;125257;
90224321;125280;
90224829;125203;
90225337;125233;
90225846;125255;
90226354;125261;
90226863;125235;
90227371;125248;
90227880;125259;
90228388;125247;
90228896;125243;
90229405;125200;
90229913;125266;
90230422;125252;
90230930;125267;
90231439;125252;
90231947;125245;
90232455;125258;
90232964;125249;
90233472;125258;
90233981;125275;
90234489;125260;
90234998;125241;
90235506;125236;
90236015;125264;
90236523;125247;
90237031;125270;
90237540;125257;
90245675;124603;
90246183;124728;
90246692;124752;
90247200;124654;
90247709;124720;
90248217;124670;
90248725;124668;
90249234;124662;
90249742;124662;
90250251;124670;
90250759;124642;
90251268;124638;
90251776;124633;
90252285;124733;
90252793;124586;
90253302;124646;
90253810;124588;
90254319;124831;
90254827;124576;
90255336;124611;
90255844;124586;
90256353;124610;
90256861;124588;
90257369;124579;
90257878;124581;
90258386;124578;
90258895;124602;
90259403;124585;
90259912;124595;
90260420;124689;
90260929;124533;
90261437;124582;
90261945;124494;
90262454;124602;
90262962;124568;
90263471;124556;
90263979;124531;
90264488;124577;
90264996;124621;
90265504;124499;
90266013;124487;
90266521;124567;
90267030;124550;
90267538;124563;
90268047;124559;
90268555;124552;
90269063;124558;
90269572;124548;
90270080;124553;
90270589;124523;
90271097;124562;
90271606;124544;
90272114;124539;
90272623;124538;
90273131;124546;
90273640;124557;
90274148;124562;
90274657;124546;
90275165;124526;
90275673;124541;
90276182;124579;
90276690;124537;
90277199;124548;
90277707;124533;
90278216;124545;
90278724;124527;
90279233;124601;
90279741;124596;
90280249;124524;
90280758;124563;
90281266;124698;
90281775;124674;
90282283;124534;
90282792;124655;
90283300;124569;
90283809;124544;
90284317;124559;
90284825;124530;
90285334;124537;
90285842;124559;
90286351;124542;
90286859;124541;
90287368;124542;
90287876;124570;
90288385;124552;
90288893;124550;
90289401;124536;
90289910;124558;
90290418;124558;
90290927;124564;
90291435;124567;
90291944;124547;
90292452;124546;
90292961;124541;
90293469;124545;
90293977;124549;
90294486;124546;
90294994;124543;
90295503;124544;
90296011;124539;
90296520;124547;
90297028;124559;
90297537;124544;
90298045;124560;
90298554;124563;
90299062;124532;
90299570;124513;
90300079;124601;
90300587;124562;
90301096;124552;
90301604;124555;
90302113;124541;
90302621;124548;
90303130;124544;
90303638;124542;
90304146;124556;
90304655;124550;
90305163;124563;
90305672;124592;
90306180;124540;
90306689;124634;
90307197;124502;
90307706;124495;
90308214;124553;
90308722;124561;
90309231;124554;
90309739;124546;
90310248;124535;
90310756;124550;
90311265;124551;
90311773;124573;
90312282;124543;
90312790;124537;
90313299;124518;
90313807;124555;
90314315;124522;
90314824;124568;
90315332;124555;
90315841;124598;
90316349;124546;
90316858;124603;
90317366;124580;
90317875;124573;
90318383;124575;
90318892;124571;
90319400;124536;
90319909;124574;
90320417;124538;
90320925;124487;
90321434;124629;
90321942;124551;
90322451;124726;
90322959;124329;
90323468;124680;
90323976;124623;
90324485;124705;
90324993;124621;
90325502;124665;
90326010;124662;
90326519;124659;
90327027;124639;
90327535;124667;
90328044;124638;
90328552;124647;
90329061;124650;
90329569;124654;
90330078;124647;
90330586;124662;
90331095;124678;
90331603;124704;
90332111;124677;
90332620;124706;
90333128;124635;
90333637;124654;
90334145;124666;
90334654;124654;
90335162;124651;
90335671;124648;
90336179;124641;
90336688;124669;
90337196;124625;
90337705;124651;
90338213;124649;
90338722;124652;
90339230;124663;
90339739;124540;
90340247;124642;
90340756;124680;
90341264;124673;
90341773;124636;
90342281;124686;
90342789;124642;
90343298;124660;
90343806;124655;
90344315;124631;
90344823;124615;
90345332;124673;
90345840;124605;
90346349;124722;
90346857;124652;
90347366;124706;
90347874;124651;
90348383;124703;
90348891;124580;
90349400;124655;
90349908;124684;
90350417;124628;
90350925;124665;
90351433;124656;
90351942;124632;
90352450;124687;
90352959;124643;
90353467;124665;
90353976;124682;
90354484;124644;
90354993;124649;
90355501;124649;
90356009;124722;
90356518;124526;
90357026;124739;
90357535;124409;
90358043;124766;
90358552;124631;
90359060;124677;
90359569;124674;
90360077;124651;
90360585;124678;
90361094;124674;
90361602;124676;
90362111;124668;
90362619;124699;
90363128;124674;
90363636;124667;
90364145;124681;
90364653;124663;
90365162;124663;
90365670;124645;
90366178;124662;
90366687;124661;
90367195;124692;
90367704;124663;
90368212;124664;
90368721;124657;
90369229;124662;
90369738;124662;
90370246;124691;
90370755;124669;
90371263;124687;
90371772;124667;
90372280;124677;
90372789;124692;
90373297;124661;
90373806;124664;
90374314;125111;
90374823;125338;
90375331;124554;
90375840;124654;
90376348;124600;
90376857;124603;
90377365;124621;
90377874;124625;
90378382;124387;
90378891;124665;
90379399;124594;
90379908;124579;
90380416;124663;
90380925;124621;
90381433;124658;
90381942;124625;
90382450;124632;
90382958;124628;
90383467;124636;
90383975;124636;
90384484;124625;
90384992;124649;
90385501;124636;
90386009;124650;
90386518;124637;
90387026;124623;
90387535;124612;
90388043;124663;
90388552;124712;
90389060;124665;
90389569;124646;
90390077;124633;
90390586;124672;
90391094;124632;
90391603;124624;
