90736385;123299;
90736893;123348;
90737402;123263;
90737910;123266;
90738419;123292;
90738927;123305;
90739436;123325;
90739945;123251;
90740453;123245;
90740962;123271;
90741470;123211;
90741979;123211;
90742487;123360;
90742996;123271;
90743504;123258;
90744013;123476;
90744522;123394;
90745030;123137;
90745539;123455;
90746047;123206;
90746556;123266;
90747064;123333;
90747573;123234;
90748081;123241;
90748590;123238;
90749098;123263;
90749607;123244;
90750116;123246;
90750624;123220;
90751133;123257;
90751641;123237;
90752150;123255;
90752659;123228;
90753167;123236;
90753676;123239;
90754184;123250;
90754693;123243;
90755201;123237;
90755710;123274;
90756219;123253;
90756727;123247;
90757236;123236;
90757744;123246;
90758253;123235;
90758761;123253;
90759270;123266;
90759779;123238;
90760287;123264;
90760796;123259;
90761304;123255;
90761813;123246;
90762321;123269;
90762830;123244;
90763338;123261;
90763847;123259;
90764355;123233;
90764864;123313;
90765373;123268;
90765881;123267;
90766390;123254;
90766898;123275;
90767407;123261;
90767915;123253;
90768424;123264;
90768932;123254;
90769441;123263;
90769950;123260;
90770458;123266;
90770967;123273;
90771475;123268;
90771984;123268;
90772492;123252;
90773001;123286;
90773509;123303;
90774018;123259;
90774526;123255;
90775035;123269;
90775544;123292;
90776052;123276;
90776561;123257;
90777069;123288;
90777578;123268;
90778086;123290;
90778595;123248;
90779103;123269;
90779612;123306;
90780120;123279;
90780629;123278;
90781138;123294;
90781646;123305;
90782155;123287;
90782663;123293;
90783172;123298;
90783680;123277;
90784189;123285;
90784697;123271;
90785206;123294;
90785714;123297;
90786223;123279;
90786731;123307;
90787240;123266;
90787748;123266;
90788257;123288;
90788765;123293;
90789274;123289;
90789783;123289;
90790291;123297;
90790800;123272;
90791308;123281;
90791817;123295;
90792325;123297;
90792834;123283;
90793342;123287;
90793851;123318;
90794359;123291;
90794868;123299;
90795376;123350;
90795885;123278;
90796394;123274;
90796902;123322;
90797411;123293;
90797919;123294;
90798428;123305;
90798936;123314;
90799445;123293;
90799953;123288;
90800462;123314;
90800971;123298;
90801479;123309;
90801988;123309;
90802496;123299;
90803005;123314;
90803513;123306;
90804022;123298;
90804530;123314;
90805039;123306;
90805547;123313;
90806056;123310;
90806565;123281;
90807073;123253;
90807582;123339;
90808090;123294;
90808599;123332;
90809107;123306;
90809616;123311;
90810124;123317;
90810633;123303;
90811141;123300;
90811650;123303;
90812159;123263;
90812667;123286;
90813176;123339;
90813684;123327;
90814193;123320;
90814701;123305;
90815210;123291;
90815718;123294;
90816227;123329;
90816735;123336;
90817244;123326;
90817753;123333;
90818261;123272;
90818770;123324;
90819278;123333;
90819787;123288;
90820295;123357;
90820804;123353;
90821312;123223;
90821821;123332;
90822330;123324;
90822838;123298;
90823347;123332;
90823855;123315;
90824364;123301;
90824872;123316;
90825381;123256;
90825889;123349;
90826398;123312;
90826907;123384;
90827415;123257;
90827924;123429;
90828432;123299;
90828941;123295;
90829450;123322;
90829958;123313;
90830467;123345;
90830975;123351;
90831484;123305;
90831992;123357;
90832501;123333;
90833010;123349;
90833518;123316;
90834027;123340;
90834535;123309;
90835044;123353;
90835553;123345;
90836061;123302;
90836570;123323;
90837078;123309;
90837587;123435;
90838096;123289;
90838604;123377;
90839113;123381;
90839621;123305;
90840130;123335;
90840638;123339;
90841147;123317;
90841656;123331;
90842164;123336;
90842673;123334;
90843181;123323;
90843690;123342;
90844199;123330;
90844707;123332;
90845216;123341;
90845724;123350;
90846233;123337;
90846742;123329;
90847250;123341;
90847759;123327;
90848267;123326;
90848776;123342;
90849285;123337;
90849793;123340;
90850302;123330;
90850810;123313;
90851319;123341;
90851827;123330;
90852336;123349;
90852845;123349;
90853353;123358;
90853862;123352;
90854370;123344;
90854879;123338;
90855387;123335;
90855896;123354;
90856405;123374;
90856913;123318;
90857422;123336;
90857930;123151;
90858439;123343;
90858948;123381;
90859456;123297;
90859965;123335;
90860473;123346;
90860982;123401;
90861490;123328;
90861999;123333;
90862508;123352;
90863016;123352;
90863525;123339;
90864033;123351;
90864542;123346;
90865051;123349;
90865559;123361;
90866068;123359;
90866576;123318;
90867085;123361;
90867594;123360;
90868102;123333;
90868611;123301;
90869119;123373;
90869628;123355;
90870137;123364;
90870645;123299;
90871154;123344;
90871662;123385;
90872171;123354;
90872679;123323;
90873188;123364;
90873697;123349;
90874205;123308;
90874714;123357;
90875222;123366;
90875731;123347;
90876239;123336;
90876748;123360;
90877256;123388;
90877765;123352;
90884885;123079;
90885393;123059;
90885902;123059;
90886410;123063;
90886919;123042;
90887428;123064;
90887936;123029;
90888445;122995;
90888953;123001;
90889462;123019;
90889970;122993;
90890479;122990;
90890988;123023;
90891496;122980;
90892005;122986;
90892513;122840;
90893022;122929;
90893530;122954;
90894039;122971;
90894547;122981;
90895056;122992;
90895565;122943;
90896073;122962;
90896582;122957;
90897090;122936;
90897599;122967;
90898107;122967;
90898616;122950;
90899124;122942;
90899633;122977;
90900142;122924;
90900650;122940;
90901159;122943;
90901667;122907;
90902176;122869;
90902684;122903;
90903193;122911;
90903701;122909;
90904210;122949;
90904719;122935;
90905227;122870;
90905736;122896;
90906244;122904;
90906753;122900;
90907261;122896;
90907770;122886;
90908278;122898;
90908787;122901;
90909295;122896;
90909804;122886;
90910313;122892;
90910821;122883;
90911330;122876;
90911838;122888;
90912347;122877;
90912855;122870;
90913364;122876;
90913872;122864;
90914381;122885;
90914889;122880;
90915398;122880;
90915906;122871;
90916415;122885;
90916923;122895;
90917432;122866;
90917941;122875;
90918449;122873;
90918958;122883;
90919466;122879;
90919975;122891;
90920483;122878;
90920992;122865;
90921500;122860;
90922009;122882;
90922517;122871;
90923026;122893;
90923535;122898;
90924043;122871;
90924552;122864;
90925060;122896;
90925569;122869;
90926077;122861;
90926586;122855;
90927094;122867;
90927603;122861;
90928111;122867;
90928620;122876;
90929129;122869;
90929637;122867;
90930146;122879;
90930654;122881;
90931163;122870;
90931671;122863;
90932180;122880;
90932688;122863;
90933197;122864;
90933706;122878;
90934214;122876;
90934723;122859;
90935231;122873;
90935740;122853;
90936248;122863;
90936757;122857;
90937265;122867;
90937774;122862;
90938282;122926;
90938791;122841;
90939300;122873;
90939808;122868;
90940317;122874;
90940825;122868;
90941334;122827;
90941842;122920;
90942351;122867;
90942859;122852;
90943368;122877;
90943877;122877;
90944385;122854;
90944894;122865;
90945402;122882;
90945911;122843;
90946419;122871;
90946928;122869;
90947437;122879;
90947945;122869;
90948454;122856;
90948962;122875;
90949471;122880;
90949979;122868;
90950488;122875;
90950996;122863;
90951505;122875;
90952014;122874;
90952522;122886;
90953031;122867;
90953539;122850;
90954048;122865;
90954557;122870;
90955065;122858;
90955574;122873;
90956082;122859;
90956591;122850;
90957099;122860;
90957608;122883;
90958117;122870;
90958625;122862;
90959134;122872;
90959642;122862;
90960151;122858;
90960659;122910;
90961168;122933;
90961677;122824;
90962185;122898;
90962694;122850;
90963202;122881;
90963711;122878;
90964219;122876;
90964728;122870;
90965236;122866;
90965745;122870;
90966254;122866;
90966762;122871;
90967271;122880;
90967779;122874;
90968288;122858;
90968796;122847;
90969305;122898;
90969813;122904;
90970322;122839;
90970831;122943;
90971339;122840;
90971848;122855;
90972356;122853;
90972865;122864;
90973373;122857;
90973882;122866;
90974390;122866;
90974899;122851;
90975407;122861;
90975916;122871;
90976425;122877;
90976933;122863;
90977442;122872;
90977950;122853;
90978459;123050;
90978967;122796;
90979476;122912;
90979984;122940;
90980493;123047;
90981001;122815;
90981510;122792;
90982018;122882;
90982527;122877;
90983035;122876;
90983544;122866;
90984053;122894;
90984561;122889;
90985070;122894;
90985578;122903;
90986087;122896;
90986595;122874;
90987104;122851;
90987613;122875;
90988121;122876;
90988630;122869;
90989138;122868;
90989647;122879;
90990155;122867;
90990664;122888;
90991172;122883;
90991681;122875;
90992190;122878;
90992698;122863;
90993207;122880;
90993715;122881;
90994224;122910;
90994732;122884;
90995241;122883;
90995749;122874;
90996258;122841;
90996767;122885;
90997275;122884;
90997784;122863;
90998292;122861;
90998801;122848;
90999309;122897;
90999818;122908;
91000327;122843;
91000835;122906;
91001344;122862;
91001852;122850;
91002361;122931;
91002869;122847;
91003378;122885;
91003887;122865;
91004395;122889;
91004904;122885;
