86684359;125245;
86684867;125114;
86685375;125319;
86685884;125197;
86686392;125154;
86686901;125104;
86687409;125226;
86687917;125241;
86688426;125226;
86688934;125227;
86689443;125227;
86689951;125242;
86690459;125238;
86690968;125235;
86691476;125293;
86691985;125246;
86692493;125254;
86693001;125184;
86693510;125247;
86694018;125207;
86694527;125225;
86695035;125237;
86695543;125229;
86696052;125232;
86696560;125232;
86697069;125201;
86697577;125246;
86698085;125226;
86698594;125234;
86699102;125233;
86699611;125238;
86700119;125203;
86700628;125228;
86701136;125233;
86701644;125238;
86702153;125223;
86702661;125230;
86703170;125238;
86703678;125226;
86704186;125230;
86704695;125231;
86705203;125228;
86705712;125248;
86706220;125243;
86706728;125190;
86707237;125277;
86707745;125253;
86708254;125256;
86708762;125253;
86709270;125259;
86709779;125279;
86710287;125271;
86710796;125265;
86711304;125261;
86711812;125262;
86712321;125256;
86712829;125244;
86713338;125262;
86713846;125271;
86714354;125258;
86714863;125253;
86715371;125276;
86715880;125264;
86716388;125244;
86716897;125267;
86717405;125265;
86717913;125281;
86718422;125284;
86718930;125269;
86719439;125268;
86719947;125283;
86720455;125277;
86720964;125274;
86721472;125271;
86721981;125265;
86722489;125275;
86722997;125262;
86723506;125264;
86724014;125268;
86724523;125268;
86725031;125286;
86725540;125270;
86726048;125268;
86726556;125283;
86727065;125278;
86727573;125267;
86728082;125273;
86728590;125268;
86729098;125268;
86729607;125262;
86730115;125282;
86730624;125265;
86731132;125280;
86731640;125276;
86732149;125296;
86732657;125284;
86733166;125275;
86733674;125289;
86734182;125271;
86734691;125273;
86735199;125266;
86735707;125273;
86736216;125294;
86736724;125286;
86737233;125276;
86737741;125280;
86738249;125274;
86738758;125299;
86739266;125278;
86739774;125271;
86740283;125278;
86740791;125280;
86741300;125285;
86741808;125288;
86742316;125286;
86742825;125266;
86743333;125305;
86743841;125284;
86744350;125284;
86744858;125265;
86745366;125291;
86745875;125293;
86746383;125284;
86746891;125292;
86747400;125278;
86747908;125290;
86748416;125290;
86748925;125272;
86749433;125289;
86749941;125294;
86750450;125290;
86750958;125295;
86751466;125287;
86751975;125288;
86752483;125280;
86752991;125301;
86753500;125268;
86754008;125278;
86754516;125271;
86755025;125281;
86755533;125292;
86756042;125281;
86756550;125306;
86757058;125300;
86757567;125293;
86758075;125294;
86758583;125288;
86759092;125289;
86759600;125280;
86760108;125288;
86760617;125286;
86761125;125289;
86761634;125294;
86762142;125285;
86762650;125283;
86763159;125288;
86763667;125283;
86764175;125288;
86764684;125283;
86765192;125286;
86765701;125293;
86766209;125296;
86766717;125279;
86767226;125296;
86767734;125283;
86768243;125298;
86768751;125305;
86769259;125293;
86769768;125302;
86770276;125288;
86770785;125302;
86771293;125309;
86771801;125282;
86772310;125302;
86772818;125285;
86773327;125289;
86773835;125292;
86774343;125302;
86774852;125290;
86775360;125300;
86775869;125304;
86776377;125304;
86776885;125299;
86777394;125291;
86777902;125282;
86778411;125294;
86778919;125299;
86779427;125288;
86779936;125290;
86780444;125287;
86780953;125307;
86781461;125295;
86781969;125290;
86782478;125302;
86782986;125284;
86783494;125302;
86784003;125304;
86784511;125306;
86785020;125298;
86785528;125289;
86786036;125299;
86786545;125294;
86787053;125317;
86787562;125287;
86788070;125309;
86788578;125298;
86789087;125299;
86789595;125307;
86790104;125294;
86790612;125307;
86791121;125297;
86791629;125300;
86792137;125296;
86792646;125299;
86793154;125306;
86793663;125313;
86794171;125313;
86794679;125293;
86795188;125326;
86795696;125323;
86796205;125304;
86796713;125306;
86797221;125312;
86797730;125313;
86798238;125325;
86798747;125290;
86799255;125308;
86799763;125302;
86800272;125307;
86800780;125293;
86801289;125310;
86801797;125313;
86802305;125317;
86802814;125308;
86803322;125313;
86803830;125312;
86804339;125306;
86804847;125306;
86805356;125310;
86805864;125315;
86806372;125316;
86806881;125302;
86807389;125304;
86807898;125305;
86808406;125308;
86808914;125311;
86809423;125317;
86809931;125316;
86810439;125305;
86810948;125312;
86811456;125306;
86811965;125312;
86812473;125301;
86812981;125318;
86813490;125302;
86813998;125318;
86814507;125306;
86815015;125315;
86815523;125309;
86816032;125324;
86816540;125304;
86817049;125318;
86817557;125316;
86818065;125304;
86818574;125310;
86819082;125321;
86819591;125315;
86820099;125326;
86820607;125318;
86821116;125303;
86821624;125322;
86822133;125297;
86822641;125319;
86823149;125313;
86823658;125316;
86824166;125302;
86824675;125324;
86825183;125318;
86825691;125306;
86826200;125313;
86826708;125311;
86827217;125322;
86827725;125305;
86828233;125322;
86828742;125311;
86829250;125329;
86829759;125303;
86830267;125323;
86830776;125307;
86831284;125304;
86831792;125328;
86832301;125319;
86832809;125327;
86833318;125328;
86833826;125316;
86834334;125327;
86834843;125332;
86835351;125331;
86835860;125325;
86836368;125316;
86836876;125317;
86837385;125321;
86837893;125325;
86838402;125328;
86838910;125322;
86839418;125328;
86839927;125343;
86840435;125316;
86840944;125323;
86841452;125322;
86841960;125318;
86842469;125327;
86842977;125321;
86843486;125325;
86843994;125324;
86844502;125325;
86845011;125344;
86845519;125338;
86846028;125330;
86846536;125326;
86847044;125328;
86847553;125339;
86848061;125333;
86848570;125329;
86849078;125310;
86849586;125336;
86850095;125336;
86850603;125330;
86851112;125322;
86851620;125334;
86852128;125339;
86852637;125335;
86853145;125354;
86853654;125334;
86854162;125334;
86854670;125321;
86855179;125321;
86855687;125338;
86856196;125333;
86856704;125343;
86857212;125345;
86857721;125330;
86858229;125345;
86858738;125322;
86859246;125335;
86859754;125338;
86860263;125330;
86860771;125346;
86861280;125327;
86861788;125350;
86862297;125343;
86862805;125328;
86863313;125346;
86863822;125329;
86864330;125333;
86864839;125338;
86865347;125336;
86865855;125329;
86866364;125334;
86866872;125343;
86867381;125334;
86867889;125343;
86868397;125332;
86868906;125339;
86869414;125352;
86869923;125330;
86870431;125334;
86870939;125337;
86871448;125343;
86871956;125341;
86872465;125335;
86872973;125345;
86873481;125343;
86873990;125352;
86874498;125338;
86875007;125337;
86875515;125340;
86876023;125346;
86876532;125333;
86877040;125352;
86877549;125357;
86878057;125340;
86878565;125336;
86879074;125349;
86879582;125337;
86880091;125351;
86880599;125342;
86881107;125352;
86881616;125338;
86882124;125334;
86882632;125342;
86883141;125349;
86883649;125348;
86884158;125341;
86884666;125351;
86885174;125352;
86885683;125341;
86886191;125339;
86886700;125339;
86887208;125360;
86887716;125352;
86888225;125351;
86888733;125362;
86889242;125339;
86889750;125363;
86890258;125339;
86890767;125361;
86891275;125346;
86891783;125343;
86892292;125349;
86892800;125343;
86893309;125364;
86893817;125364;
86894326;125352;
86894834;125341;
86895342;125353;
86895851;125361;
86896359;125345;
86896868;125353;
86897376;125357;
86897884;125358;
86898393;125352;
86898901;125356;
86899410;125350;
86899918;125352;
86900426;125345;
86900935;125349;
86901443;125358;
86901952;125351;
86902460;125347;
86902968;125366;
86903477;125352;
86903985;125355;
86904494;125329;
86905002;125364;
86905510;125363;
86906019;125342;
86906527;125349;
86907035;125358;
86907544;125355;
86908052;125336;
86908561;125356;
86909069;125370;
86909578;125369;
86910086;125366;
86910594;125373;
86911103;125345;
86911611;125368;
86912120;125365;
86912628;125365;
86913136;125364;
86913645;125384;
86914153;125362;
86914661;125366;
86915170;125359;
86915678;125355;
86916187;125371;
86916695;125359;
86917204;125364;
86917712;125347;
86918220;125359;
86918729;125382;
86919237;125345;
86919746;125366;
86920254;125360;
86920762;125359;
86921271;125358;
86921779;125367;
86922288;125358;
86922796;125360;
86923305;125351;
86923813;125368;
86924321;125363;
86924830;125362;
86925338;125356;
86925847;125372;
86926355;125369;
86926863;125377;
86927372;125361;
86927880;125369;
86928389;125369;
86928897;125356;
86929406;125357;
86929914;125365;
86930423;125372;
86930931;125355;
86931439;125361;
86931948;125374;
86932456;125368;
86932965;125362;
86933473;125362;
86933982;125367;
86934490;125376;
86934998;125358;
86935507;125369;
86936015;125375;
86936524;125367;
86937032;125374;
86937541;125367;
86938049;125370;
86938558;125347;
86939066;125388;
86939574;125384;
86940083;125377;
86940591;125371;
86941100;125368;
86941608;125366;
86942116;125375;
86942625;125381;
86943133;125372;
86943642;125376;
86944150;125383;
86944659;125376;
86945167;125381;
86945675;125372;
86946184;125371;
86946692;125371;
86947201;125362;
86947709;125374;
86948218;125367;
86948726;125378;
86949234;125366;
86949743;125389;
86950251;125381;
86950760;125371;
86951268;125374;
86951776;125375;
86952285;125375;
86952793;125361;
86953302;125376;
86953810;125379;
86954319;125372;
86954827;125368;
86955335;125378;
86955844;125383;
86956352;125453;
86956861;125383;
86957369;125425;
86957878;125345;
86958386;125401;
86958894;125379;
86959403;125324;
86959911;125344;
86960420;125348;
86960928;125354;
86961437;125353;
86961945;125348;
86962454;125361;
86962962;125350;
86963470;125357;
86963979;125344;
86964487;125362;
86964996;125348;
86965504;125349;
86966013;125352;
86966521;125344;
86967029;125318;
86967538;125345;
86968046;125342;
86968555;125341;
86969063;125269;
86969572;125374;
86970080;125301;
86970588;125312;
86971097;125328;
86971605;125291;
86972114;125292;
86972622;125348;
86973131;125270;
86973639;125253;
86974147;125275;
86974656;125259;
86975164;125288;
86975673;125269;
86976181;125265;
86976690;125194;
86977198;125232;
86977706;125255;
86978215;125256;
86978723;125255;
86979232;125269;
86979740;125251;
86980249;125275;
86980757;125241;
86981265;125378;
86981774;125259;
86982282;125277;
86982791;125226;
86983299;125254;
86983808;125244;
86984316;125255;
86984824;125236;
86985333;125395;
86985841;125315;
86986350;125396;
86986858;125191;
86987367;125164;
86987875;124974;
86988384;125287;
86988892;125247;
86989400;125296;
86989909;125255;
86990417;125276;
86990926;125276;
86991434;125274;
86991943;125282;
86992451;125281;
86992959;125295;
86993468;125275;
86993976;125289;
86994485;125297;
86994993;125309;
86995502;125281;
86996010;125292;
86996518;125302;
86997027;125308;
86997535;125299;
86998044;125308;
86998552;125303;
86999061;125301;
86999569;125301;
87000078;125300;
87000586;125314;
87001095;125298;
87001603;125307;
87002111;125311;
87002620;125322;
87003128;125324;
87003637;125314;
87004145;125311;
87004654;125330;
87005162;125317;
87005671;125314;
87006179;125338;
87006687;125296;
87007196;125318;
87007704;125313;
87008213;125311;
87008721;125314;
87009230;125303;
87009738;125317;
87010247;125322;
87010755;125322;
87011263;125318;
87011772;125329;
87012280;125331;
87012789;125316;
87013297;125308;
87013806;125330;
87014314;125319;
87014822;125326;
87015331;125324;
87015839;125337;
87016348;125335;
87016856;125319;
87017365;125327;
87017873;125334;
87018382;125320;
87018890;125329;
87019398;125334;
87019907;125322;
87020415;125334;
87020924;125346;
87021432;125327;
87021941;125329;
87022449;125328;
87022958;125342;
87023466;125334;
87023975;125317;
87024483;125340;
87024991;125333;
87025500;125342;
87026008;125322;
87026517;125351;
87027025;125327;
87027534;125345;
87028042;125330;
87028550;125328;
87029059;125341;
87029567;125328;
87030076;125333;
87030584;125336;
87031093;125324;
87031601;125328;
87032110;125331;
87032618;125349;
87033127;125335;
87033635;125336;
87034144;125351;
87034652;125328;
87035161;125339;
87035669;125338;
87036177;125335;
87036686;125327;
87037194;125325;
87037703;125330;
87038211;125327;
87038720;125332;
87039228;125332;
87039737;125335;
87040245;125335;
87040754;125329;
87041262;125334;
87041770;125338;
87042279;125340;
87042787;125334;
87043296;125340;
87043804;125337;
87044313;125333;
87044821;125343;
87045330;125339;
87045838;125339;
87046347;125332;
87046855;125346;
87047364;125349;
87047872;125341;
87048380;125339;
87048889;125355;
87049397;125342;
87049906;125351;
87050414;125343;
87050923;125347;
87051431;125354;
87051940;125350;
87052448;125344;
87052957;125339;
87053465;125363;
87053973;125338;
87054482;125326;
87054990;125354;
87055499;125346;
87056007;125341;
87056516;125326;
87057024;125348;
87057533;125325;
87058041;125332;
87058550;125350;
87059058;125349;
87059567;125357;
87060075;125344;
87060583;125339;
87061092;125342;
87061600;125340;
87062109;125351;
87062617;125348;
87063126;125345;
87063634;125345;
87064143;125351;
87064651;125359;
87065160;125341;
87065668;125347;
87066177;125345;
87066685;125346;
87067193;125345;
87067702;125343;
87068210;125348;
87068719;125345;
87069227;125347;
87069736;125348;
87070244;125355;
87070752;125347;
87071261;125353;
87071769;125349;
87072278;125354;
87072786;125329;
87073295;125349;
87073803;125350;
87074311;125350;
87074820;125335;
87075328;125341;
87075837;125331;
87076345;125351;
87076854;125347;
87077362;125354;
87077871;125351;
87078379;125335;
87078887;125354;
87079396;125347;
87079904;125343;
87080413;125343;
87080921;125345;
87081430;125341;
87081938;125348;
87082446;125347;
87082955;125345;
87083463;125357;
87083972;125359;
87084480;125330;
87084989;125359;
87085497;125346;
87086006;125349;
87086514;125364;
87087022;125349;
87087531;125353;
87088039;125344;
87088548;125347;
87089056;125352;
87089565;125353;
87090073;125361;
87090581;125344;
87091090;125353;
87091598;125352;
87092107;125347;
87092615;125358;
87093124;125354;
87093632;125338;
87094140;125342;
87094649;125347;
87095157;125348;
87095666;125362;
87096174;125350;
87096683;125364;
87097191;125361;
87097700;125358;
87098208;125353;
87098716;125358;
87099225;125352;
87099733;125355;
87100242;125359;
87100750;125346;
87101259;125359;
87101767;125353;
87102275;125341;
87102784;125349;
87103292;125357;
87103801;125337;
87104309;125359;
87104818;125369;
87105326;125357;
87105835;125344;
87106343;125359;
87106851;125347;
87107360;125347;
87107868;125347;
87108377;125359;
87108885;125353;
87109394;125341;
87109902;125347;
87110411;125355;
87110919;125349;
87111427;125360;
87111936;125352;
87112444;125348;
87112953;125353;
87113461;125357;
87113970;125366;
87114478;125349;
87114986;125359;
87115495;125347;
87116003;125355;
87116512;125340;
87117020;125355;
87117529;125354;
87118037;125356;
87118546;125355;
87119054;125363;
87119563;125346;
87120071;125354;
87120579;125349;
87121088;125354;
87121596;125351;
87122105;125345;
87122613;125349;
87123122;125346;
87123630;125350;
87124139;125362;
87124647;125341;
87125156;125357;
87125664;125354;
87126173;125341;
87126681;125339;
87127189;125337;
87127698;125357;
87128206;125353;
87128715;125352;
87129223;125347;
87129732;125341;
87130240;125350;
87130749;125353;
87131257;125354;
87131766;125363;
87132274;125360;
87132782;125359;
87133291;125358;
87133799;125354;
87134308;125361;
87134816;125362;
87135325;125378;
87135833;125354;
87136342;125365;
87136850;125355;
87137359;125362;
87137867;125357;
87138375;125333;
87138884;125353;
87139392;125348;
87139901;125348;
87140409;125356;
87140918;125360;
87141426;125358;
87141935;125363;
87142443;125363;
87142951;125358;
87143460;125356;
87143968;125369;
87144477;125360;
87144985;125367;
87145494;125358;
87146002;125369;
87146511;125351;
87147019;125361;
87147527;125356;
87148036;125354;
87148544;125362;
87149053;125375;
87149561;125355;
87150070;125361;
87150578;125359;
87151087;125356;
87151595;125362;
87152104;125356;
87152612;125351;
87153120;125361;
87153629;125362;
87154137;125348;
87154646;125353;
87155154;125366;
87155663;125364;
87156171;125365;
87156680;125356;
87157188;125360;
87157696;125358;
87158205;125354;
87158713;125363;
87159222;125358;
87159730;125359;
87160239;125358;
87160747;125369;
87161256;125376;
87161764;125363;
87162273;125354;
87162781;125366;
87163290;125348;
87163798;125373;
87164307;125368;
87164815;125370;
87165323;125373;
87165832;125351;
87166340;125372;
87166849;125357;
87167357;125347;
87167866;125363;
87168374;125357;
87168883;125363;
87169391;125364;
87169900;125384;
87170408;125356;
87170916;125370;
87171425;125364;
87171933;125318;
87172442;125344;
87172950;125319;
87173459;125374;
87173967;125307;
87174476;125298;
87174984;125325;
87175493;125365;
87176001;125381;
87176509;125327;
87177018;125356;
87177526;125348;
87178035;125358;
87178543;125353;
87179052;125354;
87179560;125544;
