87287858;122700;
87288366;122632;
87288875;122707;
87289383;122696;
87289892;122717;
87290400;122691;
87290909;122602;
87291417;122682;
87291926;122700;
87292434;122710;
87292943;122692;
87293451;122709;
87293960;122670;
87294468;122677;
87294976;122706;
87295485;122690;
87295993;122693;
87296502;122706;
87297010;122702;
87297519;122692;
87298027;122698;
87298535;122686;
87299044;122688;
87299552;122694;
87300061;122689;
87300569;122685;
87301078;122694;
87301586;122702;
87302095;122703;
87302603;122695;
87303111;122693;
87303620;122697;
87304128;122682;
87304637;122694;
87305145;122689;
87305654;122702;
87306162;122700;
87306670;122683;
87307179;122702;
87307687;122698;
87308196;122699;
87308704;122697;
87309213;122688;
87309721;122693;
87310230;122702;
87310738;122694;
87311246;122695;
87311755;122695;
87312263;122705;
87312772;122709;
87313280;122690;
87313789;122699;
87314297;122694;
87314806;122696;
87315314;122693;
87315822;122706;
87316331;122709;
87316839;122681;
87317348;122705;
87317856;122689;
87318365;122690;
87318873;122704;
87319382;122689;
87319890;122708;
87320398;122707;
87320907;122704;
87321415;122693;
87321924;122708;
87322432;122693;
87322941;122691;
87323449;122694;
87323957;122690;
87324466;122703;
87324974;122696;
87325483;122687;
87325991;122700;
87326500;122701;
87327008;122700;
87327516;122699;
87328025;122699;
87328533;122697;
87329041;122689;
87329550;122695;
87330058;122705;
87330567;122706;
87331075;122708;
87331583;122695;
87332092;122687;
87332600;122703;
87333109;122702;
87333617;122700;
87334125;122695;
87334634;122697;
87335142;122697;
87335651;122710;
87336159;122694;
87336668;122689;
87337176;122704;
87337684;122709;
87338193;122696;
87338701;122691;
87339210;122702;
87339718;122708;
87340226;122708;
87340735;122719;
87341243;122688;
87341752;122707;
87342260;122706;
87342768;122699;
87343277;122692;
87343785;122710;
87344294;122703;
87344802;122713;
87345311;122703;
87345819;122709;
87346328;122698;
87346836;122705;
87347344;122690;
87347853;122714;
87348361;122704;
87348870;122695;
87349378;122704;
87349887;122721;
87350395;122705;
87350904;122713;
87351412;122712;
87351920;122712;
87352429;122696;
87352937;122721;
87353446;122707;
87353954;122703;
87354463;122718;
87354971;122707;
87355480;122713;
87355988;122711;
87356497;122709;
87357005;122718;
87357514;122711;
87358022;122702;
87358530;122722;
87359039;122707;
87359547;122709;
87360056;122713;
87360564;122705;
87361073;122712;
87361581;122721;
87362090;122708;
87362598;122706;
87363106;122725;
87363615;122724;
87364123;122702;
87364632;122713;
87365140;122726;
87365649;122712;
87366157;122718;
87366666;122724;
87367174;122718;
87367683;122712;
87368191;122712;
87368699;122723;
87369208;122713;
87369716;122720;
87370225;122709;
87370733;122721;
87371242;122710;
87371750;122703;
87372259;122707;
87372767;122718;
87373275;122720;
87373784;122724;
87374292;122712;
87374801;122714;
87375309;122707;
87375818;122721;
87376326;122713;
87376834;122713;
87377343;122726;
87377851;122724;
87378360;122729;
87378868;122731;
87379377;122713;
87379885;122712;
87380393;122716;
87380902;122711;
87381410;122731;
87381919;122720;
87382427;122729;
87382936;122728;
87383444;122698;
87383953;122713;
87384461;122725;
87384969;122723;
87385478;122718;
87385986;122732;
87386495;122721;
87387003;122721;
87387512;122708;
87388020;122727;
87388528;122736;
87389037;122718;
87389545;122717;
87390054;122719;
87390562;122721;
87391071;122726;
87391579;122720;
87392088;122730;
87392596;122707;
87393104;122724;
87393613;122720;
87394121;122736;
87394630;122726;
87395138;122720;
87395647;122726;
87396155;122725;
87396664;122726;
87397172;122730;
87397680;122716;
87398189;122729;
87398697;122725;
87399206;122729;
87399714;122716;
87400223;122731;
87400731;122723;
87401239;122705;
87401748;122719;
87402256;122723;
87402765;122726;
87403273;122723;
87403782;122725;
87404290;122721;
87404799;122723;
87405307;122732;
87405816;122733;
87406324;122736;
87406832;122741;
87407341;122730;
87407849;122728;
87408358;122744;
87408866;122728;
87409375;122724;
87409883;122723;
87410392;122731;
87410900;122729;
87411408;122730;
87411917;122725;
87412425;122726;
87412934;122722;
87413442;122735;
87413951;122720;
87414459;122740;
87414968;122723;
87415476;122722;
87415984;122718;
87416493;122742;
87417001;122736;
87417510;122736;
87418018;122734;
87418527;122729;
87419035;122736;
87419543;122724;
87420052;122741;
87420560;122713;
87421069;122727;
87421577;122735;
87422086;122729;
87422594;122724;
87423102;122729;
87423611;122729;
87424119;122725;
87424628;122735;
87425136;122731;
87425644;122730;
87426153;122724;
87426661;122724;
87427170;122739;
87427678;122750;
87428187;122737;
87428695;122722;
87429203;122728;
87429712;122738;
87430220;122740;
87430729;122738;
87431237;122736;
87431746;122746;
87432254;122733;
87432762;122735;
87433271;122736;
87433779;122735;
87434288;122733;
87434796;122733;
87435305;122723;
87435813;122735;
87436321;122750;
87436830;122732;
87437338;122731;
87437847;122734;
87438355;122740;
87438864;122716;
87439372;122732;
87439881;122720;
87440389;122732;
87440897;122740;
87441406;122728;
87441914;122732;
87442423;122736;
87442931;122745;
87443440;122736;
87443948;122743;
87444456;122721;
87444965;122735;
87445473;122737;
87445982;122735;
87446490;122744;
87446999;122734;
87447507;122726;
87448015;122732;
87448524;122730;
87449032;122733;
87449541;122727;
87450049;122726;
87450558;122737;
87451066;122728;
87451574;122731;
87452083;122742;
87452591;122732;
87453100;122731;
87453608;122733;
87454117;122731;
87454625;122760;
87455134;122745;
87455642;122746;
87456150;122732;
87456659;122745;
87457167;122734;
87457676;122751;
87458184;122744;
87458692;122752;
87459201;122736;
87459709;122739;
87460218;122737;
87460726;122745;
87461235;122739;
87461743;122739;
87462251;122745;
87462760;122736;
87463268;122745;
87463777;122757;
87464285;122742;
87464794;122728;
87465302;122738;
87465811;122735;
87466319;122744;
87466827;122746;
87467336;122738;
87467844;122739;
87468353;122742;
87468861;122740;
87469370;122741;
87469878;122730;
87470387;122743;
87470895;122745;
87471404;122749;
87471912;122750;
87472420;122735;
87472929;122736;
87473437;122743;
87473946;122733;
87474454;122757;
87474963;122738;
87475471;122741;
87475979;122744;
87476488;122761;
87476996;122733;
87477505;122745;
87478013;122734;
87478522;122730;
87479030;122740;
87479539;122754;
87480047;122744;
87480555;122747;
87481064;122751;
87481572;122738;
87482081;122746;
87482589;122744;
87483098;122750;
87483606;122739;
87484114;122734;
87484623;122748;
87485131;122753;
87485640;122752;
87486148;122749;
87486657;122748;
87487165;122746;
87487673;122758;
87488182;122759;
87488690;122733;
87489199;122755;
87489707;122736;
87490216;122756;
87490724;122751;
87491233;122744;
87491741;122739;
87492249;122733;
87492758;122769;
87493266;122739;
87493775;122745;
87494283;122749;
87494792;122746;
87495300;122749;
87495808;122745;
87496317;122752;
87496825;122738;
87497334;122743;
87497842;122738;
87498351;122746;
87498859;122752;
87499367;122746;
87499876;122741;
87500384;122745;
87500893;122747;
87501401;122749;
87501910;122733;
87502418;122746;
87502927;122737;
87503435;122744;
87503944;122740;
87504452;122732;
87504961;122749;
87505469;122734;
87505978;122754;
87506486;122737;
87506995;122745;
87507503;122755;
87508012;122746;
87508520;122734;
87509028;122743;
87509537;122756;
87510045;122744;
87510554;122754;
87511062;122737;
87511571;122751;
87512079;122748;
87512588;122759;
87513096;122750;
87513605;122744;
87514113;122734;
87514622;122745;
87515130;122748;
87515638;122749;
87516147;122733;
87516655;122748;
87517164;122733;
87517672;122761;
87518181;122757;
87518689;122752;
87519198;122741;
87519706;122755;
87520215;122736;
87520723;122752;
87521231;122749;
87521740;122766;
87522248;122754;
87522757;122749;
87523265;122747;
87523774;122747;
87524282;122758;
87524791;122753;
87525299;122738;
87525808;122749;
87526316;122751;
87526825;122741;
87527333;122753;
87527841;122751;
87528350;122749;
87528858;122748;
87529367;122763;
87529875;122740;
87530384;122759;
87530892;122748;
87531401;122737;
87531909;122745;
87532418;122760;
87532926;122750;
87533434;122752;
87533943;122756;
87534451;122762;
87534960;122743;
87535468;122745;
87535977;122772;
87536485;122740;
87536994;122759;
87537502;122754;
87538011;122755;
87538519;122753;
87539028;122741;
87539536;122757;
87540045;122744;
87540553;122741;
87541061;122742;
87541570;122757;
87542078;122740;
87542587;122756;
87543095;122751;
87543604;122752;
87544112;122738;
87544621;122743;
87545129;122754;
87545638;122746;
87546146;122756;
87546655;122752;
87547163;122749;
87547672;122752;
87548180;122751;
87548688;122741;
87549197;122753;
87549705;122743;
87550214;122754;
87550722;122744;
87551231;122750;
87551739;122741;
87552248;122760;
87552756;122746;
87553265;122739;
87553773;122742;
87554282;122752;
87554790;122745;
87555299;122743;
87555807;122757;
87556316;122745;
87556824;122749;
87557333;122750;
87557841;122733;
87558350;122750;
87558858;122736;
87559367;122763;
87559875;122746;
87560384;122744;
87560892;122751;
87561401;122757;
87561909;122758;
87562418;122763;
87562926;122742;
87563435;122733;
87563943;122744;
87564452;122747;
87564960;122747;
87565469;122759;
87565977;122747;
87566486;122729;
87566994;122740;
87567503;122739;
87568011;122734;
87568519;122744;
87569028;122751;
87569536;122734;
87570045;122750;
87570553;122751;
87571062;122757;
87571570;122752;
87572079;122751;
87572587;122752;
87573096;122750;
87573604;122733;
87574113;122765;
87574621;122795;
87575130;122762;
87575638;122755;
87576147;122766;
87576655;122751;
87577164;122760;
87577672;122741;
87578180;122712;
87578689;122745;
87579197;122730;
87579706;122749;
87580214;122747;
87580723;122764;
87581231;122740;
87581740;122788;
87582248;122720;
87582757;122770;
87583265;122689;
87583774;122741;
87584282;122728;
87584791;122775;
87585299;122764;
87585808;122763;
87586316;122721;
87586825;122764;
87587333;122752;
87587842;122719;
87588350;122732;
87588858;122752;
87589367;122759;
87589875;122756;
87590384;122791;
87590892;122792;
87591401;122680;
87591909;122751;
87592418;122768;
87592926;122741;
87593435;122745;
87593943;122755;
87594452;122752;
87594960;122769;
87595469;122722;
87595977;122720;
87596486;122801;
87596994;122642;
87597502;122701;
87598011;122741;
87598519;122743;
87599028;122676;
87599536;122699;
87600045;122681;
87600553;122729;
87601062;122720;
87601570;122747;
87602079;122693;
87602587;122725;
87603096;122721;
87603604;122717;
87604112;122695;
87604621;122712;
87605129;122676;
87605638;122727;
87606146;122755;
87606655;122679;
87607163;122742;
87607672;122635;
87608180;122663;
87608689;122685;
87609197;122790;
87609706;122716;
87610214;122731;
87610723;122530;
87611231;122656;
87611740;122699;
87612248;122671;
87612756;122706;
87613265;122681;
87613773;122750;
87614282;122708;
87614790;122683;
87615299;122662;
87615807;122633;
87616316;122681;
87616824;122819;
87617333;122631;
87617841;122596;
87618350;122685;
87618858;122830;
87619367;122786;
87619875;122571;
87620384;122662;
87620892;122686;
87621401;122715;
87621909;122619;
87622418;122716;
87622926;122642;
87623435;122667;
87623943;122679;
87624452;122682;
87624960;122677;
87625469;122693;
87625977;122639;
87626486;122645;
87626994;122680;
87627503;122745;
87628011;122726;
87628520;122734;
87629028;122723;
87629537;122734;
87630045;122726;
87630554;122730;
87631062;122735;
87631570;122726;
87632079;122728;
87632587;122738;
87633096;122744;
87633604;122723;
87634113;122725;
87634621;122723;
87635130;122708;
87635638;122735;
87636147;122741;
87636655;122710;
87637164;122736;
87637672;122716;
87638181;122739;
87638689;122766;
87639198;122798;
87639706;122762;
87640214;122735;
87640723;122721;
87641231;122725;
87641740;122726;
87642248;122744;
87642757;122707;
87643265;122719;
87643774;122724;
87644282;122743;
87644791;122729;
87645299;122732;
87645808;122755;
87646316;122725;
87646825;122742;
87647333;122735;
87647842;122728;
87648350;122716;
87648859;122728;
87649367;122723;
87649876;122735;
87650384;122737;
87650893;122741;
87651401;122733;
87651910;122741;
87652418;122726;
87652927;122734;
87653435;122749;
87653944;122726;
87654452;122744;
87654961;122751;
87655469;122732;
87655978;122744;
87656486;122729;
87656995;122727;
87657503;122742;
87658012;122739;
87658520;122740;
87659029;122735;
87659537;122742;
87660046;122729;
87660554;122750;
87661063;122727;
87661571;122737;
87662080;122735;
87662588;122728;
87663097;122739;
87663605;122740;
87664114;122723;
87664622;122727;
87665131;122727;
87665639;122747;
87666147;122733;
87666656;122765;
87667164;122736;
87667673;122759;
87668181;122752;
87668690;122728;
87669198;122742;
87669707;122726;
87670215;122735;
87670724;122706;
87671232;122732;
87671741;122738;
87672249;122732;
87672758;122742;
87673266;122734;
87673774;122766;
87674283;122666;
87674791;122698;
87675300;122699;
87675808;122687;
87676317;122696;
87676825;122670;
87677334;122692;
87677842;122691;
87678351;122693;
87678859;122679;
87679368;122679;
87679876;122701;
87680385;122688;
87680893;122690;
87681402;122685;
87681910;122686;
87682418;122678;
87682927;122693;
87683435;122682;
87683944;122588;
87684452;122700;
87684961;122702;
87685469;122694;
87685978;122647;
87686486;122657;
87686995;122639;
87687503;122706;
87688012;122685;
87688520;122677;
87689029;122680;
87689537;122688;
87690046;122725;
87690554;122677;
87691062;122694;
87691571;122688;
87692079;122707;
87692588;122689;
87693096;122705;
87693605;122708;
87694113;122658;
87694622;122729;
87695130;122786;
87695639;122718;
87696147;122733;
87696656;122733;
87697164;122752;
87697673;122705;
87698181;122701;
87698690;122722;
