86684866;58767;
86685374;58857;
86685882;58801;
86686391;58777;
86686899;58755;
86687408;58818;
86687916;58816;
86688424;58801;
86688933;58819;
86689441;58832;
86689950;58828;
86690458;58817;
86690966;58818;
86691475;58851;
86691983;58821;
86692492;58822;
86693000;58794;
86693508;58835;
86694017;58799;
86694525;58793;
86695034;58797;
86695542;58834;
86696050;58815;
86696559;58816;
86697067;58809;
86697576;58815;
86698084;58802;
86698592;58817;
86699101;58812;
86699609;58813;
86700118;58789;
86700626;58815;
86701135;58813;
86701643;58815;
86702151;58806;
86702660;58816;
86703168;58802;
86703677;58811;
86704185;58812;
86704693;58811;
86705202;58804;
86705710;58820;
86706219;58830;
86706727;58798;
86707235;58838;
86707744;58817;
86708252;58828;
86708761;58832;
86709269;58827;
86709777;58837;
86710286;58821;
86710794;58829;
86711303;58828;
86711811;58831;
86712319;58840;
86712828;58835;
86713336;58836;
86713845;58829;
86714353;58824;
86714861;58823;
86715370;58837;
86715878;58829;
86716387;58836;
86716895;58826;
86717403;58843;
86717912;58847;
86718420;58841;
86718929;58843;
86719437;58843;
86719945;58836;
86720454;58836;
86720962;58832;
86721471;58846;
86721979;58836;
86722488;58829;
86722996;58839;
86723504;58833;
86724013;58841;
86724521;58844;
86725030;58850;
86725538;58848;
86726046;58828;
86726555;58839;
86727063;58856;
86727572;58842;
86728080;58835;
86728589;58844;
86729097;58834;
86729605;58849;
86730114;58836;
86730622;58828;
86731131;58844;
86731639;58837;
86732147;58849;
86732656;58834;
86733164;58840;
86733672;58831;
86734181;58844;
86734689;58834;
86735198;58832;
86735706;58833;
86736214;58832;
86736723;58845;
86737231;58843;
86737740;58836;
86738248;58847;
86738756;58834;
86739265;58832;
86739773;58841;
86740281;58832;
86740790;58830;
86741298;58838;
86741807;58840;
86742315;58847;
86742823;58839;
86743332;58845;
86743840;58851;
86744348;58836;
86744857;58834;
86745365;58843;
86745873;58835;
86746382;58851;
86746890;58835;
86747398;58840;
86747907;58845;
86748415;58843;
86748923;58838;
86749432;58850;
86749940;58844;
86750448;58842;
86750957;58848;
86751465;58857;
86751973;58840;
86752482;58847;
86752990;58847;
86753498;58834;
86754007;58841;
86754515;58850;
86755023;58839;
86755532;58842;
86756040;58834;
86756549;58851;
86757057;58851;
86757565;58850;
86758074;58849;
86758582;58851;
86759090;58849;
86759599;58834;
86760107;58850;
86760615;58849;
86761124;58849;
86761632;58839;
86762140;58857;
86762649;58845;
86763157;58851;
86763666;58841;
86764174;58848;
86764682;58839;
86765191;58828;
86765699;58831;
86766208;58860;
86766716;58844;
86767224;58842;
86767733;58853;
86768241;58847;
86768750;58863;
86769258;58845;
86769766;58848;
86770275;58845;
86770783;58855;
86771292;58856;
86771800;58840;
86772308;58853;
86772817;58843;
86773325;58840;
86773834;58852;
86774342;58853;
86774850;58862;
86775359;58854;
86775867;58838;
86776376;58848;
86776884;58864;
86777392;58842;
86777901;58854;
86778409;58840;
86778918;58846;
86779426;58850;
86779934;58844;
86780443;58840;
86780951;58849;
86781459;58851;
86781968;58837;
86782476;58855;
86782985;58836;
86783493;58844;
86784001;58847;
86784510;58862;
86785018;58849;
86785527;58866;
86786035;58851;
86786543;58852;
86787052;58855;
86787560;58836;
86788069;58855;
86788577;58859;
86789085;58851;
86789594;58853;
86790102;58863;
86790611;58855;
86791119;58853;
86791628;58851;
86792136;58852;
86792644;58864;
86793153;58844;
86793661;58852;
86794170;58856;
86794678;58853;
86795186;58850;
86795695;58864;
86796203;58861;
86796712;58847;
86797220;58861;
86797728;58857;
86798237;58862;
86798745;58860;
86799254;58858;
86799762;58839;
86800270;58849;
86800779;58849;
86801287;58852;
86801795;58857;
86802304;58857;
86802812;58850;
86803321;58855;
86803829;58854;
86804337;58864;
86804846;58850;
86805354;58857;
86805863;58866;
86806371;58862;
86806879;58867;
86807388;58843;
86807896;58845;
86808404;58853;
86808913;58854;
86809421;58854;
86809930;58847;
86810438;58839;
86810946;58857;
86811455;58849;
86811963;58855;
86812472;58852;
86812980;58874;
86813488;58851;
86813997;58850;
86814505;58849;
86815014;58850;
86815522;58853;
86816030;58862;
86816539;58857;
86817047;58862;
86817556;58859;
86818064;58841;
86818572;58848;
86819081;58864;
86819589;58846;
86820098;58860;
86820606;58858;
86821114;58844;
86821623;58866;
86822131;58855;
86822640;58863;
86823148;58863;
86823656;58855;
86824165;58858;
86824673;58858;
86825182;58854;
86825690;58852;
86826198;58865;
86826707;58853;
86827215;58869;
86827724;58854;
86828232;58856;
86828740;58862;
86829249;58859;
86829757;58866;
86830266;58868;
86830774;58861;
86831282;58863;
86831791;58861;
86832299;58859;
86832808;58857;
86833316;58862;
86833825;58859;
86834333;58855;
86834841;58866;
86835350;58863;
86835858;58875;
86836367;58864;
86836875;58855;
86837383;58865;
86837892;58860;
86838400;58862;
86838909;58860;
86839417;58859;
86839925;58848;
86840434;58852;
86840942;58863;
86841451;58865;
86841959;58858;
86842467;58860;
86842976;58862;
86843484;58860;
86843993;58857;
86844501;58859;
86845009;58859;
86845518;58857;
86846026;58862;
86846535;58859;
86847043;58873;
86847551;58866;
86848060;58853;
86848568;58860;
86849077;58867;
86849585;58862;
86850093;58851;
86850602;58872;
86851110;58869;
86851619;58857;
86852127;58868;
86852635;58858;
86853144;58872;
86853652;58858;
86854161;58865;
86854669;58873;
86855177;58854;
86855686;58862;
86856194;58857;
86856703;58866;
86857211;58863;
86857719;58848;
86858228;58875;
86858736;58853;
86859245;58874;
86859753;58864;
86860261;58866;
86860770;58864;
86861278;58874;
86861787;58861;
86862295;58868;
86862804;58868;
86863312;58865;
86863820;58844;
86864329;58871;
86864837;58855;
86865346;58866;
86865854;58876;
86866362;58853;
86866871;58875;
86867379;58849;
86867888;58865;
86868396;58875;
86868904;58867;
86869413;58866;
86869921;58867;
86870430;58858;
86870938;58873;
86871446;58859;
86871955;58855;
86872463;58867;
86872972;58872;
86873480;58859;
86873988;58866;
86874497;58862;
86875005;58870;
86875514;58873;
86876022;58876;
86876530;58859;
86877039;58865;
86877547;58869;
86878055;58867;
86878564;58863;
86879072;58866;
86879581;58864;
86880089;58863;
86880597;58859;
86881106;58862;
86881614;58856;
86882123;58870;
86882631;58878;
86883139;58873;
86883648;58890;
86884156;58866;
86884665;58865;
86885173;58873;
86885681;58874;
86886190;58875;
86886698;58870;
86887207;58870;
86887715;58875;
86888223;58863;
86888732;58865;
86889240;58858;
86889748;58879;
86890257;58864;
86890765;58868;
86891274;58869;
86891782;58864;
86892290;58869;
86892799;58864;
86893307;58873;
86893816;58863;
86894324;58860;
86894833;58875;
86895341;58865;
86895849;58865;
86896358;58861;
86896866;58879;
86897375;58871;
86897883;58871;
86898391;58874;
86898900;58877;
86899408;58869;
86899917;58867;
86900425;58885;
86900933;58868;
86901442;58872;
86901950;58867;
86902459;58866;
86902967;58877;
86903475;58875;
86903984;58872;
86904492;58871;
86905001;58843;
86905509;58881;
86906017;58860;
86906526;58869;
86907034;58863;
86907542;58856;
86908051;58876;
86908559;58879;
86909068;58875;
86909576;58883;
86910084;58867;
86910593;58879;
86911101;58869;
86911610;58875;
86912118;58880;
86912626;58871;
86913135;58866;
86913643;58860;
86914152;58862;
86914660;58870;
86915168;58871;
86915677;58861;
86916185;58876;
86916694;58866;
86917202;58877;
86917710;58871;
86918219;58866;
86918727;58861;
86919236;58868;
86919744;58869;
86920253;58858;
86920761;58870;
86921269;58875;
86921778;58863;
86922286;58864;
86922795;58867;
86923303;58871;
86923812;58865;
86924320;58875;
86924828;58870;
86925337;58867;
86925845;58861;
86926354;58873;
86926862;58860;
86927371;58871;
86927879;58878;
86928387;58860;
86928896;58869;
86929404;58868;
86929913;58880;
86930421;58863;
86930930;58871;
86931438;58865;
86931946;58880;
86932455;58874;
86932963;58879;
86933472;58876;
86933980;58862;
86934489;58861;
86934997;58872;
86935505;58873;
86936014;58867;
86936522;58871;
86937031;58886;
86937539;58867;
86938048;58878;
86938556;58867;
86939065;58868;
86939573;58868;
86940081;58857;
86940590;58871;
86941098;58882;
86941607;58869;
86942115;58874;
86942623;58871;
86943132;58873;
86943640;58855;
86944149;58879;
86944657;58877;
86945166;58873;
86945674;58872;
86946182;58859;
86946691;58857;
86947199;58862;
86947708;58865;
86948216;58852;
86948725;58876;
86949233;58868;
86949741;58854;
86950250;58856;
86950758;58859;
86951267;58882;
86951775;58878;
86952283;58859;
86952792;58865;
86953300;58869;
86953809;58863;
86954317;58865;
86954826;58871;
86955334;58868;
86955842;58868;
86956351;58894;
86956859;58868;
86957368;58877;
86957876;58851;
86958385;58874;
86958893;58871;
86959401;58861;
86959910;58847;
86960418;58857;
86960927;58872;
86961435;58855;
86961944;58850;
86962452;58858;
86962961;58850;
86963469;58870;
86963977;58855;
86964486;58862;
86964994;58852;
86965503;58859;
86966011;58860;
86966520;58853;
86967028;58839;
86967536;58865;
86968045;58870;
86968553;58866;
86969062;58835;
86969570;58876;
86970079;58851;
86970587;58853;
86971095;58877;
86971604;58844;
86972112;58847;
86972621;58875;
86973129;58843;
86973638;58863;
86974146;58842;
86974654;58845;
86975163;58869;
86975671;58843;
86976180;58851;
86976688;58807;
86977197;58852;
86977705;58856;
86978213;58858;
86978722;58864;
86979230;58856;
86979739;58835;
86980247;58860;
86980756;58856;
86981264;58926;
86981772;58864;
86982281;58864;
86982789;58845;
86983298;58848;
86983806;58845;
86984315;58860;
86984823;58841;
86985332;58922;
86985840;58866;
86986348;58934;
86986857;58787;
86987365;58786;
86987874;58683;
86988382;58855;
86988891;58847;
86989399;58856;
86989907;58843;
86990416;58860;
86990924;58846;
86991433;58852;
86991941;58851;
86992450;58852;
86992958;58855;
86993467;58840;
86993975;58862;
86994483;58849;
86994992;58861;
86995500;58854;
86996009;58839;
86996517;58844;
86997026;58841;
86997534;58848;
86998042;58838;
86998551;58859;
86999059;58851;
86999568;58837;
87000076;58860;
87000585;58840;
87001093;58856;
87001602;58838;
87002110;58849;
87002618;58861;
87003127;58844;
87003635;58845;
87004144;58854;
87004652;58846;
87005161;58845;
87005669;58845;
87006178;58859;
87006686;58855;
87007194;58851;
87007703;58864;
87008211;58843;
87008720;58853;
87009228;58840;
87009737;58858;
87010245;58846;
87010754;58845;
87011262;58866;
87011770;58859;
87012279;58848;
87012787;58848;
87013296;58841;
87013804;58859;
87014313;58857;
87014821;58847;
87015330;58837;
87015838;58854;
87016346;58856;
87016855;58853;
87017363;58851;
87017872;58845;
87018380;58849;
87018889;58847;
87019397;58855;
87019906;58854;
87020414;58859;
87020922;58854;
87021431;58853;
87021939;58851;
87022448;58848;
87022956;58854;
87023465;58851;
87023973;58857;
87024482;58855;
87024990;58849;
87025498;58862;
87026007;58857;
87026515;58849;
87027024;58852;
87027532;58857;
87028041;58863;
87028549;58847;
87029058;58851;
87029566;58839;
87030074;58874;
87030583;58865;
87031091;58848;
87031600;58849;
87032108;58849;
87032617;58846;
87033125;58869;
87033634;58853;
87034142;58854;
87034651;58848;
87035159;58852;
87035668;58857;
87036176;58851;
87036684;58860;
87037193;58857;
87037701;58858;
87038210;58842;
87038718;58851;
87039227;58841;
87039735;58858;
87040244;58857;
87040752;58852;
87041261;58853;
87041769;58853;
87042278;58851;
87042786;58861;
87043294;58843;
87043803;58859;
87044311;58859;
87044820;58847;
87045328;58849;
87045837;58859;
87046345;58859;
87046854;58837;
87047362;58858;
87047871;58851;
87048379;58846;
87048887;58853;
87049396;58843;
87049904;58867;
87050413;58845;
87050921;58861;
87051430;58853;
87051938;58864;
87052447;58855;
87052955;58858;
87053464;58865;
87053972;58854;
87054480;58855;
87054989;58853;
87055497;58860;
87056006;58847;
87056514;58843;
87057023;58854;
87057531;58862;
87058040;58862;
87058548;58850;
87059057;58844;
87059565;58840;
87060074;58846;
87060582;58848;
87061090;58865;
87061599;58858;
87062107;58856;
87062616;58849;
87063124;58867;
87063633;58849;
87064141;58859;
87064650;58852;
87065158;58850;
87065667;58848;
87066175;58857;
87066684;58855;
87067192;58853;
87067700;58864;
87068209;58854;
87068717;58851;
87069226;58861;
87069734;58849;
87070243;58858;
87070751;58860;
87071259;58858;
87071768;58853;
87072276;58855;
87072785;58866;
87073293;58851;
87073802;58854;
87074310;58864;
87074819;58848;
87075327;58848;
87075835;58849;
87076344;58854;
87076852;58864;
87077361;58842;
87077869;58864;
87078378;58854;
87078886;58858;
87079394;58837;
87079903;58845;
87080411;58859;
87080920;58853;
87081428;58855;
87081937;58853;
87082445;58851;
87082953;58855;
87083462;58844;
87083970;58864;
87084479;58856;
87084987;58849;
87085496;58849;
87086004;58845;
87086513;58861;
87087021;58869;
87087529;58863;
87088038;58855;
87088546;58838;
87089055;58855;
87089563;58845;
87090072;58861;
87090580;58873;
87091088;58863;
87091597;58847;
87092105;58870;
87092614;58852;
87093122;58846;
87093631;58855;
87094139;58864;
87094647;58856;
87095156;58861;
87095664;58856;
87096173;58860;
87096681;58851;
87097190;58873;
87097698;58850;
87098207;58862;
87098715;58862;
87099223;58863;
87099732;58860;
87100240;58863;
87100749;58857;
87101257;58860;
87101766;58864;
87102274;58862;
87102782;58855;
87103291;58872;
87103799;58848;
87104308;58859;
87104816;58872;
87105325;58851;
87105833;58856;
87106342;58856;
87106850;58862;
87107358;58846;
87107867;58849;
87108375;58858;
87108884;58862;
87109392;58854;
87109901;58840;
87110409;58860;
87110918;58854;
87111426;58843;
87111934;58853;
87112443;58845;
87112951;58868;
87113460;58847;
87113968;58860;
87114477;58856;
87114985;58846;
87115494;58850;
87116002;58852;
87116510;58861;
87117019;58853;
87117527;58844;
87118036;58860;
87118544;58866;
87119053;58849;
87119561;58858;
87120070;58853;
87120578;58854;
87121086;58853;
87121595;58852;
87122103;58848;
87122612;58859;
87123120;58832;
87123629;58858;
87124137;58858;
87124646;58858;
87125154;58866;
87125663;58845;
87126171;58857;
87126680;58844;
87127188;58870;
87127696;58834;
87128205;58853;
87128713;58852;
87129222;58856;
87129730;58849;
87130239;58853;
87130747;58861;
87131256;58848;
87131764;58858;
87132273;58843;
87132781;58865;
87133290;58840;
87133798;58864;
87134306;58856;
87134815;58854;
87135323;58856;
87135832;58849;
87136340;58847;
87136849;58852;
87137357;58860;
87137866;58853;
87138374;58856;
87138882;58853;
87139391;58851;
87139899;58854;
87140408;58864;
87140916;58866;
87141425;58856;
87141933;58861;
87142442;58848;
87142950;58862;
87143458;58861;
87143967;58852;
87144475;58860;
87144984;58851;
87145492;58849;
87146001;58863;
87146509;58859;
87147018;58865;
87147526;58842;
87148034;58851;
87148543;58839;
87149051;58863;
87149560;58856;
87150068;58845;
87150577;58863;
87151085;58857;
87151594;58860;
87152102;58856;
87152611;58854;
87153119;58857;
87153627;58859;
87154136;58862;
87154644;58857;
87155153;58854;
87155661;58845;
87156170;58852;
87156678;58853;
87157187;58852;
87157695;58861;
87158204;58860;
87158712;58857;
87159220;58860;
87159729;58857;
87160237;58848;
87160746;58866;
87161254;58856;
87161763;58854;
87162271;58857;
87162780;58859;
87163288;58873;
87163797;58871;
87164305;58861;
87164814;58860;
87165322;58850;
87165830;58852;
87166339;58864;
87166847;58856;
87167356;58851;
87167864;58859;
87168373;58857;
87168881;58878;
87169390;58850;
87169898;58847;
87170407;58857;
87170915;58851;
87171423;58851;
87171932;58836;
87172440;58843;
87172949;58842;
87173457;58862;
87173966;58832;
87174474;58815;
87174983;58834;
87175491;58851;
87176000;58867;
87176508;58840;
87177017;58855;
87177525;58847;
87178033;58850;
87178542;58858;
87179050;58844;
87179559;58962;
87180067;58872;
