86170400;53635;
86170909;53613;
86171417;53519;
86171925;53491;
86172434;53511;
86172942;53567;
86173450;53585;
86173959;53580;
86174467;53562;
86174976;53545;
86175484;53514;
86175992;53511;
86176501;53542;
86177009;53519;
86177517;53561;
86178026;53546;
86178534;53542;
86179043;53563;
86179551;53547;
86180059;53560;
86180568;53543;
86181076;53553;
86181584;53553;
86182093;53553;
86182601;53555;
86183109;53530;
86183618;53540;
86184126;53544;
86184634;53537;
86185143;53522;
86185651;53519;
86186159;53546;
86186668;53536;
86187176;53540;
86187684;53509;
86188193;53513;
86188701;53520;
86189209;53506;
86189718;53529;
86190226;53557;
86190734;53547;
86191243;53557;
86191751;53541;
86192260;53565;
86192768;53522;
86193276;53502;
86193785;53527;
86194293;53540;
86194801;53551;
86195310;53556;
86195818;53518;
86196326;53527;
86196835;53528;
86197343;53546;
86197851;53565;
86198360;53596;
86198868;53556;
86199377;53545;
86199885;53555;
86200393;53573;
86200902;53547;
86201410;53541;
86201918;53558;
86202427;53556;
86202935;53502;
86203443;53538;
86203952;53530;
86204460;53537;
86204969;53554;
86205477;53576;
86205985;53573;
86206494;53545;
86207002;53537;
86207510;53509;
86208019;53531;
86208527;53556;
86209035;53556;
86209544;53564;
86210052;53558;
86210560;53553;
86211069;53567;
86211577;53552;
86212086;53540;
86212594;53551;
86213102;53526;
86213611;53576;
86214119;53583;
86214627;53569;
86215136;53562;
86215644;53553;
86216153;53558;
86216661;53567;
86217169;53550;
86217678;53549;
86218186;53555;
86218694;53547;
86219203;53551;
86219711;53546;
86220220;53571;
86220728;53538;
86221236;53558;
86221745;53556;
86222253;53526;
86222761;53544;
86223270;53553;
86223778;53553;
86224286;53526;
86224795;53572;
86225303;53532;
86225811;53537;
86226320;53562;
86226828;53551;
86227337;53562;
86227845;53551;
86228353;53557;
86228862;53541;
86229370;53562;
86229879;53572;
86230387;53564;
86230895;53548;
86231404;53563;
86231912;53555;
86232420;53555;
86232929;53547;
86233437;53549;
86233946;53575;
86234454;53558;
86234962;53561;
86235471;53554;
86235979;53567;
86236487;53560;
86236996;53540;
86237504;53576;
86238012;53562;
86238521;53568;
86239029;53582;
86239537;53577;
86240046;53601;
86240554;53575;
86241062;53581;
86241571;53577;
86242079;53540;
86242587;53558;
86243096;53575;
86243604;53563;
86244113;53571;
86244621;53607;
86245129;53581;
86245638;53547;
86246146;53570;
86246654;53561;
86247163;53553;
86247671;53542;
86248179;53565;
86248688;53557;
86249196;53553;
86249704;53559;
86250213;53563;
86250721;53565;
86251229;53514;
86251738;53442;
86252246;53515;
86252754;53542;
86253263;53586;
86253771;53566;
86254279;53578;
86254788;53554;
86255296;53555;
86255804;53560;
86256313;53561;
86256821;53563;
86257329;53562;
86257838;53578;
86258346;53560;
86258854;53560;
86259363;53555;
86259871;53548;
86260379;53571;
86260888;53547;
86261396;53558;
86261904;53555;
86262413;53559;
86262921;53571;
86263429;53571;
86263938;53568;
86264446;53574;
86264954;53554;
86265463;53558;
86265971;53552;
86266479;53563;
86266988;53568;
86267496;53560;
86268004;53565;
86268513;53561;
86269021;53565;
86269529;53572;
86270038;53570;
86270546;53561;
86271054;53565;
86271563;53565;
86272071;53545;
86272579;53557;
86273088;53554;
86273596;53557;
86274104;53561;
86274613;53558;
86275121;53562;
86275630;53566;
86276138;53556;
86276646;53571;
86277155;53573;
86277663;53559;
86278171;53563;
86278680;53557;
86279188;53558;
86279696;53564;
86280205;53560;
86280713;53554;
86281221;53560;
86281730;53565;
86282238;53553;
86282747;53564;
86283255;53555;
86283763;53558;
86284272;53571;
86284780;53546;
86285289;53572;
86285797;53557;
86286305;53558;
86286814;53567;
86287322;53563;
86287830;53562;
86288339;53564;
86288847;53569;
86289356;53558;
86289864;53574;
86290372;53562;
86290881;53553;
86291389;53556;
86291897;53552;
86292406;53558;
86292914;53567;
86293423;53571;
86293931;53563;
86294439;53563;
86294948;53570;
86295456;53557;
86295964;53555;
86296473;53575;
86296981;53570;
86297489;53562;
86297998;53560;
86298506;53565;
86299014;53570;
86299523;53554;
86300031;53568;
86300540;53556;
86301048;53567;
86301556;53555;
86302065;53574;
86302573;53567;
86303081;53550;
86303590;53562;
86304098;53556;
86304606;53561;
86305115;53560;
86305623;53558;
86306131;53553;
86306640;53554;
86307148;53576;
86307656;53560;
86308165;53562;
86308673;53568;
86309181;53569;
86309690;53560;
86310198;53559;
86310706;53563;
86311215;53561;
86311723;53551;
86312231;53562;
86312740;53561;
86313248;53566;
86313757;53556;
86314265;53562;
86314773;53551;
86315282;53570;
86315790;53556;
86316298;53569;
86316807;53547;
86317315;53578;
86317823;53563;
86318332;53556;
86318840;53551;
86319348;53560;
86319857;53567;
86320365;53559;
86320873;53573;
86321382;53566;
86321890;53548;
86322399;53581;
86322907;53553;
86323415;53560;
86323924;53570;
86324432;53574;
86324940;53574;
86325449;53580;
86325957;53564;
86326466;53562;
86326974;53563;
86327482;53578;
86327991;53564;
86328499;53570;
86329007;53574;
86329516;53567;
86330024;53589;
86330533;53563;
86331041;53579;
86331549;53578;
86332058;53567;
86332566;53569;
86333074;53565;
86333583;53552;
86334091;53574;
86334600;53567;
86335108;53571;
86335616;53558;
86336125;53558;
86336633;53568;
86337141;53576;
86337650;53562;
86338158;53561;
86338666;53578;
86339175;53576;
86339683;53568;
86340191;53570;
86340700;53570;
86341208;53563;
86341716;53549;
86342225;53562;
86342733;53568;
86343242;53578;
86343750;53564;
86344258;53581;
86344767;53572;
86345275;53566;
86345783;53555;
86346292;53558;
86346800;53579;
86347308;53569;
86347817;53562;
86348325;53581;
86348833;53588;
86349342;53577;
86349850;53571;
86350358;53579;
86350867;53570;
86351375;53569;
86351883;53583;
86352392;53579;
86352900;53582;
86353408;53575;
86353917;53566;
86354425;53566;
86354934;53572;
86355442;53568;
86355950;53573;
86356459;53571;
86356967;53575;
86357475;53573;
86357984;53564;
86358492;53562;
86359000;53575;
86359509;53577;
86360017;53579;
86360525;53574;
86361034;53559;
86361542;53553;
86362050;53570;
86362559;53569;
86363067;53571;
86363575;53578;
86364084;53572;
86364592;53572;
86365101;53564;
86365609;53574;
86366117;53568;
86366626;53557;
86367134;53569;
86367642;53582;
86368151;53577;
86368659;53585;
86369167;53574;
86369676;53559;
86370184;53576;
86370692;53561;
86371201;53555;
86371709;53575;
86372218;53575;
86372726;53571;
86373234;53567;
86373743;53570;
86374251;53568;
86374759;53574;
86375268;53557;
86375776;53569;
86376284;53569;
86376793;53563;
86377301;53579;
86377809;53562;
86378318;53562;
86378826;53574;
86379334;53576;
86379843;53570;
86380351;53570;
86380859;53562;
86381368;53563;
86381876;53567;
86382384;53572;
86382893;53576;
86383401;53589;
86383910;53565;
86384418;53576;
86384926;53568;
86385435;53562;
86385943;53572;
86386451;53566;
86386960;53568;
86387468;53573;
86387976;53553;
86388485;53579;
86388993;53570;
86389502;53569;
86390010;53566;
86390518;53571;
86391027;53565;
86391535;53584;
86392043;53554;
86392552;53569;
86393060;53571;
86393568;53571;
86394077;53558;
86394585;53566;
86395093;53562;
86395602;53571;
86396110;53563;
86396618;53571;
86397127;53577;
86397635;53573;
86398143;53579;
86398652;53559;
86399160;53562;
86399669;53569;
86400177;53564;
86400685;53567;
86401194;53570;
86401702;53565;
86402210;53569;
86402719;53579;
86403227;53564;
86403735;53561;
86404244;53582;
86404752;53564;
86405260;53585;
86405769;53581;
86406277;53569;
86406785;53577;
86407294;53577;
86407802;53568;
86408310;53557;
86408819;53566;
86409327;53565;
86409835;53577;
86410344;53568;
86410852;53575;
86411360;53562;
86411869;53568;
86412377;53578;
86412886;53570;
86413394;53576;
86413902;53578;
86414411;53567;
86414919;53572;
86415427;53569;
86415936;53564;
86416444;53571;
86416952;53575;
86417461;53567;
86417969;53573;
86418477;53571;
86418986;53570;
86419494;53574;
86420002;53564;
86420511;53579;
86421019;53565;
86421527;53584;
86422036;53558;
86422544;53570;
86423052;53565;
86423561;53574;
86424069;53557;
86424577;53575;
86425086;53563;
86425594;53569;
86426102;53575;
86426611;53570;
86427119;53573;
86427627;53568;
86428136;53566;
86428644;53567;
86429152;53572;
86429661;53567;
86430169;53569;
86430677;53561;
86431186;53575;
86431694;53579;
86432203;53580;
86432711;53577;
86433219;53574;
86433728;53571;
86434236;53574;
86434744;53579;
86435253;53578;
86435761;53565;
86436269;53587;
86436778;53577;
86437286;53570;
86437794;53565;
86438303;53580;
86438811;53583;
86439319;53576;
86439828;53569;
86440336;53584;
86440844;53573;
86441353;53570;
86441861;53570;
86442369;53578;
86442878;53567;
86443386;53572;
86443894;53574;
86444403;53575;
86444911;53552;
86445420;53577;
86445928;53560;
86446436;53567;
86446945;53574;
86447453;53570;
86447961;53559;
86448470;53573;
86448978;53569;
86449486;53574;
86449995;53573;
86450503;53575;
86451012;53566;
86451520;53566;
86452028;53576;
86452537;53576;
86453045;53568;
86453553;53575;
86454062;53575;
86454570;53577;
86455079;53571;
86455587;53564;
86456095;53563;
86456604;53579;
86457112;53583;
86457621;53569;
86458129;53569;
86458637;53576;
86459146;53565;
86459654;53571;
86460162;53575;
86460671;53566;
86461179;53561;
86461688;53565;
86462196;53566;
86462704;53569;
86463213;53567;
86463721;53577;
86464229;53575;
86464738;53582;
86465246;53574;
86465754;53558;
86466263;53576;
86466771;53571;
86467279;53562;
86467788;53572;
86468296;53590;
86468804;53579;
86469313;53571;
86469821;53568;
86470329;53568;
86470838;53575;
86471346;53581;
86471855;53585;
86472363;53571;
86472871;53572;
86473380;53576;
86473888;53561;
86474396;53585;
86474905;53581;
86475413;53580;
86475922;53573;
86476430;53563;
86476938;53581;
86477447;53567;
86477955;53560;
86478464;53576;
86478972;53575;
86479480;53561;
86479989;53572;
86480497;53577;
86481006;53584;
86481514;53564;
86482022;53583;
86482531;53568;
86483039;53578;
86483548;53578;
86484056;53572;
86484564;53580;
86485073;53576;
86485581;53586;
86486090;53584;
86486598;53572;
86487106;53586;
86487615;53569;
86488123;53554;
86488632;53570;
86489140;53569;
86489648;53563;
86490157;53576;
86490665;53585;
86491174;53573;
86491682;53564;
86492190;53589;
86492699;53572;
86493207;53582;
86493716;53581;
86494224;53589;
86494732;53570;
86495241;53583;
86495749;53580;
86496257;53579;
86496766;53569;
86497274;53569;
86497783;53591;
86498291;53580;
86498799;53568;
86499308;53571;
86499816;53584;
86500324;53576;
86500833;53565;
86501341;53581;
86501850;53587;
86502358;53577;
86502866;53576;
86503375;53592;
86503883;53561;
86504391;53569;
86504900;53586;
86505408;53570;
86505917;53576;
86506425;53571;
86506933;53570;
86507442;53573;
86507950;53581;
86508459;53586;
86508967;53576;
86509475;53575;
86509984;53569;
86510492;53583;
86511000;53570;
86511509;53584;
86512017;53583;
86512526;53566;
86513034;53559;
86513542;53570;
86514051;53583;
86514559;53589;
86515068;53569;
86515576;53584;
86516084;53561;
86516593;53577;
86517101;53580;
86517609;53583;
86518118;53579;
86518626;53594;
86519135;53582;
86519643;53589;
86520151;53579;
86520660;53566;
86521168;53569;
86521676;53574;
86522185;53579;
86522693;53573;
86523202;53573;
86523710;53574;
86524218;53582;
86524727;53571;
86525235;53581;
86525743;53571;
86526252;53569;
86526760;53582;
86527269;53572;
86527777;53572;
86528285;53574;
86528794;53572;
86529302;53570;
86529810;53583;
86530319;53566;
86530827;53576;
86531335;53565;
86531844;53578;
86532352;53573;
86532861;53573;
86533369;53576;
86533877;53574;
86534386;53578;
86534894;53560;
86535403;53581;
86535911;53590;
86536419;53569;
86536928;53565;
86537436;53581;
86537944;53580;
86538453;53588;
86538961;53588;
86539470;53583;
86539978;53573;
86540486;53586;
86540995;53576;
86541503;53575;
86542011;53580;
86542520;53574;
86543028;53580;
86543537;53568;
86544045;53580;
86544553;53572;
86545062;53583;
86545570;53570;
86546079;53580;
86546587;53582;
86547095;53565;
86547604;53580;
86548112;53582;
86548620;53575;
86549129;53580;
86549637;53575;
86550146;53586;
86550654;53563;
86551162;53583;
86551671;53561;
86552179;53582;
86552688;53568;
86553196;53574;
86553704;53578;
86554213;53588;
86554721;53581;
86555229;53577;
86555738;53570;
86556246;53571;
86556754;53579;
86557263;53574;
86557771;53574;
86558280;53575;
86558788;53566;
86559296;53573;
86559805;53582;
86560313;53585;
86560821;53577;
86561330;53559;
86561838;53579;
86562347;53557;
86562855;53573;
86563363;53564;
86563872;53583;
86564380;53585;
86564888;53587;
86565397;53581;
86565905;53572;
86566413;53572;
86566922;53570;
86567430;53513;
86567938;53552;
86568447;53560;
86568955;53599;
86569464;53596;
86569972;53574;
86570480;53577;
86570989;53557;
86571497;53560;
86572005;53565;
86572514;53575;
86573022;53667;
86573530;53666;
86574039;53585;
86574547;53621;
86575056;53578;
86575564;53541;
