87288365;234637;
87288874;234836;
87289382;234820;
87289891;234848;
87290399;234774;
87290908;234561;
87291416;234817;
87291925;234797;
87292433;234826;
87292942;234839;
87293450;234850;
87293959;234777;
87294467;234776;
87294976;234854;
87295484;234846;
87295992;234841;
87296501;234832;
87297009;234845;
87297518;234825;
87298026;234836;
87298535;234839;
87299043;234826;
87299551;234829;
87300060;234832;
87300568;234836;
87301077;234834;
87301585;234835;
87302094;234831;
87302602;234847;
87303111;234835;
87303619;234836;
87304127;234849;
87304636;234836;
87305144;234833;
87305653;234835;
87306161;234831;
87306670;234837;
87307178;234839;
87307686;234843;
87308195;234834;
87308703;234844;
87309212;234845;
87309720;234851;
87310229;234850;
87310737;234839;
87311245;234855;
87311754;234836;
87312262;234847;
87312771;234837;
87313279;234831;
87313788;234841;
87314296;234829;
87314805;234861;
87315313;234845;
87315821;234835;
87316330;234850;
87316838;234842;
87317347;234847;
87317855;234853;
87318364;234839;
87318872;234861;
87319381;234843;
87319889;234847;
87320398;234849;
87320906;234859;
87321414;234846;
87321923;234854;
87322431;234863;
87322940;234851;
87323448;234861;
87323957;234861;
87324465;234866;
87324973;234850;
87325482;234861;
87325990;234860;
87326499;234874;
87327007;234850;
87327515;234871;
87328024;234868;
87328532;234857;
87329041;234854;
87329549;234860;
87330057;234849;
87330566;234858;
87331074;234873;
87331583;234854;
87332091;234859;
87332599;234865;
87333108;234850;
87333616;234852;
87334125;234856;
87334633;234865;
87335141;234873;
87335650;234851;
87336158;234859;
87336667;234844;
87337175;234858;
87337683;234848;
87338192;234861;
87338700;234867;
87339209;234855;
87339717;234856;
87340225;234870;
87340734;234851;
87341242;234860;
87341751;234864;
87342259;234848;
87342768;234869;
87343276;234875;
87343784;234870;
87344293;234866;
87344801;234867;
87345310;234866;
87345818;234867;
87346327;234863;
87346835;234861;
87347343;234875;
87347852;234881;
87348360;234847;
87348869;234865;
87349377;234865;
87349886;234880;
87350394;234870;
87350903;234864;
87351411;234858;
87351920;234857;
87352428;234864;
87352936;234870;
87353445;234875;
87353953;234866;
87354462;234884;
87354970;234867;
87355479;234866;
87355987;234864;
87356496;234879;
87357004;234876;
87357513;234872;
87358021;234864;
87358530;234860;
87359038;234875;
87359546;234869;
87360055;234871;
87360563;234884;
87361072;234864;
87361580;234882;
87362089;234877;
87362597;234870;
87363105;234869;
87363614;234884;
87364122;234880;
87364631;234880;
87365139;234887;
87365648;234857;
87366156;234870;
87366665;234886;
87367173;234869;
87367682;234898;
87368190;234884;
87368699;234872;
87369207;234887;
87369715;234882;
87370224;234882;
87370732;234892;
87371241;234881;
87371749;234878;
87372258;234894;
87372766;234879;
87373274;234879;
87373783;234899;
87374291;234888;
87374800;234891;
87375308;234904;
87375817;234897;
87376325;234893;
87376833;234891;
87377342;234889;
87377850;234882;
87378359;234897;
87378867;234880;
87379376;234901;
87379884;234897;
87380393;234878;
87380901;234891;
87381409;234898;
87381918;234890;
87382426;234888;
87382935;234870;
87383443;234890;
87383952;234888;
87384460;234884;
87384968;234880;
87385477;234878;
87385985;234877;
87386494;234900;
87387002;234888;
87387511;234897;
87388019;234901;
87388528;234896;
87389036;234901;
87389544;234900;
87390053;234882;
87390561;234889;
87391070;234904;
87391578;234887;
87392087;234888;
87392595;234897;
87393104;234883;
87393612;234909;
87394120;234898;
87394629;234901;
87395137;234890;
87395646;234894;
87396154;234893;
87396663;234899;
87397171;234902;
87397679;234899;
87398188;234904;
87398696;234908;
87399205;234912;
87399713;234906;
87400222;234916;
87400730;234890;
87401239;234902;
87401747;234901;
87402255;234914;
87402764;234898;
87403272;234895;
87403781;234905;
87404289;234894;
87404798;234898;
87405306;234907;
87405815;234892;
87406323;234910;
87406832;234905;
87407340;234909;
87407848;234913;
87408357;234895;
87408865;234910;
87409374;234912;
87409882;234907;
87410391;234912;
87410899;234897;
87411408;234910;
87411916;234898;
87412424;234914;
87412933;234900;
87413441;234918;
87413950;234897;
87414458;234905;
87414967;234910;
87415475;234916;
87415983;234902;
87416492;234902;
87417000;234912;
87417509;234915;
87418017;234903;
87418526;234914;
87419034;234930;
87419542;234908;
87420051;234932;
87420559;234898;
87421068;234919;
87421576;234904;
87422085;234902;
87422593;234902;
87423101;234901;
87423610;234918;
87424118;234907;
87424627;234917;
87425135;234906;
87425643;234920;
87426152;234926;
87426660;234915;
87427169;234909;
87427677;234902;
87428186;234892;
87428694;234923;
87429202;234908;
87429711;234923;
87430219;234920;
87430728;234908;
87431236;234923;
87431745;234913;
87432253;234935;
87432761;234924;
87433270;234919;
87433778;234917;
87434287;234923;
87434795;234914;
87435304;234919;
87435812;234931;
87436321;234916;
87436829;234915;
87437337;234907;
87437846;234917;
87438354;234926;
87438863;234913;
87439371;234934;
87439880;234925;
87440388;234918;
87440897;234917;
87441405;234918;
87441913;234920;
87442422;234927;
87442930;234921;
87443439;234920;
87443947;234926;
87444456;234935;
87444964;234920;
87445472;234925;
87445981;234935;
87446489;234930;
87446998;234917;
87447506;234940;
87448015;234940;
87448523;234920;
87449031;234920;
87449540;234934;
87450048;234921;
87450557;234940;
87451065;234911;
87451573;234942;
87452082;234932;
87452590;234943;
87453099;234936;
87453607;234931;
87454116;234922;
87454624;234927;
87455133;234930;
87455641;234929;
87456149;234935;
87456658;234930;
87457166;234930;
87457675;234934;
87458183;234931;
87458692;234942;
87459200;234923;
87459708;234950;
87460217;234947;
87460725;234943;
87461234;234946;
87461742;234940;
87462251;234937;
87462759;234939;
87463267;234924;
87463776;234943;
87464284;234933;
87464793;234931;
87465301;234937;
87465810;234946;
87466318;234936;
87466827;234943;
87467335;234931;
87467843;234950;
87468352;234939;
87468860;234949;
87469369;234928;
87469877;234945;
87470386;234929;
87470894;234941;
87471403;234935;
87471911;234930;
87472419;234950;
87472928;234946;
87473436;234951;
87473945;234944;
87474453;234945;
87474962;234936;
87475470;234961;
87475978;234949;
87476487;234936;
87476995;234946;
87477504;234940;
87478012;234938;
87478521;234960;
87479029;234942;
87479538;234944;
87480046;234959;
87480554;234938;
87481063;234955;
87481571;234942;
87482080;234942;
87482588;234937;
87483097;234955;
87483605;234958;
87484114;234940;
87484622;234964;
87485130;234961;
87485639;234956;
87486147;234946;
87486656;234954;
87487164;234945;
87487673;234961;
87488181;234968;
87488689;234964;
87489198;234949;
87489706;234957;
87490215;234936;
87490723;234958;
87491232;234961;
87491740;234945;
87492248;234948;
87492757;234956;
87493265;234945;
87493774;234953;
87494282;234948;
87494791;234946;
87495299;234961;
87495808;234950;
87496316;234954;
87496824;234961;
87497333;234957;
87497841;234961;
87498350;234952;
87498858;234945;
87499367;234960;
87499875;234964;
87500383;234941;
87500892;234949;
87501400;234944;
87501909;234950;
87502417;234959;
87502926;234941;
87503434;234964;
87503943;234958;
87504451;234950;
87504960;234947;
87505468;234953;
87505977;234961;
87506485;234959;
87506994;234955;
87507502;234962;
87508011;234957;
87508519;234964;
87509028;234952;
87509536;234964;
87510044;234975;
87510553;234957;
87511061;234974;
87511570;234957;
87512078;234962;
87512587;234968;
87513095;234966;
87513604;234953;
87514112;234949;
87514621;234979;
87515129;234972;
87515638;234958;
87516146;234965;
87516654;234964;
87517163;234955;
87517671;234966;
87518180;234959;
87518688;234967;
87519197;234961;
87519705;234972;
87520214;234949;
87520722;234973;
87521231;234963;
87521739;234967;
87522247;234958;
87522756;234963;
87523264;234953;
87523773;234965;
87524281;234969;
87524790;234953;
87525298;234977;
87525807;234965;
87526315;234975;
87526824;234968;
87527332;234967;
87527840;234985;
87528349;234972;
87528857;234957;
87529366;234969;
87529874;234964;
87530383;234952;
87530891;234971;
87531400;234970;
87531908;234973;
87532417;234970;
87532925;234968;
87533433;234948;
87533942;234973;
87534450;234988;
87534959;234965;
87535467;234973;
87535976;235027;
87536484;234940;
87536993;234980;
87537501;234970;
87538010;234988;
87538518;234970;
87539027;234965;
87539535;234977;
87540044;234970;
87540552;234981;
87541061;234975;
87541569;234999;
87542077;234965;
87542586;234968;
87543094;234956;
87543603;234978;
87544111;234981;
87544620;234985;
87545128;234982;
87545637;234975;
87546145;234982;
87546654;234977;
87547162;234978;
87547671;234983;
87548179;234973;
87548688;234974;
87549196;234963;
87549705;234969;
87550213;234968;
87550722;234980;
87551230;234980;
87551739;234974;
87552247;234982;
87552755;234976;
87553264;234980;
87553772;234980;
87554281;234974;
87554789;234977;
87555298;234993;
87555806;234984;
87556315;234977;
87556823;234983;
87557332;234980;
87557840;234991;
87558349;235001;
87558857;234971;
87559366;234984;
87559874;234983;
87560383;234979;
87560891;234982;
87561400;234975;
87561908;234978;
87562417;234998;
87562925;234993;
87563434;234974;
87563942;234990;
87564451;234977;
87564959;234983;
87565468;234971;
87565976;234969;
87566485;234954;
87566993;234954;
87567502;234980;
87568010;234949;
87568519;234981;
87569027;235000;
87569535;234979;
87570044;234970;
87570552;234980;
87571061;234953;
87571569;234987;
87572078;234972;
87572586;235009;
87573095;234997;
87573603;234989;
87574112;235045;
87574620;235074;
87575129;235006;
87575637;234989;
87576146;235024;
87576654;234985;
87577163;234993;
87577671;234957;
87578180;234901;
87578688;234957;
87579196;234945;
87579705;234984;
87580213;234952;
87580722;235013;
87581230;234969;
87581739;235082;
87582247;234950;
87582756;235023;
87583264;234833;
87583773;234953;
87584281;234925;
87584790;235050;
87585298;235041;
87585807;235000;
87586315;234935;
87586824;235015;
87587332;234991;
87587841;234917;
87588349;234951;
87588858;234992;
87589366;234987;
87589874;234988;
87590383;235099;
87590891;235074;
87591400;234831;
87591908;234990;
87592417;235010;
87592925;234935;
87593434;234967;
87593942;234991;
87594451;234982;
87594959;235032;
87595468;234914;
87595976;234902;
87596485;235089;
87596993;234659;
87597502;234817;
87598010;234856;
87598519;234899;
87599027;234735;
87599535;234764;
87600044;234758;
87600552;234877;
87601061;234851;
87601569;234870;
87602078;234783;
87602586;234842;
87603095;234820;
87603603;234841;
87604112;234773;
87604620;234805;
87605128;234781;
87605637;234844;
87606145;234933;
87606654;234750;
87607162;234903;
87607671;234693;
87608179;234730;
87608688;234769;
87609196;234992;
87609705;234855;
87610213;234888;
87610722;234416;
87611230;234701;
87611739;234788;
87612247;234749;
87612756;234780;
87613264;234749;
87613773;234924;
87614281;234811;
87614789;234770;
87615298;234738;
87615806;234679;
87616315;234763;
87616823;235106;
87617332;234644;
87617840;234541;
87618349;234797;
87618857;235135;
87619366;234958;
87619874;234542;
87620383;234735;
87620891;234835;
87621400;234834;
87621908;234666;
87622417;234856;
87622925;234707;
87623434;234737;
87623942;234776;
87624451;234790;
87624959;234833;
87625468;234815;
87625976;234682;
87626485;234834;
87626993;234842;
87627502;234981;
87628010;234965;
87628519;234965;
87629027;234993;
87629536;234990;
87630044;234979;
87630553;234973;
87631061;234978;
87631570;234982;
87632078;234984;
87632586;235010;
87633095;234987;
87633603;234978;
87634112;234981;
87634620;234993;
87635129;234996;
87635637;235008;
87636146;235011;
87636654;234961;
87637163;235021;
87637671;234965;
87638180;235001;
87638688;235087;
87639197;235136;
87639705;235039;
87640214;235022;
87640722;234996;
87641230;235005;
87641739;234967;
87642247;234999;
87642756;234920;
87643264;234983;
87643773;234985;
87644281;234994;
87644790;234998;
87645298;234981;
87645807;235020;
87646315;234982;
87646824;234998;
87647332;235023;
87647841;234965;
87648349;234936;
87648858;235000;
87649366;234984;
87649875;235007;
87650383;235007;
87650892;235018;
87651400;235000;
87651909;235015;
87652417;234997;
87652926;234989;
87653434;234998;
87653943;234998;
87654451;235002;
87654960;235019;
87655468;235001;
87655977;235027;
87656485;235004;
87656994;234983;
87657502;235009;
87658011;235000;
87658519;235016;
87659028;234988;
87659536;235020;
87660045;234999;
87660553;235013;
87661062;235004;
87661570;235013;
87662079;235016;
87662587;235000;
87663096;235004;
87663604;235008;
87664113;235009;
87664621;235020;
87665130;234970;
87665638;235035;
87666147;234983;
87666655;235035;
87667163;235056;
87667672;235066;
87668180;235027;
87668689;234992;
87669197;235009;
87669706;234997;
87670214;234991;
87670723;235002;
87671231;234995;
87671740;235005;
87672248;235013;
87672757;234994;
87673265;235005;
87673774;235032;
87674282;234783;
87674790;234807;
87675299;234813;
87675807;234805;
87676316;234827;
87676824;234775;
87677333;234816;
87677841;234790;
87678350;234797;
87678858;234800;
87679367;234785;
87679875;234782;
87680384;234798;
87680892;234797;
87681401;234793;
87681909;234774;
87682417;234798;
87682926;234782;
87683434;234792;
87683943;234559;
87684451;234802;
87684960;234804;
87685468;234796;
87685977;234722;
87686485;234715;
87686994;234689;
87687502;234813;
87688011;234754;
87688519;234811;
87689028;234777;
87689536;234799;
87690045;234849;
87690553;234782;
87691062;234790;
87691570;234785;
87692078;234856;
87692587;234801;
87693095;234816;
87693604;234849;
87694112;234856;
87694621;234978;
87695129;235085;
87695638;234932;
87696146;234997;
87696655;234982;
87697163;235019;
87697672;234916;
87698180;234877;
87698689;234965;
87699197;234974;
