86684866;243150;
86685374;243576;
86685883;243284;
86686391;243196;
86686900;243135;
86687408;243385;
86687917;243391;
86688425;243343;
86688933;243369;
86689442;243415;
86689950;243416;
86690459;243411;
86690967;243403;
86691475;243543;
86691984;243412;
86692492;243413;
86693001;243256;
86693509;243429;
86694017;243304;
86694526;243346;
86695034;243345;
86695543;243371;
86696051;243379;
86696559;243389;
86697068;243345;
86697576;243378;
86698084;243354;
86698593;243392;
86699101;243377;
86699610;243372;
86700118;243304;
86700627;243347;
86701135;243397;
86701643;243369;
86702152;243331;
86702660;243380;
86703169;243335;
86703677;243346;
86704185;243360;
86704694;243362;
86705202;243315;
86705711;243410;
86706219;243435;
86706727;243302;
86707236;243464;
86707744;243416;
86708253;243436;
86708761;243432;
86709269;243442;
86709778;243438;
86710286;243447;
86710795;243442;
86711303;243466;
86711811;243464;
86712320;243448;
86712828;243390;
86713337;243433;
86713845;243447;
86714354;243466;
86714862;243422;
86715370;243471;
86715879;243438;
86716387;243435;
86716896;243447;
86717404;243458;
86717912;243481;
86718421;243452;
86718929;243462;
86719438;243442;
86719946;243478;
86720454;243426;
86720963;243476;
86721471;243455;
86721980;243452;
86722488;243465;
86722996;243438;
86723505;243463;
86724013;243451;
86724522;243424;
86725030;243462;
86725539;243446;
86726047;243464;
86726555;243456;
86727064;243444;
86727572;243452;
86728081;243474;
86728589;243460;
86729097;243446;
86729606;243469;
86730114;243463;
86730623;243451;
86731131;243475;
86731639;243443;
86732148;243470;
86732656;243467;
86733165;243455;
86733673;243467;
86734181;243460;
86734690;243463;
86735198;243470;
86735707;243469;
86736215;243480;
86736723;243463;
86737232;243456;
86737740;243481;
86738248;243461;
86738757;243476;
86739265;243456;
86739774;243477;
86740282;243452;
86740790;243487;
86741299;243464;
86741807;243479;
86742315;243476;
86742824;243451;
86743332;243470;
86743840;243459;
86744349;243490;
86744857;243473;
86745365;243460;
86745874;243470;
86746382;243479;
86746890;243483;
86747399;243457;
86747907;243480;
86748415;243478;
86748924;243467;
86749432;243489;
86749940;243481;
86750449;243456;
86750957;243485;
86751465;243490;
86751974;243467;
86752482;243470;
86752990;243490;
86753499;243475;
86754007;243483;
86754516;243478;
86755024;243455;
86755532;243509;
86756041;243482;
86756549;243492;
86757057;243477;
86757566;243491;
86758074;243500;
86758582;243499;
86759091;243481;
86759599;243482;
86760108;243493;
86760616;243491;
86761124;243518;
86761633;243498;
86762141;243476;
86762649;243498;
86763158;243481;
86763666;243485;
86764174;243506;
86764683;243472;
86765191;243489;
86765700;243500;
86766208;243494;
86766716;243496;
86767225;243499;
86767733;243488;
86768242;243495;
86768750;243493;
86769258;243488;
86769767;243489;
86770275;243493;
86770784;243490;
86771292;243521;
86771800;243486;
86772309;243505;
86772817;243489;
86773326;243498;
86773834;243502;
86774342;243503;
86774851;243493;
86775359;243521;
86775868;243493;
86776376;243493;
86776884;243519;
86777393;243508;
86777901;243483;
86778410;243512;
86778918;243519;
86779426;243501;
86779935;243526;
86780443;243483;
86780952;243512;
86781460;243501;
86781968;243504;
86782477;243510;
86782985;243511;
86783494;243518;
86784002;243504;
86784510;243521;
86785019;243498;
86785527;243511;
86786035;243516;
86786544;243508;
86787052;243512;
86787561;243507;
86788069;243523;
86788578;243525;
86789086;243504;
86789594;243537;
86790103;243523;
86790611;243501;
86791120;243530;
86791628;243525;
86792136;243519;
86792645;243514;
86793153;243539;
86793662;243522;
86794170;243510;
86794679;243510;
86795187;243520;
86795695;243536;
86796204;243516;
86796712;243538;
86797220;243512;
86797729;243517;
86798237;243518;
86798746;243514;
86799254;243525;
86799762;243507;
86800271;243519;
86800779;243529;
86801288;243538;
86801796;243534;
86802304;243512;
86802813;243534;
86803321;243522;
86803829;243527;
86804338;243522;
86804846;243523;
86805355;243531;
86805863;243527;
86806371;243531;
86806880;243538;
86807388;243533;
86807897;243505;
86808405;243543;
86808913;243534;
86809422;243544;
86809930;243554;
86810438;243528;
86810947;243536;
86811455;243531;
86811964;243547;
86812472;243522;
86812980;243536;
86813489;243539;
86813997;243552;
86814506;243538;
86815014;243548;
86815522;243527;
86816031;243535;
86816539;243539;
86817048;243546;
86817556;243537;
86818064;243547;
86818573;243549;
86819081;243532;
86819590;243529;
86820098;243535;
86820606;243556;
86821115;243548;
86821623;243549;
86822132;243529;
86822640;243546;
86823149;243542;
86823657;243552;
86824165;243547;
86824674;243573;
86825182;243526;
86825690;243550;
86826199;243544;
86826707;243534;
86827216;243559;
86827724;243552;
86828232;243546;
86828741;243543;
86829249;243565;
86829758;243538;
86830266;243561;
86830775;243552;
86831283;243562;
86831791;243561;
86832300;243551;
86832808;243543;
86833317;243530;
86833825;243550;
86834333;243555;
86834842;243556;
86835350;243566;
86835859;243562;
86836367;243561;
86836876;243549;
86837384;243569;
86837892;243568;
86838401;243555;
86838909;243549;
86839418;243564;
86839926;243560;
86840434;243546;
86840943;243565;
86841451;243552;
86841960;243573;
86842468;243552;
86842976;243564;
86843485;243574;
86843993;243574;
86844502;243568;
86845010;243556;
86845518;243572;
86846027;243574;
86846535;243565;
86847044;243566;
86847552;243560;
86848060;243576;
86848569;243576;
86849077;243573;
86849585;243579;
86850094;243576;
86850602;243578;
86851111;243581;
86851619;243564;
86852127;243574;
86852636;243564;
86853144;243580;
86853653;243555;
86854161;243572;
86854669;243574;
86855178;243575;
86855686;243587;
86856195;243572;
86856703;243581;
86857211;243582;
86857720;243574;
86858228;243573;
86858737;243573;
86859245;243597;
86859754;243582;
86860262;243574;
86860770;243600;
86861279;243558;
86861787;243593;
86862296;243586;
86862804;243595;
86863312;243581;
86863821;243575;
86864329;243597;
86864838;243573;
86865346;243583;
86865855;243596;
86866363;243575;
86866871;243584;
86867380;243588;
86867888;243591;
86868397;243572;
86868905;243590;
86869413;243589;
86869922;243588;
86870430;243598;
86870938;243583;
86871447;243590;
86871955;243595;
86872464;243593;
86872972;243603;
86873480;243591;
86873989;243614;
86874497;243609;
86875006;243616;
86875514;243585;
86876022;243590;
86876531;243596;
86877039;243587;
86877548;243597;
86878056;243583;
86878564;243606;
86879073;243600;
86879581;243589;
86880090;243591;
86880598;243596;
86881106;243618;
86881615;243605;
86882123;243606;
86882632;243630;
86883140;243609;
86883648;243620;
86884157;243626;
86884665;243612;
86885174;243607;
86885682;243599;
86886190;243617;
86886699;243598;
86887207;243622;
86887715;243605;
86888224;243591;
86888732;243628;
86889241;243586;
86889749;243615;
86890257;243594;
86890766;243617;
86891274;243619;
86891783;243587;
86892291;243625;
86892799;243607;
86893308;243624;
86893816;243604;
86894325;243604;
86894833;243612;
86895342;243606;
86895850;243634;
86896358;243618;
86896867;243612;
86897375;243617;
86897884;243612;
86898392;243612;
86898900;243620;
86899409;243635;
86899917;243611;
86900425;243621;
86900934;243616;
86901442;243616;
86901951;243631;
86902459;243627;
86902967;243640;
86903476;243625;
86903984;243616;
86904493;243619;
86905001;243602;
86905509;243628;
86906018;243622;
86906526;243625;
86907035;243628;
86907543;243625;
86908051;243643;
86908560;243616;
86909068;243635;
86909577;243624;
86910085;243635;
86910593;243641;
86911102;243622;
86911610;243644;
86912119;243626;
86912627;243642;
86913135;243646;
86913644;243631;
86914152;243637;
86914661;243644;
86915169;243634;
86915677;243625;
86916186;243622;
86916694;243630;
86917203;243613;
86917711;243620;
86918219;243622;
86918728;243656;
86919236;243621;
86919745;243655;
86920253;243647;
86920761;243657;
86921270;243624;
86921778;243638;
86922287;243632;
86922795;243642;
86923304;243632;
86923812;243638;
86924320;243643;
86924829;243644;
86925337;243647;
86925846;243646;
86926354;243640;
86926863;243645;
86927371;243655;
86927879;243647;
86928388;243644;
86928896;243640;
86929405;243649;
86929913;243654;
86930422;243634;
86930930;243659;
86931438;243636;
86931947;243656;
86932455;243662;
86932964;243633;
86933472;243658;
86933981;243647;
86934489;243661;
86934998;243667;
86935506;243669;
86936014;243652;
86936523;243651;
86937031;243673;
86937540;243642;
86938048;243662;
86938557;243655;
86939065;243661;
86939573;243663;
86940082;243641;
86940590;243670;
86941099;243657;
86941607;243662;
86942116;243653;
86942624;243668;
86943132;243656;
86943641;243671;
86944149;243675;
86944658;243660;
86945166;243665;
86945674;243652;
86946183;243673;
86946691;243671;
86947200;243682;
86947708;243675;
86948217;243675;
86948725;243664;
86949233;243672;
86949742;243678;
86950250;243682;
86950759;243645;
86951267;243679;
86951776;243669;
86952284;243666;
86952792;243682;
86953301;243664;
86953809;243677;
86954318;243675;
86954826;243690;
86955334;243684;
86955843;243680;
86956351;243864;
86956860;243684;
86957368;243755;
86957877;243635;
86958385;243732;
86958894;243721;
86959402;243630;
86959910;243679;
86960419;243667;
86960927;243670;
86961436;243657;
86961944;243653;
86962453;243672;
86962961;243668;
86963469;243689;
86963978;243664;
86964486;243646;
86964995;243652;
86965503;243653;
86966012;243654;
86966520;243664;
86967028;243621;
86967537;243681;
86968045;243689;
86968554;243677;
86969062;243526;
86969571;243776;
86970079;243628;
86970587;243646;
86971096;243678;
86971604;243639;
86972113;243593;
86972621;243738;
86973130;243578;
86973638;243576;
86974147;243615;
86974655;243583;
86975163;243648;
86975672;243561;
86976180;243597;
86976689;243463;
86977197;243570;
86977705;243626;
86978214;243591;
86978722;243621;
86979231;243651;
86979739;243589;
86980248;243670;
86980756;243585;
86981265;243945;
86981773;243630;
86982281;243663;
86982790;243561;
86983298;243630;
86983807;243599;
86984315;243598;
86984824;243569;
86985332;243922;
86985840;243735;
86986349;243899;
86986857;243414;
86987366;243340;
86987874;242951;
86988383;243674;
86988891;243608;
86989400;243678;
86989908;243623;
86990416;243661;
86990925;243645;
86991433;243659;
86991942;243650;
86992450;243676;
86992959;243663;
86993467;243651;
86993975;243674;
86994484;243655;
86994992;243675;
86995501;243663;
86996009;243677;
86996518;243672;
86997026;243678;
86997534;243680;
86998043;243673;
86998551;243670;
86999060;243689;
86999568;243678;
87000077;243686;
87000585;243679;
87001094;243689;
87001602;243709;
87002110;243691;
87002619;243702;
87003127;243687;
87003636;243699;
87004144;243681;
87004653;243692;
87005161;243705;
87005670;243699;
87006178;243724;
87006686;243707;
87007195;243696;
87007703;243692;
87008212;243707;
87008720;243702;
87009229;243688;
87009737;243707;
87010246;243713;
87010754;243715;
87011262;243702;
87011771;243696;
87012279;243732;
87012788;243706;
87013296;243725;
87013805;243697;
87014313;243706;
87014822;243717;
87015330;243717;
87015838;243715;
87016347;243718;
87016855;243722;
87017364;243712;
87017872;243722;
87018381;243727;
87018889;243718;
87019398;243734;
87019906;243717;
87020414;243726;
87020923;243705;
87021431;243708;
87021940;243711;
87022448;243719;
87022957;243723;
87023465;243701;
87023974;243709;
87024482;243725;
87024990;243733;
87025499;243732;
87026007;243703;
87026516;243731;
87027024;243734;
87027533;243717;
87028041;243731;
87028550;243717;
87029058;243729;
87029566;243729;
87030075;243712;
87030583;243720;
87031092;243704;
87031600;243725;
87032109;243734;
87032617;243718;
87033126;243721;
87033634;243707;
87034143;243725;
87034651;243738;
87035160;243737;
87035668;243714;
87036176;243733;
87036685;243727;
87037193;243707;
87037702;243732;
87038210;243724;
87038719;243727;
87039227;243716;
87039736;243714;
87040244;243730;
87040753;243723;
87041261;243721;
87041770;243727;
87042278;243724;
87042786;243710;
87043295;243724;
87043803;243737;
87044312;243710;
87044820;243724;
87045329;243727;
87045837;243718;
87046346;243725;
87046854;243708;
87047363;243734;
87047871;243706;
87048380;243729;
87048888;243719;
87049396;243717;
87049905;243714;
87050413;243705;
87050922;243712;
87051430;243727;
87051939;243722;
87052447;243703;
87052956;243700;
87053464;243727;
87053973;243699;
87054481;243725;
87054989;243718;
87055498;243712;
87056006;243732;
87056515;243718;
87057023;243730;
87057532;243707;
87058040;243715;
87058549;243714;
87059057;243716;
87059566;243724;
87060074;243722;
87060582;243723;
87061091;243716;
87061599;243727;
87062108;243722;
87062616;243720;
87063125;243722;
87063633;243701;
87064142;243723;
87064650;243711;
87065159;243722;
87065667;243719;
87066176;243714;
87066684;243722;
87067192;243711;
87067701;243705;
87068209;243716;
87068718;243708;
87069226;243713;
87069735;243713;
87070243;243712;
87070752;243723;
87071260;243706;
87071768;243722;
87072277;243714;
87072785;243726;
87073294;243722;
87073802;243716;
87074311;243710;
87074819;243717;
87075327;243717;
87075836;243715;
87076344;243725;
87076853;243720;
87077361;243716;
87077870;243725;
87078378;243715;
87078886;243723;
87079395;243718;
87079903;243707;
87080412;243713;
87080920;243705;
87081429;243712;
87081937;243702;
87082445;243693;
87082954;243703;
87083462;243723;
87083971;243713;
87084479;243693;
87084988;243712;
87085496;243698;
87086005;243715;
87086513;243733;
87087021;243705;
87087530;243721;
87088038;243706;
87088547;243706;
87089055;243714;
87089564;243704;
87090072;243710;
87090580;243691;
87091089;243713;
87091597;243696;
87092106;243706;
87092614;243706;
87093123;243697;
87093631;243712;
87094140;243704;
87094648;243710;
87095156;243685;
87095665;243700;
87096173;243709;
87096682;243684;
87097190;243731;
87097699;243708;
87098207;243709;
87098715;243709;
87099224;243718;
87099732;243705;
87100241;243699;
87100749;243714;
87101258;243705;
87101766;243703;
87102274;243718;
87102783;243693;
87103291;243706;
87103800;243702;
87104308;243713;
87104817;243704;
87105325;243707;
87105834;243703;
87106342;243697;
87106850;243702;
87107359;243708;
87107867;243709;
87108376;243708;
87108884;243705;
87109393;243704;
87109901;243716;
87110410;243716;
87110918;243700;
87111426;243708;
87111935;243709;
87112443;243700;
87112952;243715;
87113460;243701;
87113969;243718;
87114477;243695;
87114986;243700;
87115494;243711;
87116002;243706;
87116511;243714;
87117019;243731;
87117528;243693;
87118036;243705;
87118545;243704;
87119053;243717;
87119562;243697;
87120070;243721;
87120578;243734;
87121087;243693;
87121595;243716;
87122104;243698;
87122612;243716;
87123121;243709;
87123629;243695;
87124138;243712;
87124646;243700;
87125155;243722;
87125663;243697;
87126172;243715;
87126680;243714;
87127188;243698;
87127697;243724;
87128205;243689;
87128714;243725;
87129222;243715;
87129731;243721;
87130239;243712;
87130748;243706;
87131256;243714;
87131765;243702;
87132273;243726;
87132782;243706;
87133290;243705;
87133798;243720;
87134307;243704;
87134815;243722;
87135324;243712;
87135832;243701;
87136341;243726;
87136849;243702;
87137358;243722;
87137866;243693;
87138375;243723;
87138883;243742;
87139391;243729;
87139900;243717;
87140408;243727;
87140917;243737;
87141425;243720;
87141934;243715;
87142442;243740;
87142950;243720;
87143459;243733;
87143967;243720;
87144476;243732;
87144984;243726;
87145493;243725;
87146001;243731;
87146510;243737;
87147018;243723;
87147526;243732;
87148035;243731;
87148543;243722;
87149052;243729;
87149560;243726;
87150069;243715;
87150577;243734;
87151086;243723;
87151594;243736;
87152103;243750;
87152611;243729;
87153119;243730;
87153628;243719;
87154136;243732;
87154645;243723;
87155153;243732;
87155662;243742;
87156170;243721;
87156679;243746;
87157187;243738;
87157696;243742;
87158204;243729;
87158712;243739;
87159221;243740;
87159729;243732;
87160238;243751;
87160746;243726;
87161255;243730;
87161763;243732;
87162272;243737;
87162780;243756;
87163289;243746;
87163797;243760;
87164306;243745;
87164814;243729;
87165322;243744;
87165831;243723;
87166339;243783;
87166848;243739;
87167356;243728;
87167865;243755;
87168373;243739;
87168882;243747;
87169390;243740;
87169899;243747;
87170407;243744;
87170915;243732;
87171424;243762;
87171932;243638;
87172441;243719;
87172949;243649;
87173458;243776;
87173966;243605;
87174475;243619;
87174983;243648;
87175492;243745;
87176000;243746;
87176509;243668;
87177017;243699;
87177525;243678;
87178034;243706;
87178542;243723;
87179051;243731;
87179559;244147;
87180068;243827;
