86169893;111868;
86170402;112039;
86170910;112020;
86171418;111822;
86171927;111805;
86172435;111825;
86172944;111910;
86173452;111928;
86173960;111947;
86174469;111887;
86174977;111857;
86175485;111815;
86175994;111815;
86176502;111830;
86177011;111831;
86177519;111885;
86178027;111857;
86178536;111835;
86179044;111862;
86179552;111852;
86180061;111849;
86180569;111818;
86181077;111838;
86181586;111856;
86182094;111857;
86182602;111846;
86183111;111800;
86183619;111808;
86184127;111823;
86184636;111830;
86185144;111780;
86185652;111769;
86186161;111822;
86186669;111794;
86187178;111821;
86187686;111750;
86188194;111746;
86188703;111800;
86189211;111740;
86189719;111791;
86190228;111822;
86190736;111836;
86191244;111822;
86191753;111795;
86192261;111822;
86192769;111763;
86193278;111742;
86193786;111760;
86194294;111787;
86194803;111831;
86195311;111824;
86195819;111765;
86196328;111762;
86196836;111777;
86197345;111772;
86197853;111844;
86198361;111862;
86198870;111823;
86199378;111800;
86199886;111831;
86200395;111814;
86200903;111777;
86201411;111776;
86201920;111794;
86202428;111800;
86202937;111718;
86203445;111769;
86203953;111760;
86204462;111776;
86204970;111820;
86205478;111836;
86205987;111823;
86206495;111798;
86207003;111777;
86207512;111702;
86208020;111746;
86208528;111783;
86209037;111804;
86209545;111805;
86210053;111794;
86210562;111790;
86211070;111807;
86211579;111784;
86212087;111788;
86212595;111772;
86213104;111748;
86213612;111804;
86214120;111821;
86214629;111805;
86215137;111784;
86215646;111779;
86216154;111805;
86216662;111802;
86217171;111788;
86217679;111789;
86218187;111792;
86218696;111801;
86219204;111795;
86219713;111775;
86220221;111810;
86220729;111790;
86221238;111804;
86221746;111776;
86222254;111763;
86222763;111782;
86223271;111787;
86223779;111771;
86224288;111727;
86224796;111817;
86225305;111743;
86225813;111786;
86226321;111809;
86226830;111818;
86227338;111811;
86227846;111806;
86228355;111811;
86228863;111784;
86229372;111776;
86229880;111803;
86230388;111805;
86230897;111797;
86231405;111797;
86231914;111790;
86232422;111783;
86232930;111791;
86233439;111808;
86233947;111791;
86234455;111793;
86234964;111788;
86235472;111799;
86235980;111813;
86236489;111802;
86236997;111797;
86237505;111812;
86238014;111786;
86238522;111821;
86239030;111815;
86239539;111822;
86240047;111849;
86240555;111838;
86241064;111809;
86241572;111808;
86242081;111802;
86242589;111816;
86243097;111823;
86243606;111797;
86244114;111835;
86244622;111871;
86245131;111820;
86245639;111804;
86246147;111794;
86246656;111807;
86247164;111802;
86247672;111794;
86248181;111802;
86248689;111784;
86249197;111796;
86249706;111817;
86250214;111787;
86250722;111818;
86251231;111714;
86251739;111629;
86252247;111703;
86252756;111764;
86253264;111833;
86253772;111832;
86254281;111806;
86254789;111805;
86255297;111807;
86255806;111793;
86256314;111817;
86256822;111809;
86257331;111822;
86257839;111809;
86258347;111818;
86258856;111807;
86259364;111808;
86259872;111813;
86260381;111812;
86260889;111808;
86261397;111822;
86261906;111819;
86262414;111806;
86262922;111820;
86263431;111811;
86263939;111812;
86264447;111815;
86264956;111818;
86265464;111820;
86265973;111815;
86266481;111834;
86266989;111813;
86267498;111817;
86268006;111819;
86268514;111833;
86269022;111815;
86269531;111812;
86270039;111817;
86270547;111806;
86271056;111820;
86271564;111822;
86272073;111811;
86272581;111809;
86273089;111825;
86273598;111816;
86274106;111806;
86274614;111821;
86275123;111810;
86275631;111814;
86276139;111814;
86276648;111826;
86277156;111813;
86277664;111828;
86278173;111833;
86278681;111828;
86279189;111816;
86279698;111821;
86280206;111825;
86280714;111806;
86281223;111825;
86281731;111816;
86282240;111846;
86282748;111827;
86283256;111813;
86283765;111827;
86284273;111825;
86284782;111832;
86285290;111824;
86285798;111821;
86286307;111823;
86286815;111832;
86287323;111817;
86287832;111812;
86288340;111831;
86288849;111829;
86289357;111817;
86289865;111839;
86290374;111827;
86290882;111834;
86291390;111826;
86291899;111826;
86292407;111836;
86292916;111832;
86293424;111822;
86293932;111830;
86294441;111822;
86294949;111834;
86295457;111834;
86295966;111822;
86296474;111830;
86296983;111827;
86297491;111835;
86297999;111840;
86298508;111829;
86299016;111835;
86299524;111834;
86300033;111838;
86300541;111820;
86301049;111833;
86301558;111843;
86302066;111823;
86302574;111839;
86303083;111841;
86303591;111816;
86304099;111830;
86304608;111832;
86305116;111836;
86305624;111829;
86306133;111830;
86306641;111821;
86307149;111835;
86307658;111835;
86308166;111834;
86308674;111834;
86309183;111827;
86309691;111835;
86310199;111827;
86310708;111841;
86311216;111840;
86311725;111834;
86312233;111834;
86312741;111841;
86313250;111853;
86313758;111833;
86314266;111859;
86314775;111831;
86315283;111837;
86315791;111860;
86316300;111837;
86316808;111843;
86317316;111837;
86317825;111839;
86318333;111834;
86318841;111858;
86319350;111860;
86319858;111842;
86320366;111845;
86320875;111853;
86321383;111840;
86321892;111852;
86322400;111850;
86322908;111839;
86323417;111843;
86323925;111833;
86324433;111841;
86324942;111838;
86325450;111840;
86325959;111849;
86326467;111842;
86326975;111843;
86327484;111847;
86327992;111849;
86328500;111847;
86329009;111851;
86329517;111853;
86330026;111846;
86330534;111831;
86331042;111854;
86331551;111843;
86332059;111848;
86332567;111863;
86333076;111842;
86333584;111844;
86334093;111852;
86334601;111878;
86335109;111864;
86335618;111851;
86336126;111847;
86336634;111838;
86337143;111855;
86337651;111868;
86338159;111843;
86338668;111853;
86339176;111852;
86339685;111836;
86340193;111867;
86340701;111860;
86341210;111844;
86341718;111856;
86342226;111841;
86342735;111849;
86343243;111841;
86343751;111855;
86344260;111838;
86344768;111866;
86345276;111870;
86345785;111850;
86346293;111860;
86346802;111853;
86347310;111867;
86347818;111860;
86348327;111864;
86348835;111852;
86349343;111851;
86349852;111848;
86350360;111858;
86350868;111869;
86351377;111851;
86351885;111857;
86352393;111838;
86352902;111877;
86353410;111849;
86353918;111871;
86354427;111863;
86354935;111853;
86355443;111859;
86355952;111865;
86356460;111851;
86356968;111846;
86357477;111856;
86357985;111868;
86358493;111856;
86359002;111851;
86359510;111883;
86360018;111867;
86360527;111857;
86361035;111846;
86361544;111856;
86362052;111872;
86362560;111857;
86363069;111862;
86363577;111844;
86364085;111861;
86364594;111869;
86365102;111853;
86365610;111870;
86366119;111875;
86366627;111858;
86367135;111876;
86367644;111863;
86368152;111876;
86368660;111863;
86369169;111872;
86369677;111869;
86370186;111868;
86370694;111860;
86371202;111868;
86371711;111871;
86372219;111861;
86372727;111861;
86373236;111843;
86373744;111865;
86374252;111859;
86374761;111863;
86375269;111862;
86375777;111881;
86376286;111878;
86376794;111872;
86377302;111877;
86377811;111863;
86378319;111862;
86378827;111881;
86379336;111879;
86379844;111871;
86380352;111875;
86380861;111881;
86381369;111892;
86381878;111875;
86382386;111880;
86382894;111880;
86383403;111876;
86383911;111865;
86384419;111872;
86384928;111885;
86385436;111879;
86385944;111889;
86386453;111874;
86386961;111877;
86387470;111884;
86387978;111882;
86388486;111855;
86388995;111893;
86389503;111874;
86390011;111874;
86390520;111878;
86391028;111874;
86391536;111881;
86392045;111896;
86392553;111872;
86393061;111877;
86393570;111883;
86394078;111875;
86394586;111874;
86395095;111881;
86395603;111895;
86396111;111882;
86396620;111877;
86397128;111880;
86397637;111895;
86398145;111878;
86398653;111884;
86399162;111883;
86399670;111877;
86400178;111900;
86400687;111890;
86401195;111896;
86401703;111869;
86402212;111898;
86402720;111891;
86403228;111884;
86403737;111882;
86404245;111883;
86404753;111891;
86405262;111877;
86405770;111893;
86406278;111897;
86406787;111886;
86407295;111888;
86407804;111886;
86408312;111890;
86408820;111886;
86409329;111885;
86409837;111882;
86410345;111900;
86410854;111894;
86411362;111887;
86411870;111892;
86412379;111883;
86412887;111906;
86413395;111907;
86413904;111885;
86414412;111903;
86414920;111886;
86415429;111885;
86415937;111879;
86416445;111886;
86416954;111897;
86417462;111885;
86417970;111892;
86418479;111890;
86418987;111891;
86419495;111893;
86420004;111899;
86420512;111888;
86421020;111896;
86421529;111884;
86422037;111886;
86422545;111893;
86423054;111888;
86423562;111883;
86424070;111893;
86424579;111890;
86425087;111895;
86425595;111905;
86426104;111890;
86426612;111899;
86427120;111897;
86427629;111896;
86428137;111897;
86428645;111902;
86429154;111885;
86429662;111900;
86430171;111914;
86430679;111889;
86431187;111906;
86431696;111905;
86432204;111891;
86432712;111902;
86433221;111916;
86433729;111896;
86434237;111899;
86434746;111896;
86435254;111894;
86435762;111894;
86436271;111905;
86436779;111892;
86437287;111902;
86437796;111912;
86438304;111908;
86438812;111896;
86439321;111905;
86439829;111906;
86440337;111897;
86440846;111895;
86441354;111920;
86441863;111906;
86442371;111894;
86442879;111912;
86443388;111901;
86443896;111909;
86444404;111900;
86444913;111910;
86445421;111919;
86445929;111891;
86446438;111901;
86446946;111899;
86447454;111899;
86447963;111898;
86448471;111910;
86448980;111907;
86449488;111908;
86449996;111913;
86450505;111923;
86451013;111902;
86451521;111905;
86452030;111911;
86452538;111906;
86453047;111907;
86453555;111920;
86454063;111915;
86454572;111904;
86455080;111911;
86455588;111914;
86456097;111914;
86456605;111909;
86457114;111922;
86457622;111908;
86458130;111900;
86458639;111902;
86459147;111911;
86459656;111913;
86460164;111904;
86460672;111919;
86461181;111920;
86461689;111917;
86462197;111914;
86462706;111914;
86463214;111909;
86463722;111920;
86464231;111920;
86464739;111914;
86465248;111911;
86465756;111914;
86466264;111913;
86466773;111915;
86467281;111909;
86467789;111895;
86468298;111912;
86468806;111922;
86469314;111927;
86469823;111911;
86470331;111906;
86470839;111907;
86471348;111916;
86471856;111913;
86472364;111913;
86472873;111920;
86473381;111922;
86473890;111917;
86474398;111924;
86474906;111912;
86475415;111915;
86475923;111922;
86476431;111908;
86476940;111932;
86477448;111919;
86477957;111912;
86478465;111912;
86478973;111919;
86479482;111931;
86479990;111904;
86480499;111924;
86481007;111917;
86481515;111921;
86482024;111924;
86482532;111922;
86483041;111916;
86483549;111913;
86484057;111930;
86484566;111928;
86485074;111922;
86485583;111916;
86486091;111908;
86486599;111913;
86487108;111916;
86487616;111927;
86488125;111914;
86488633;111925;
86489141;111920;
86489650;111914;
86490158;111928;
86490667;111915;
86491175;111927;
86491683;111916;
86492192;111933;
86492700;111941;
86493209;111938;
86493717;111928;
86494225;111928;
86494734;111928;
86495242;111932;
86495750;111933;
86496259;111920;
86496767;111914;
86497276;111936;
86497784;111934;
86498292;111928;
86498801;111914;
86499309;111920;
86499817;111921;
86500326;111924;
86500834;111931;
86501343;111936;
86501851;111937;
86502359;111944;
86502868;111929;
86503376;111918;
86503884;111928;
86504393;111930;
86504901;111935;
86505410;111917;
86505918;111949;
86506426;111930;
86506935;111943;
86507443;111933;
86507952;111934;
86508460;111933;
86508968;111928;
86509477;111922;
86509985;111925;
86510493;111939;
86511002;111935;
86511510;111925;
86512019;111944;
86512527;111923;
86513035;111948;
86513544;111937;
86514052;111926;
86514561;111944;
86515069;111934;
86515577;111939;
86516086;111942;
86516594;111925;
86517102;111928;
86517611;111933;
86518119;111933;
86518628;111928;
86519136;111942;
86519644;111934;
86520153;111938;
86520661;111935;
86521169;111932;
86521678;111924;
86522186;111937;
86522695;111931;
86523203;111941;
86523711;111930;
86524220;111937;
86524728;111926;
86525236;111952;
86525745;111933;
86526253;111937;
86526762;111941;
86527270;111936;
86527778;111937;
86528287;111940;
86528795;111937;
86529303;111939;
86529812;111939;
86530320;111929;
86530829;111934;
86531337;111942;
86531845;111940;
86532354;111942;
86532862;111940;
86533371;111926;
86533879;111957;
86534387;111941;
86534896;111941;
86535404;111947;
86535912;111946;
86536421;111947;
86536929;111930;
86537437;111941;
86537946;111947;
86538454;111941;
86538963;111933;
86539471;111923;
86539979;111936;
86540488;111934;
86540996;111941;
86541505;111963;
86542013;111953;
86542521;111933;
86543030;111942;
86543538;111928;
86544046;111954;
86544555;111937;
86545063;111938;
86545572;111937;
86546080;111935;
86546588;111927;
86547097;111929;
86547605;111939;
86548114;111924;
86548622;111933;
86549130;111945;
86549639;111925;
86550147;111937;
86550656;111940;
86551164;111939;
86551672;111932;
86552181;111949;
86552689;111931;
86553197;111931;
86553706;111940;
86554214;111939;
86554722;111934;
86555231;111950;
86555739;111953;
86556247;111952;
86556756;111949;
86557264;111945;
86557773;111956;
86558281;111947;
86558789;111939;
86559298;111949;
86559806;111961;
86560314;111938;
86560823;111938;
86561331;111940;
86561840;111963;
86562348;111959;
86562856;111946;
86563365;111953;
86563873;111949;
86564381;111954;
86564890;111965;
86565398;111974;
86565906;111933;
86566415;111947;
86566923;111955;
86567432;111847;
86567940;111918;
86568448;111940;
86568957;111959;
86569465;111957;
86569973;111935;
86570482;111974;
86570990;111934;
86571498;111937;
86572007;111949;
86572515;111945;
86573024;112119;
86573532;112098;
86574040;111948;
86574549;112066;
86575057;111991;
