86169893;80917;
86170401;81096;
86170910;81050;
86171418;80899;
86171926;80891;
86172435;80902;
86172943;80977;
86173451;80989;
86173960;81023;
86174468;80967;
86174977;80920;
86175485;80904;
86175993;80916;
86176502;80931;
86177010;80917;
86177518;80964;
86178027;80933;
86178535;80926;
86179043;80952;
86179552;80960;
86180060;80944;
86180569;80913;
86181077;80941;
86181585;80961;
86182094;80973;
86182602;80963;
86183110;80925;
86183619;80922;
86184127;80944;
86184635;80953;
86185144;80900;
86185652;80931;
86186160;80953;
86186669;80926;
86187177;80947;
86187685;80867;
86188194;80885;
86188702;80934;
86189210;80920;
86189719;80931;
86190227;80964;
86190735;80956;
86191244;80966;
86191752;80948;
86192260;80965;
86192769;80917;
86193277;80898;
86193786;80906;
86194294;80923;
86194802;80956;
86195311;80946;
86195819;80911;
86196327;80927;
86196836;80924;
86197344;80951;
86197852;80985;
86198361;81011;
86198869;80964;
86199377;80956;
86199886;80966;
86200394;80977;
86200903;80938;
86201411;80933;
86201919;80946;
86202428;80960;
86202936;80893;
86203444;80933;
86203953;80921;
86204461;80921;
86204970;80965;
86205478;80992;
86205986;80989;
86206495;80962;
86207003;80936;
86207511;80875;
86208020;80921;
86208528;80934;
86209036;80955;
86209545;80950;
86210053;80973;
86210561;80959;
86211070;80986;
86211578;80951;
86212086;80919;
86212595;80942;
86213103;80941;
86213612;80990;
86214120;80997;
86214628;80960;
86215137;80959;
86215645;80961;
86216153;80963;
86216662;80965;
86217170;80960;
86217679;80952;
86218187;80948;
86218695;80972;
86219204;80954;
86219712;80958;
86220220;80995;
86220729;80959;
86221237;80961;
86221746;80966;
86222254;80952;
86222762;80949;
86223271;80939;
86223779;80962;
86224287;80926;
86224796;80985;
86225304;80922;
86225812;80938;
86226321;80974;
86226829;80968;
86227338;80977;
86227846;80973;
86228354;80956;
86228863;80965;
86229371;80966;
86229879;80993;
86230388;80987;
86230896;80967;
86231405;80953;
86231913;80971;
86232421;80972;
86232930;80970;
86233438;80975;
86233946;80961;
86234455;80968;
86234963;80965;
86235472;80966;
86235980;80981;
86236488;80990;
86236997;80989;
86237505;80994;
86238013;80967;
86238522;80983;
86239030;80997;
86239538;80998;
86240047;81024;
86240555;81009;
86241063;80991;
86241572;80979;
86242080;80976;
86242588;81001;
86243097;80979;
86243605;80975;
86244113;80998;
86244622;81031;
86245130;81009;
86245639;80982;
86246147;80969;
86246655;80977;
86247164;80995;
86247672;80983;
86248180;80989;
86248689;80976;
86249197;80972;
86249705;80985;
86250213;80978;
86250722;80985;
86251230;80920;
86251739;80832;
86252247;80897;
86252755;80941;
86253264;81004;
86253772;81021;
86254280;80979;
86254789;80988;
86255297;80967;
86255805;80981;
86256314;80982;
86256822;80978;
86257330;80985;
86257839;80993;
86258347;80986;
86258855;80973;
86259364;80984;
86259872;80983;
86260380;80992;
86260889;80999;
86261397;80991;
86261905;81001;
86262414;80971;
86262922;80987;
86263430;80989;
86263939;80983;
86264447;80990;
86264955;80982;
86265464;80992;
86265972;80991;
86266480;80999;
86266989;80983;
86267497;80974;
86268005;80989;
86268514;80978;
86269022;81000;
86269530;80980;
86270039;80990;
86270547;80985;
86271055;80981;
86271564;80996;
86272072;80984;
86272580;80987;
86273089;80986;
86273597;80974;
86274105;80994;
86274614;80998;
86275122;80973;
86275630;80994;
86276139;80993;
86276647;80986;
86277156;80997;
86277664;81003;
86278172;81005;
86278681;80998;
86279189;81005;
86279697;80999;
86280206;80993;
86280714;80981;
86281222;80998;
86281731;80981;
86282239;80987;
86282748;81010;
86283256;81000;
86283764;80990;
86284273;81002;
86284781;80985;
86285289;80995;
86285798;80999;
86286306;81001;
86286815;80994;
86287323;80999;
86287831;80991;
86288340;81000;
86288848;80986;
86289356;80997;
86289865;80997;
86290373;80992;
86290882;80998;
86291390;81013;
86291898;80987;
86292407;81011;
86292915;81011;
86293424;80997;
86293932;80990;
86294440;81003;
86294949;80999;
86295457;80998;
86295965;80984;
86296474;81010;
86296982;80989;
86297490;81005;
86297999;81005;
86298507;80993;
86299015;81015;
86299524;81000;
86300032;80989;
86300540;81001;
86301049;81007;
86301557;81000;
86302065;81008;
86302574;81005;
86303082;81018;
86303591;80999;
86304099;81009;
86304607;81005;
86305115;81007;
86305624;81001;
86306132;81010;
86306641;81008;
86307149;81016;
86307657;81012;
86308166;81010;
86308674;81016;
86309182;81003;
86309691;81019;
86310199;81010;
86310707;81009;
86311216;81009;
86311724;81009;
86312232;81012;
86312741;81010;
86313249;81003;
86313757;81010;
86314266;81003;
86314774;81000;
86315283;81011;
86315791;81018;
86316299;81013;
86316808;81014;
86317316;80999;
86317824;81007;
86318333;81004;
86318841;81012;
86319349;81008;
86319858;81009;
86320366;81014;
86320874;80993;
86321383;81009;
86321891;81027;
86322399;81014;
86322908;81023;
86323416;81010;
86323925;81029;
86324433;81006;
86324941;81023;
86325450;81014;
86325958;81010;
86326467;81005;
86326975;81019;
86327483;81006;
86327992;81028;
86328500;81031;
86329008;81025;
86329517;81009;
86330025;81012;
86330533;80997;
86331042;81018;
86331550;81025;
86332059;81026;
86332567;81021;
86333075;81003;
86333584;81005;
86334092;81028;
86334601;81019;
86335109;81027;
86335617;81018;
86336126;81014;
86336634;81012;
86337142;81014;
86337651;81021;
86338159;81004;
86338667;81023;
86339176;81021;
86339684;81019;
86340192;81007;
86340701;81015;
86341209;81031;
86341717;81031;
86342226;81019;
86342734;81017;
86343242;81007;
86343751;81032;
86344259;81024;
86344768;81026;
86345276;81019;
86345784;81032;
86346293;81009;
86346801;81017;
86347309;81029;
86347818;81014;
86348326;81012;
86348834;81007;
86349343;81029;
86349851;81010;
86350359;81029;
86350868;81022;
86351376;81018;
86351884;81012;
86352393;81014;
86352901;81035;
86353409;81017;
86353918;81023;
86354426;81022;
86354934;81028;
86355443;81022;
86355951;81027;
86356460;81016;
86356968;81019;
86357476;81028;
86357985;81032;
86358493;81027;
86359001;81024;
86359510;81015;
86360018;81035;
86360526;81017;
86361035;81020;
86361543;81027;
86362051;81027;
86362560;81023;
86363068;81039;
86363576;81030;
86364085;81035;
86364593;81025;
86365102;81025;
86365610;81027;
86366118;81027;
86366627;81029;
86367135;81012;
86367643;81038;
86368152;81038;
86368660;81032;
86369168;81027;
86369677;81039;
86370185;81020;
86370693;81020;
86371202;81026;
86371710;81037;
86372218;81029;
86372727;81031;
86373235;81038;
86373743;81040;
86374252;81025;
86374760;81028;
86375268;81035;
86375777;81039;
86376285;81016;
86376794;81052;
86377302;81036;
86377810;81023;
86378319;81036;
86378827;81037;
86379335;81053;
86379844;81045;
86380352;81026;
86380860;81037;
86381369;81028;
86381877;81040;
86382385;81023;
86382894;81020;
86383402;81045;
86383910;81039;
86384419;81048;
86384927;81033;
86385436;81030;
86385944;81037;
86386452;81048;
86386961;81032;
86387469;81036;
86387977;81046;
86388486;81037;
86388994;81047;
86389503;81042;
86390011;81036;
86390519;81041;
86391028;81055;
86391536;81045;
86392044;81039;
86392552;81038;
86393061;81051;
86393569;81036;
86394078;81040;
86394586;81042;
86395094;81041;
86395603;81042;
86396111;81041;
86396619;81046;
86397128;81050;
86397636;81050;
86398144;81040;
86398653;81035;
86399161;81048;
86399669;81059;
86400178;81055;
86400686;81043;
86401195;81041;
86401703;81046;
86402211;81048;
86402720;81041;
86403228;81040;
86403736;81043;
86404245;81038;
86404753;81046;
86405261;81030;
86405770;81054;
86406278;81054;
86406786;81057;
86407295;81037;
86407803;81038;
86408311;81047;
86408820;81041;
86409328;81032;
86409836;81048;
86410345;81047;
86410853;81031;
86411361;81046;
86411870;81054;
86412378;81063;
86412886;81050;
86413395;81044;
86413903;81050;
86414411;81050;
86414920;81048;
86415428;81052;
86415936;81037;
86416445;81045;
86416953;81036;
86417462;81047;
86417970;81057;
86418478;81041;
86418987;81052;
86419495;81042;
86420003;81056;
86420512;81064;
86421020;81040;
86421528;81060;
86422037;81041;
86422545;81054;
86423053;81039;
86423562;81055;
86424070;81061;
86424578;81038;
86425087;81051;
86425595;81054;
86426103;81033;
86426612;81050;
86427120;81045;
86427628;81050;
86428137;81060;
86428645;81055;
86429153;81056;
86429662;81051;
86430170;81057;
86430678;81037;
86431187;81047;
86431695;81053;
86432204;81043;
86432712;81062;
86433220;81052;
86433729;81044;
86434237;81060;
86434745;81058;
86435254;81065;
86435762;81059;
86436270;81068;
86436779;81065;
86437287;81062;
86437795;81052;
86438304;81042;
86438812;81053;
86439320;81062;
86439829;81059;
86440337;81051;
86440845;81053;
86441354;81064;
86441862;81059;
86442370;81062;
86442879;81057;
86443387;81063;
86443895;81052;
86444404;81065;
86444912;81062;
86445420;81060;
86445929;81056;
86446437;81052;
86446946;81063;
86447454;81066;
86447962;81056;
86448471;81056;
86448979;81058;
86449487;81061;
86449996;81064;
86450504;81066;
86451013;81057;
86451521;81067;
86452029;81076;
86452538;81053;
86453046;81068;
86453554;81054;
86454063;81070;
86454571;81064;
86455080;81062;
86455588;81062;
86456096;81061;
86456605;81039;
86457113;81079;
86457622;81056;
86458130;81071;
86458638;81067;
86459147;81063;
86459655;81074;
86460163;81069;
86460672;81062;
86461180;81054;
86461689;81069;
86462197;81063;
86462705;81073;
86463214;81060;
86463722;81058;
86464230;81081;
86464739;81071;
86465247;81068;
86465755;81065;
86466264;81061;
86466772;81060;
86467280;81060;
86467789;81061;
86468297;81070;
86468805;81068;
86469314;81064;
86469822;81060;
86470330;81068;
86470839;81070;
86471347;81059;
86471856;81072;
86472364;81084;
86472872;81067;
86473381;81065;
86473889;81070;
86474397;81075;
86474906;81081;
86475414;81067;
86475923;81064;
86476431;81081;
86476939;81073;
86477448;81067;
86477956;81076;
86478465;81074;
86478973;81076;
86479481;81076;
86479990;81072;
86480498;81060;
86481006;81072;
86481515;81089;
86482023;81082;
86482532;81060;
86483040;81079;
86483549;81074;
86484057;81067;
86484565;81073;
86485074;81085;
86485582;81070;
86486091;81078;
86486599;81087;
86487107;81069;
86487616;81092;
86488124;81075;
86488632;81079;
86489141;81086;
86489649;81083;
86490158;81072;
86490666;81079;
86491174;81082;
86491683;81072;
86492191;81075;
86492700;81078;
86493208;81070;
86493716;81071;
86494225;81077;
86494733;81087;
86495242;81078;
86495750;81077;
86496258;81076;
86496767;81084;
86497275;81079;
86497783;81065;
86498292;81075;
86498800;81093;
86499309;81080;
86499817;81083;
86500325;81081;
86500834;81071;
86501342;81077;
86501850;81078;
86502359;81084;
86502867;81086;
86503376;81094;
86503884;81070;
86504392;81083;
86504901;81098;
86505409;81072;
86505918;81067;
86506426;81081;
86506934;81093;
86507443;81078;
86507951;81096;
86508459;81095;
86508968;81094;
86509476;81089;
86509985;81077;
86510493;81075;
86511001;81090;
86511510;81087;
86512018;81092;
86512527;81081;
86513035;81089;
86513543;81081;
86514052;81089;
86514560;81084;
86515069;81087;
86515577;81094;
86516085;81091;
86516594;81087;
86517102;81082;
86517610;81079;
86518119;81080;
86518627;81077;
86519135;81089;
86519644;81092;
86520152;81081;
86520661;81094;
86521169;81094;
86521677;81097;
86522186;81082;
86522694;81083;
86523202;81081;
86523711;81095;
86524219;81078;
86524728;81092;
86525236;81085;
86525744;81097;
86526253;81096;
86526761;81102;
86527269;81096;
86527778;81104;
86528286;81088;
86528795;81093;
86529303;81089;
86529811;81091;
86530320;81103;
86530828;81108;
86531336;81099;
86531845;81088;
86532353;81107;
86532862;81102;
86533370;81097;
86533878;81095;
86534387;81090;
86534895;81102;
86535403;81091;
86535912;81110;
86536420;81101;
86536929;81090;
86537437;81114;
86537945;81108;
86538454;81107;
86538962;81113;
86539471;81097;
86539979;81103;
86540487;81092;
86540996;81099;
86541504;81102;
86542012;81104;
86542521;81088;
86543029;81106;
86543538;81117;
86544046;81096;
86544554;81104;
86545063;81096;
86545571;81101;
86546080;81103;
86546588;81089;
86547096;81116;
86547605;81113;
86548113;81107;
86548621;81107;
86549130;81095;
86549638;81107;
86550147;81095;
86550655;81099;
86551163;81109;
86551672;81112;
86552180;81117;
86552688;81098;
86553197;81115;
86553705;81104;
86554214;81104;
86554722;81106;
86555230;81103;
86555739;81110;
86556247;81112;
86556755;81129;
86557264;81100;
86557772;81113;
86558280;81111;
86558789;81114;
86559297;81110;
86559806;81108;
86560314;81122;
86560822;81106;
86561331;81111;
86561839;81106;
86562347;81093;
86562856;81105;
86563364;81113;
86563873;81106;
86564381;81129;
86564889;81135;
86565398;81137;
86565906;81111;
86566414;81099;
86566923;81100;
86567431;81030;
86567939;81097;
86568448;81097;
86568956;81111;
86569464;81134;
86569973;81100;
86570481;81127;
86570990;81102;
86571498;81101;
86572006;81116;
86572515;81121;
86573023;81257;
86573531;81250;
86574040;81113;
86574548;81175;
86575057;81132;
