6543943;372042;
6544349;371998;
6544756;371999;
6545163;371989;
6545569;372046;
6545976;372025;
6546383;372030;
6546789;372000;
6547196;372017;
6547602;372036;
6548009;371981;
6548416;372001;
6548822;371989;
6549229;372042;
6549636;372042;
6550042;371981;
6550449;372034;
6550856;372008;
6551262;371984;
6551669;371995;
6552076;372031;
6552482;371988;
6552889;372019;
6553296;372039;
6553702;372042;
6554109;372049;
6554516;372016;
6554922;372044;
6555329;371982;
6555736;371987;
6556142;372013;
6556549;371969;
6556956;372059;
6557362;371989;
6557769;371941;
6558176;371995;
6558582;372009;
6558989;371987;
6559396;371970;
6559803;371977;
6560209;372051;
6560616;371950;
6561023;371975;
6561429;371967;
6561836;372010;
6562243;372038;
6562649;371965;
6563056;372022;
6563463;371998;
6563869;372003;
6564276;371999;
6564683;371949;
6565089;371977;
6565496;372028;
6565903;372003;
6566309;371993;
6566716;371989;
6567123;371985;
6567529;371995;
6567936;371979;
6568343;371967;
6568749;372022;
6569156;371954;
6569563;371980;
6569970;371992;
6570376;371955;
6570783;372012;
6571190;371974;
6571596;371974;
6572003;372019;
6572410;371956;
6572816;372053;
6573223;371979;
6573630;371946;
6574036;371998;
6574443;371978;
6574850;372007;
6575256;371973;
6575663;372016;
6576070;371957;
6576476;371996;
6576883;371996;
6577290;372009;
6577697;372034;
6578103;371995;
6578510;371996;
6578917;371975;
6579323;371997;
6579730;372024;
6580137;372003;
6580543;372020;
6580950;372013;
6581357;371991;
6581763;372007;
6582170;372025;
6582577;372043;
6582983;372011;
6583390;372053;
6583797;371988;
6584203;372000;
6584610;372000;
6585017;371989;
6585423;372008;
6585830;372017;
6586237;372015;
6586643;371961;
6587050;371969;
6587457;372003;
6587863;371980;
6588270;371988;
6588677;371994;
6589083;371978;
6589490;371997;
6589897;372001;
6590303;371991;
6590710;371969;
6591117;372024;
6591523;372013;
6591930;371991;
6592337;372010;
6592744;372023;
6593150;372034;
6593557;371989;
6593964;372027;
6594370;372008;
6594777;372010;
6595184;372000;
6595590;371964;
6595997;372030;
6596404;371956;
6596810;371990;
6597217;372005;
6597624;371991;
6598030;371994;
6598437;371951;
6598844;371968;
6599250;372032;
6599657;371984;
6600064;371992;
6600470;371966;
6600877;372018;
6601284;371989;
6601690;372031;
6602097;371986;
6602504;371976;
6602910;371987;
6603317;371976;
6603724;371982;
6639513;369698;
6639920;369734;
6640327;369702;
6640734;369681;
6641140;369719;
6641547;369705;
6641954;369734;
6642361;369717;
6642767;369723;
6643174;369738;
6643581;369744;
6643987;369708;
6644394;369726;
6644801;369739;
6645208;369728;
6645614;369751;
6646021;369750;
6646428;369795;
6646835;369807;
6647241;369834;
6647648;369827;
6648055;369774;
6648461;369860;
6648868;369858;
6649275;369881;
6649682;369940;
6650088;369945;
6650495;369891;
6650902;369965;
6651308;369976;
6651715;369972;
6652122;369978;
6652528;369998;
6652935;370060;
6653342;370011;
6653749;369948;
6654155;370001;
6654562;369938;
6654969;369964;
6655375;369987;
6655782;369942;
6656189;369931;
6656595;369934;
6657002;369956;
6657409;369952;
6657815;369945;
6658222;369988;
6658629;369963;
6659036;369985;
6659442;369975;
6659849;369930;
6660256;369940;
6660662;369925;
6661069;369926;
6661476;369912;
6661883;369928;
6662289;369973;
6662696;369933;
6663103;369951;
6663510;369944;
6663916;369896;
6664323;369936;
6664730;369986;
6665136;369973;
6665543;369903;
6665950;369998;
6666357;369905;
6666763;369923;
6667170;369961;
6667577;369954;
6667983;370006;
6668390;369958;
6668797;369929;
6669204;369960;
6669610;369905;
6670017;369957;
6670424;369905;
6670830;369986;
6671237;369963;
6671644;369935;
6672051;369938;
6672457;369969;
6672864;369989;
6673271;369971;
6673677;369967;
6674084;369942;
6674491;370007;
6674898;370085;
6675304;370050;
6675711;370118;
6676118;370161;
6676524;370149;
6676931;370170;
6677338;370169;
6677745;370210;
6678151;370204;
6678558;370203;
6678965;370162;
6679371;370221;
6679778;370199;
6680185;370205;
6680592;370244;
6680998;370231;
6681405;370184;
6681812;370152;
6682218;370134;
6682625;370118;
6683032;370126;
6683438;370118;
6683845;370097;
6684252;370091;
6684659;370085;
6685065;370122;
6685472;370122;
6685879;370038;
6686286;370098;
6686692;370051;
6687099;370071;
6687506;370046;
6687912;370070;
6688319;370090;
6688726;370071;
6689132;370061;
6689539;370064;
6689946;370116;
6690353;370099;
6690759;370058;
6691166;370100;
6691573;370102;
6691979;370087;
6692386;370082;
6692793;370066;
6693199;370091;
6693606;370079;
6694013;370076;
6694419;370055;
6694826;370064;
6695233;370089;
6695640;370034;
6696046;370088;
6696453;370065;
6696860;370095;
6697266;370052;
6697673;370042;
6698080;370082;
6698486;370071;
6698893;370110;
6718414;370119;
6718821;370058;
6719228;370104;
6719634;370168;
6720041;370120;
6720448;370208;
6720855;370185;
6721261;370205;
6721668;370251;
6722075;370212;
6722481;370278;
6722888;370224;
6723295;370244;
6723701;370259;
6724108;370244;
6724515;370309;
6724921;370260;
6725328;370305;
6725735;370270;
6726141;370295;
6726548;370297;
6726955;370275;
6727362;370298;
6727768;370319;
6728175;370322;
6728582;370326;
6728988;370303;
6729395;370310;
6729802;370331;
6730208;370343;
6730615;370356;
6731022;370277;
6731429;370315;
6731835;370353;
6732242;370314;
6732649;370325;
6733055;370290;
6733462;370378;
6733869;370334;
6734275;370384;
6734682;370355;
6735089;370359;
6735495;370363;
6735902;370400;
6736309;370350;
6736715;370423;
6737122;370372;
6737529;370378;
6737935;370363;
6738342;370383;
6738749;370369;
6739156;370405;
6739562;370375;
6739969;370423;
6740376;370366;
6740782;370394;
6741189;370431;
6741596;370392;
6742002;370438;
6742409;370378;
6742816;370429;
6743222;370369;
6743629;370423;
6744036;370468;
6744443;370458;
6744849;370432;
6745256;370409;
6745663;370467;
6746069;370458;
6746476;370459;
6746883;370482;
6747289;370421;
6747696;370450;
6748103;370462;
6748509;370506;
6748916;370442;
6749323;370442;
6749729;370500;
6750136;370471;
6750543;370470;
6750949;370441;
6751356;370448;
6751763;370456;
6752169;370485;
6752576;370483;
6752983;370461;
6753389;370458;
6753796;370476;
6754203;370479;
6754610;370440;
6755016;370444;
6755423;370493;
6755830;370464;
6756236;370499;
6756643;370469;
6757050;370488;
6757456;370490;
6757863;370467;
6758270;370531;
6758676;370481;
6759083;370492;
6759490;370479;
6759897;370494;
6760303;370532;
6760710;370502;
6761117;370516;
6761523;370508;
6761930;370523;
6762337;370528;
6762743;370492;
6763150;370504;
6763557;370478;
6763964;370487;
6764370;370523;
6764777;370486;
6765184;370548;
6765590;370500;
6765997;370503;
6766404;370507;
6766811;370448;
6767217;370533;
6767624;370520;
6768031;370492;
6768437;370493;
6768844;370504;
6769251;370486;
6769657;370443;
6770064;370534;
6770471;370523;
6770878;370541;
6771284;370487;
6771691;370551;
6772098;370516;
6772504;370494;
6772911;370528;
6773318;370497;
6773724;370563;
6774131;370505;
6774538;370492;
6774944;370543;
6775351;370456;
6775758;370584;
6776164;370508;
6776571;370506;
6776978;370564;
6777385;370505;
6777791;370521;
6778198;370556;
6800972;377176;
6801378;376952;
6801785;376840;
6802192;376705;
6802598;376549;
6803005;376416;
6803412;376183;
6803819;376107;
6804225;375906;
6804632;375800;
6805039;375609;
6805445;375407;
6805852;375265;
6806259;375115;
6806665;374988;
6807072;374893;
6807479;374772;
6807885;374611;
6808292;374448;
6808699;374405;
6809105;374281;
6809512;374241;
6809919;374084;
6810325;373978;
6810732;373965;
6811139;373838;
6811545;373805;
6811952;373735;
6812359;373622;
6812765;373581;
6813172;373469;
6813579;373484;
6813985;373411;
6814392;373339;
6814799;373272;
6815206;373217;
6815612;373182;
6816019;373089;
6816426;373084;
6816832;372984;
6817239;372977;
6817646;372950;
6818052;372851;
6818459;372851;
6818866;372846;
6819272;372765;
6819679;372718;
6820086;372743;
6820492;372632;
6820899;372558;
6821306;372614;
6821712;372549;
6822119;372577;
6822526;372539;
6822933;372448;
6823339;372417;
6823746;372376;
6824153;372401;
6824559;372325;
6824966;372328;
6825373;372339;
6825779;372262;
6826186;372235;
6826593;372219;
6826999;372237;
6827406;372239;
6827813;372108;
6828220;372162;
6828626;372091;
6829033;372104;
6829440;372073;
6829846;372074;
6830253;372077;
6830660;372002;
6831066;372009;
6831473;372040;
6831880;371973;
6832286;372010;
6832693;371982;
6833100;372002;
6833506;371911;
6833913;371903;
6834320;371942;
6834726;371881;
6835133;371881;
6835540;371862;
6835946;371903;
6836353;371835;
6836760;371848;
6837166;371803;
6837573;371830;
6837980;371783;
6838387;371779;
6838793;371778;
6839200;371738;
6839607;371813;
6840013;371815;
6840420;371753;
6840827;371763;
6841233;371758;
6841640;371746;
6842047;371766;
6842453;371739;
6842860;371822;
6843267;371755;
6843674;371733;
6844080;371784;
6844487;371760;
6844894;371768;
6845300;371708;
6845707;371752;
6846114;371749;
6846521;371677;
6846927;371766;
6847334;371754;
6847741;371706;
6848147;371734;
6848554;371729;
6848961;371735;
6849368;371706;
6849774;371768;
6850181;371755;
6850588;371751;
6850994;371732;
6851401;371714;
6851808;371694;
6852214;371605;
6852621;371569;
6853028;371577;
6853435;371598;
6853841;371497;
6854248;371528;
6854655;371557;
6855061;371494;
6855468;371490;
6855875;371471;
6856281;371495;
6856688;371452;
6857095;371475;
6857501;371489;
6857908;371447;
6858315;371458;
6858721;371436;
6859128;371490;
6859535;371438;
6859942;371440;
6860348;371431;
6860755;371401;
6879462;372632;
6879869;372548;
6880276;372599;
6880682;372848;
6881089;372796;
6881496;372828;
6881903;372787;
6882309;372785;
6882716;372845;
6883123;372835;
6883529;372815;
6883936;372780;
6884343;372772;
6884750;372786;
6885156;372774;
6885563;372738;
6885970;372708;
6886376;372703;
6886783;372715;
6887190;372810;
6887597;372848;
6888003;372834;
6888410;372805;
6888817;372833;
6889223;372931;
6889630;372830;
6890037;372897;
6890443;372892;
6890850;372904;
6891257;372901;
6891664;372875;
6892070;372894;
6892477;372872;
6892884;372862;
6893290;372884;
6893697;372914;
6894104;372890;
6894510;372931;
6894917;372915;
6895324;372983;
6895730;372908;
6896137;372922;
6896544;373008;
6896951;372982;
6897357;373014;
6897764;373035;
6898171;373011;
6898577;373013;
6898984;373081;
6899391;373083;
6899797;373104;
6900204;373086;
6900611;373109;
6901018;373137;
6901424;373102;
6901831;373131;
6902238;373150;
6902644;373157;
6903051;373174;
6903458;373136;
6903864;373127;
6904271;373161;
6904678;373149;
6905084;373172;
6905491;373153;
6905898;373174;
6906305;373147;
6906711;373269;
6907118;373313;
6907525;373325;
6907931;373381;
6908338;373382;
6908745;373377;
6909151;373393;
6909558;373394;
6909965;373393;
6910371;373360;
6910778;373414;
6911185;373435;
6911592;373453;
6911998;373459;
6912405;373465;
6912812;373508;
6913218;373658;
6913625;373696;
6914032;373675;
6914438;373684;
6914845;373678;
6915252;373699;
6915658;373733;
6916065;373727;
6916472;373728;
6916878;373746;
6917285;373672;
6917692;373715;
6918098;373738;
6918505;373765;
6918912;373690;
6919318;373680;
6919725;373749;
6920132;373786;
6920538;373750;
6920945;373750;
6921352;373802;
6921758;373738;
6922165;373758;
6922572;373764;
6922978;373742;
6923385;373807;
6923792;373780;
6924198;373778;
6924605;373840;
6925012;373798;
6925418;373846;
6925825;373772;
6926232;373810;
6926638;373787;
6927045;373844;
6927452;373833;
6927858;373796;
6928265;373858;
6928672;373843;
6929079;373862;
6929485;373874;
6929892;373819;
6930299;373877;
6930705;373834;
6931112;373874;
6931519;373845;
6931925;373869;
6932332;373893;
6932739;373870;
6933145;373914;
6933552;373872;
6933959;373882;
6934365;373857;
6934772;373911;
6935179;373915;
6935585;373878;
6935992;373866;
6936399;373886;
6936805;373880;
6937212;373923;
6937619;373884;
6938025;373890;
6938432;373929;
6938839;373920;
6939245;373930;
6957953;373205;
6958359;373185;
6958766;373075;
6959173;373088;
6959579;372995;
6959986;372975;
6960393;373058;
6960799;373047;
6961206;372979;
6961613;372918;
6962019;372853;
6962426;372779;
6962833;372743;
6963239;372777;
6963646;372731;
6964053;372765;
6964459;372680;
6964866;372687;
6965273;372684;
6965679;372737;
6966086;372740;
6966493;372695;
6966899;372737;
6967306;372668;
6967713;372737;
6968119;372756;
6968526;372718;
6968933;372759;
6969340;372757;
6969746;372731;
6970153;372746;
6970560;372748;
6970966;372775;
6971373;372787;
6971780;372783;
6972187;372749;
6972593;372793;
6973000;372774;
6973407;372753;
6973813;372744;
6974220;372770;
6974627;372811;
6975033;372734;
6975440;372776;
6975847;372817;
6976253;372777;
6976660;372757;
6977067;372753;
6977474;372778;
6977880;372794;
6978287;372817;
6978694;372812;
6979100;372783;
6979507;372791;
6979914;372819;
6980321;372813;
6980727;372843;
6981134;372754;
6981541;372849;
6981947;372856;
6982354;372794;
6982761;372830;
6983167;372811;
6983574;372851;
6983981;372815;
6984387;372845;
6984794;372829;
6985201;372840;
6985608;372869;
6986014;372847;
6986421;372865;
6986828;372836;
6987234;372914;
6987641;372884;
6988048;372857;
6988454;372922;
6988861;372927;
6989268;372868;
6989674;372871;
6990081;372894;
6990488;372930;
6990894;372923;
6991301;372889;
6991708;372901;
6992114;372954;
6992521;372927;
6992928;372887;
6993334;372943;
6993741;372917;
6994148;372931;
6994554;372937;
6994961;372936;
6995368;372963;
6995774;372905;
6996181;372937;
6996588;372957;
6996995;372981;
6997401;372965;
6997808;372975;
6998215;373053;
6998621;372958;
6999028;372979;
6999435;372976;
6999841;372993;
7000248;373018;
7000655;372979;
7001061;373014;
7001468;372990;
7001875;372976;
7002281;372968;
7002688;373012;
7003095;372965;
7003502;372963;
7003908;372973;
7004315;372980;
7004722;373009;
7005128;373018;
7005535;373064;
7005942;373021;
7006348;373029;
7006755;372962;
7007162;373036;
7007568;372997;
7007975;373045;
7008382;373031;
7008788;373030;
7009195;373064;
7009601;372997;
7010008;373049;
7010415;373019;
7010822;373056;
7011228;373035;
7011635;373054;
7012042;373022;
7012448;373071;
7012855;373094;
7013262;373045;
7013668;373111;
7014075;373073;
7014482;373079;
7014888;373059;
7015295;373050;
7015702;373087;
7016109;373085;
7016515;373088;
7016922;373062;
7017329;373098;
7017735;373070;
7037664;372861;
7038071;372753;
7038477;372766;
7038884;372683;
7039291;372723;
7039698;372710;
7040104;372682;
7040511;372711;
7040918;372685;
7041324;372692;
7041731;372675;
7042138;372640;
7042545;372633;
7042951;372660;
7043358;372634;
7043765;372620;
7044171;372623;
7044578;372667;
7044985;372669;
7045391;372672;
7045798;372704;
7046205;372714;
7046612;372663;
7047018;372683;
7047425;372597;
7047832;372588;
7048238;372520;
7048645;372603;
7049052;372509;
7049459;372532;
7049865;372598;
7050272;372566;
7050679;372564;
7051086;372507;
7051492;372565;
7051899;372562;
7052306;372577;
7052712;372610;
7053119;372548;
7053526;372566;
7053933;372620;
7054339;372603;
7054746;372600;
7055153;372580;
7055560;372628;
7055966;372610;
7056373;372644;
7056780;372639;
7057186;372612;
7057593;372579;
7058000;372624;
7058407;372636;
7058813;372625;
7059220;372660;
7059627;372692;
7060033;372640;
7060440;372662;
7060847;372643;
7061254;372631;
7061660;372641;
7062067;372647;
7062474;372650;
7062880;372625;
7063287;372633;
7063694;372633;
7064101;372609;
7064507;372662;
7064914;372603;
7065321;372654;
7065727;372650;
7066134;372666;
7066541;372728;
7066947;372670;
7067354;372666;
7067761;372670;
7068168;372696;
7068574;372638;
7068981;372684;
7069388;372682;
7069794;372681;
7070201;372721;
7070608;372684;
7071014;372734;
7071421;372706;
7071828;372735;
7072235;372714;
7072641;372701;
7073048;372749;
7073455;372672;
7073861;372740;
7074268;372667;
7074675;372754;
7075081;372717;
7075488;372769;
7075895;372741;
7076302;372761;
7076708;372755;
7077115;372759;
7077522;372739;
7077928;372767;
7078335;372774;
7078742;372738;
7079148;372777;
7079555;372761;
7079962;372813;
7080368;372812;
7080775;372794;
7081182;372831;
7081589;372787;
7081995;372802;
7082402;372776;
7082809;372796;
7083215;372770;
7083622;372809;
7084029;372806;
7084436;372807;
7084842;372812;
7085249;372823;
7085656;372827;
7086062;372766;
7086469;372802;
7086876;372805;
7087282;372841;
7087689;372809;
7088096;372820;
7088503;372869;
7088909;372821;
7089316;372806;
7089723;372819;
7090129;372822;
7090536;372833;
7090943;372808;
7091350;372833;
7091756;372852;
7092163;372841;
7092570;372839;
7092976;372822;
7093383;372895;
7093790;372881;
7094196;372853;
7094603;372883;
7095010;372873;
7095416;372864;
7095823;372861;
7096230;372827;
7096637;372830;
7097043;372882;
7097450;372878;
7111685;372161;
7112091;372030;
7112498;372132;
7112905;372095;
7113311;372032;
7113718;372189;
7114125;372082;
7114532;372200;
7114938;372184;
7115345;372221;
7115752;372226;
7116158;372260;
7116565;372225;
7116972;372215;
7117378;372179;
7117785;372234;
7118192;372188;
7118598;372216;
7119005;372165;
7119412;372188;
7119819;372197;
7120225;372199;
7120632;372251;
7121039;372240;
7121445;372244;
7121852;372207;
7122259;372240;
7122665;372270;
7123072;372250;
7123479;372271;
7123886;372265;
7124292;372234;
7124699;372297;
7125106;372252;
7125512;372305;
7125919;372244;
7126326;372283;
7126732;372302;
7127139;372285;
7127546;372312;
7127952;372226;
7128359;372276;
7128766;372312;
7129172;372280;
7129579;372325;
7129986;372320;
7130392;372313;
7130799;372313;
7131206;372297;
7131613;372327;
7132019;372319;
7132426;372302;
7132833;372323;
7133239;372336;
7133646;372314;
7134053;372317;
7134459;372354;
7134866;372309;
7135273;372318;
7135679;372363;
7136086;372349;
7136493;372328;
7136899;372337;
7137306;372315;
7137713;372341;
7138119;372339;
7138526;372380;
7138933;372331;
7139340;372385;
7139746;372374;
7140153;372364;
7140560;372390;
7140966;372388;
7141373;372372;
7141780;372363;
7142186;372412;
7142593;372363;
7143000;372357;
7143407;372343;
7143813;372352;
7144220;372422;
7144627;372348;
7145033;372364;
7145440;372403;
7145847;372346;
7146253;372343;
7146660;372389;
7147067;372392;
7147473;372343;
7147880;372404;
7148287;372352;
7148693;372367;
7149100;372374;
7149507;372378;
7149914;372365;
7150320;372355;
7150727;372425;
7151134;372360;
7151540;372407;
7151947;372405;
7152354;372397;
7152760;372456;
7153167;372338;
7153574;372420;
7153980;372421;
7154387;372414;
7154794;372391;
7155200;372386;
7155607;372455;
7156014;372399;
7156421;372405;
7156827;372423;
7157234;372414;
7157641;372411;
7158047;372432;
7158454;372421;
7158861;372465;
7159267;372412;
7159674;372450;
7160081;372405;
7160487;372422;
7160894;372440;
7161301;372432;
7161707;372443;
7162114;372401;
7162521;372479;
7162927;372416;
7163334;372413;
7163741;372442;
7164148;372421;
7164554;372432;
7164961;372416;
7165368;372459;
7165774;372416;
7166181;372470;
7166588;372448;
7166994;372455;
7167401;372447;
7167808;372473;
7168214;372410;
7168621;372411;
7169028;372466;
7169434;372457;
7169841;372455;
7170248;372468;
7170654;372409;
7171061;372447;
7171468;372420;
7190582;371738;
7190989;371685;
7191395;371655;
7191802;371654;
7192209;371625;
7192616;371628;
7193022;371638;
7193429;371611;
7193836;371591;
7194242;371622;
7194649;371624;
7195056;371577;
7195462;371617;
7195869;371576;
7196276;371558;
7196682;371658;
7197089;371646;
7197496;371605;
7197903;371679;
7198309;371683;
7198716;371626;
7199123;371670;
7199529;371697;
7199936;371641;
7200343;371704;
7200749;371685;
7201156;371675;
7201563;371669;
7201970;371704;
7202376;371660;
7202783;371634;
7203190;371668;
7203596;371662;
7204003;371694;
7204410;371713;
7204816;371679;
7205223;371728;
7205630;371684;
7206037;371733;
7206443;371768;
7206850;371731;
7207257;371760;
7207663;371713;
7208070;371714;
7208477;371729;
7208883;371703;
7209290;371781;
7209697;371776;
7210103;371758;
7210510;371751;
7210917;371770;
7211324;371731;
7211730;371761;
7212137;371749;
7212544;371763;
7212950;371736;
7213357;371818;
7213764;371761;
7214170;371718;
7214577;371730;
7214984;371779;
7215390;371790;
7215797;371773;
7216204;371771;
7216611;371779;
7217017;371773;
7217424;371745;
7217831;371786;
7218237;371773;
7218644;371751;
7219051;371803;
7219457;371770;
7219864;371782;
7220271;371769;
7220677;371805;
7221084;371773;
7221491;371820;
7221897;371836;
7222304;371824;
7222711;371801;
7223118;371797;
7223524;371784;
7223931;371802;
7224338;371788;
7224744;371812;
7225151;371833;
7225558;371827;
7225964;371805;
7226371;371861;
7226778;371771;
7227184;371790;
7227591;371848;
7227998;371830;
7228404;371871;
7228811;371842;
7229218;371846;
7229625;371847;
7230031;371825;
7230438;371833;
7230845;371824;
7231251;371818;
7231658;371778;
7232065;371816;
7232471;371828;
7232878;371830;
7233285;371896;
7233691;371860;
7234098;371827;
7234505;371852;
7234911;371853;
7235318;371871;
7235725;371855;
7236132;371855;
7236538;371830;
7236945;371889;
7237352;371896;
7237758;371837;
7238165;371777;
7238572;371842;
7238978;371848;
7239385;371802;
7239792;371828;
7240198;371883;
7240605;371867;
7241012;371806;
7241419;371868;
7241825;371873;
7242232;371928;
7242639;371873;
7243045;371915;
7243452;371834;
7243859;371892;
7244265;371853;
7244672;371857;
7245079;371858;
7245485;371865;
7245892;371883;
7246299;371845;
7246705;371906;
7247112;371866;
7247519;371880;
7247925;371900;
7248332;371892;
7248739;371881;
7249145;371888;
7249552;371859;
7249959;371870;
7250366;371864;
7250772;371871;
7251179;371900;
7269073;372570;
7269480;372450;
7269886;372457;
7270293;372401;
7270700;372491;
7271106;372475;
7271513;372453;
7271920;372430;
7272326;372411;
7272733;372444;
7273140;372486;
7273547;372508;
7273953;372470;
7274360;372454;
7274767;372420;
7275173;372448;
7275580;372458;
7275987;372440;
7276394;372456;
7276800;372467;
7277207;372392;
7277614;372127;
7278020;372089;
7278427;372094;
7278834;372076;
7279240;372114;
7279647;372107;
7280054;372117;
7280460;372089;
7280867;372088;
7281274;372113;
7281680;372106;
7282087;372131;
7282494;372119;
7282900;372096;
7283307;372071;
7283714;372134;
7284120;372106;
7284527;372073;
7284934;372115;
7285340;372118;
7285747;372165;
7286154;372145;
7286560;372115;
7286967;372130;
7287374;372148;
7287780;372145;
7288187;372178;
7288594;372181;
7289000;372177;
7289407;372180;
7289814;372110;
7290221;372118;
7290627;372147;
7291034;372121;
7291441;372129;
7291847;372142;
7292254;372146;
7292661;372137;
7293067;372170;
7293474;372151;
7293881;372165;
7294287;372130;
7294694;372120;
7295101;372180;
7295507;372195;
7295914;372165;
7296321;372174;
7296727;372158;
7297134;372144;
7297541;372157;
7297947;372168;
7298354;372175;
7298761;372146;
7299167;372170;
7299574;372134;
7299981;372152;
7300388;372186;
7300794;372189;
7301201;372229;
7301608;372219;
7302014;372160;
7302421;372263;
7302828;372162;
7303234;372223;
7303641;372182;
7304048;372214;
7304454;372159;
7304861;372183;
7305268;372181;
7305674;372209;
7306081;372232;
7306488;372222;
7306894;372231;
7307301;372273;
7307708;372187;
7308114;372256;
7308521;372220;
7308928;372254;
7309334;372234;
7309741;372290;
7310148;372259;
7310555;372207;
7310961;372252;
7311368;372243;
7311775;372201;
7312181;372224;
7312588;372207;
7312995;372274;
7313401;372236;
7313808;372253;
7314215;372236;
7314621;372236;
7315028;372286;
7315435;372279;
7315841;372286;
7316248;372304;
7316655;372285;
7317062;372303;
7317468;372252;
7317875;372230;
7318282;372273;
7318688;372272;
7319095;372253;
7319502;372287;
7319908;372282;
7320315;372264;
7320722;372294;
7321128;372278;
7321535;372269;
7321942;372294;
7322348;372247;
7322755;372270;
7323162;372289;
7323568;372320;
7323975;372285;
7324382;372260;
7324788;372304;
7325195;372250;
7325601;372308;
7326008;372308;
7326415;372311;
7326822;372288;
7327228;372297;
7327635;372297;
7328042;372255;
7328448;372251;
7328855;372263;
7329262;372262;
7329668;372282;
7330075;372258;
7330482;372305;
7330888;372290;
7331295;372270;
7331702;372247;
7332108;372250;
7332515;372299;
7332922;372273;
7333329;372294;
7333735;372248;
7334142;372301;
7334549;372251;
7334955;372259;
7335362;372248;
7335769;372239;
7351223;372345;
7351630;372309;
7352037;372315;
7352443;372323;
7352850;372392;
7353257;372321;
7353663;372307;
7354070;372342;
7354477;372245;
7354884;372321;
7355290;372296;
7355697;372340;
7356104;372391;
7356510;372342;
7356917;372366;
7357324;372407;
7357730;372389;
7358137;372452;
7358544;372434;
7358950;372450;
7359357;372464;
7359764;372426;
7360170;372471;
7360577;372441;
7360984;372500;
7361390;372503;
7361797;372479;
7362204;372509;
7362610;372518;
7363017;372487;
7363424;372505;
7363830;372527;
7364237;372495;
7364644;372546;
7365050;372546;
7365457;372530;
7365864;372518;
7366270;372542;
7366677;372539;
7367084;372495;
7367490;372582;
7367897;372554;
7368304;372592;
7368710;372574;
7369117;372614;
7369524;372554;
7369930;372537;
7370337;372567;
7370744;372625;
7371150;372580;
7371557;372556;
7371964;372610;
7372370;372636;
7372777;372602;
7373184;372621;
7373590;372568;
7373997;372605;
7374404;372597;
7374810;372570;
7375217;372601;
7375624;372632;
7376030;372614;
7376437;372594;
7376844;372604;
7377250;372617;
7377657;372571;
7378063;372626;
7378470;372650;
7378877;372604;
7379283;372620;
7379690;372621;
7380097;372669;
7380503;372691;
7380910;372673;
7381317;372594;
7381723;372675;
7382130;372689;
7382537;372664;
7382943;372636;
7383350;372666;
7383757;372681;
7384163;372648;
7384570;372680;
7384977;372673;
7385383;372645;
7385790;372694;
7386197;372656;
7386604;372689;
7387010;372706;
7387417;372671;
7387823;372683;
7388230;372674;
7388637;372681;
7389043;372658;
7389450;372701;
7389857;372681;
7390263;372683;
7390670;372695;
7391077;372675;
7391483;372720;
7391890;372706;
7392297;372722;
7392703;372727;
7393110;372738;
7393517;372713;
7393923;372687;
7394330;372749;
7394737;372728;
7395143;372716;
7395550;372691;
7395957;372707;
7396363;372723;
7396770;372696;
7397177;372685;
7397584;372679;
7397990;372729;
7398397;372751;
7398804;372702;
7399210;372687;
7399617;372704;
7400024;372749;
7400430;372727;
7400837;372718;
7401244;372722;
7401650;372699;
7402057;372741;
7402464;372719;
7402871;372685;
7403277;372778;
7403684;372720;
7404091;372710;
7404497;372760;
7404904;372748;
7405311;372721;
7405717;372701;
7406124;372761;
7406531;372750;
7406937;372775;
7407344;372724;
7407751;372756;
7408157;372748;
7408564;372725;
7408971;372733;
7409377;372760;
7409784;372703;
7410191;372753;
7410597;372694;
7411004;372782;
7428898;373482;
7429305;373484;
7429712;373382;
7430118;373375;
7430525;373377;
7430932;373231;
7431338;373352;
7431745;373229;
7432152;373254;
7432558;373196;
7432965;373141;
7433372;373212;
7433778;373177;
7434185;373205;
7434592;373242;
7434998;373182;
7435405;373226;
7435812;373244;
7436218;373210;
7436625;373122;
7437032;373155;
7437438;373154;
7437845;373129;
7438252;373159;
7438658;373066;
7439065;372865;
7439472;372834;
7439878;372805;
7440285;372827;
7440692;372810;
7441098;372828;
7441505;372825;
7441912;372804;
7442319;372867;
7442725;372827;
7443132;372838;
7443539;372835;
7443945;372857;
7444352;372837;
7444759;372878;
7445165;372950;
7445572;372873;
7445979;372887;
7446385;372865;
7446792;372904;
7447199;372871;
7447605;372853;
7448012;372883;
7448419;372922;
7448825;372893;
7449232;372883;
7449639;372894;
7450045;372897;
7450452;372940;
7450859;372901;
7451265;372920;
7451672;372906;
7452079;372901;
7452485;372895;
7452892;372933;
7453299;372916;
7453705;372925;
7454112;372899;
7454519;372936;
7454925;372906;
7455332;372896;
7455739;372910;
7456145;372882;
7456552;372905;
7456959;372921;
7457365;372861;
7457772;372979;
7458179;372943;
7458585;372925;
7458992;372965;
7459399;372946;
7459805;372985;
7460212;372936;
7460619;372985;
7461026;372940;
7461432;372928;
7461839;372964;
7462246;372969;
7462652;372948;
7463059;372958;
7463466;372936;
7463872;372955;
7464279;372970;
7464686;372966;
7465092;372954;
7465499;372948;
7465906;372952;
7466312;372987;
7466719;372957;
7467126;372971;
7467533;373006;
7467939;373042;
7468346;372971;
7468753;372943;
7469159;372978;
7469566;373002;
7469973;372944;
7470379;373011;
7470786;372918;
7471193;373006;
7471599;372990;
7472006;372987;
7472413;372987;
7472820;372984;
7473226;372996;
7473633;372981;
7474040;372979;
7474446;373004;
7474853;373026;
7475260;372975;
7475666;372988;
7476073;373021;
7476480;372966;
7476887;372983;
7477293;373003;
7477700;373017;
7478107;373020;
7478513;372980;
7478920;372981;
7479327;373050;
7479734;372993;
7480140;373009;
7480547;372970;
7480954;373022;
7481360;372998;
7481767;373023;
7482174;373010;
7482580;373003;
7482987;373056;
7483394;373033;
7483801;373011;
7484207;373009;
7484614;373061;
7485021;373031;
7485427;373021;
7485834;373025;
7486241;372955;
7486647;373022;
7487054;373077;
7487461;372999;
7487867;373043;
7488274;373030;
7488681;373037;
7520810;371383;
7521217;371292;
7521624;371242;
7522030;371152;
7522437;371172;
7522844;371005;
7523251;370943;
7523657;370921;
7524064;370846;
7524471;370808;
7524877;370706;
7525284;370661;
7525691;370690;
7526098;370579;
7526504;370619;
7526911;370585;
7527318;370595;
7527725;370560;
7528131;370564;
7528538;370571;
7528945;370578;
7529351;370542;
7529758;370548;
7530165;370556;
7530572;370591;
7530978;370560;
7531385;370567;
7531792;370570;
7532199;370523;
7532605;370582;
7533012;370572;
7533419;370612;
7533825;370611;
7534232;370580;
7534639;370636;
7535046;370603;
7535452;370587;
7535859;370649;
7536266;370616;
7536672;370606;
7537079;370633;
7537486;370576;
7537893;370588;
7538299;370668;
7538706;370634;
7539113;370677;
7539519;370646;
7539926;370684;
7540333;370651;
7540740;370612;
7541146;370705;
7541553;370668;
7541960;370710;
7542367;370675;
7542773;370678;
7543180;370719;
7543587;370680;
7543993;370697;
7544400;370705;
7544807;370693;
7545214;370701;
7545620;370759;
7546027;370749;
7546434;370771;
7546840;370704;
7547247;370698;
7547654;370673;
7548060;370762;
7548467;370684;
7548874;370698;
7549281;370692;
7549687;370784;
7550094;370781;
7550501;370731;
7550907;370795;
7581816;371599;
7582223;371570;
7582630;371502;
7583036;371482;
7583443;371505;
7583850;371448;
7584256;371470;
7584663;371419;
7585070;371419;
7585476;371433;
7585883;371363;
7586290;371335;
7586696;371336;
7587103;371248;
7587510;371262;
7587916;371223;
7588323;371226;
7588730;371242;
7589136;371179;
7589543;371207;
7589950;371153;
7590356;371029;
7590763;371077;
7591170;371048;
7591576;371042;
7591983;371009;
7592390;370991;
7592796;371048;
7593203;370997;
7593610;370992;
7594016;370987;
7594423;371013;
7594830;371033;
7595236;371011;
7595643;371023;
7596050;370978;
7596456;371011;
7596863;371012;
7597270;370940;
7597676;371002;
7598083;370959;
7598490;370967;
7598896;370979;
7599303;371013;
7599709;370983;
7600116;370974;
7600523;370959;
7600929;370998;
7601336;371019;
7601743;370993;
7602149;371003;
7602556;371042;
7602963;371033;
7603369;371050;
7603776;371041;
7604183;371039;
7604589;371002;
7604996;370999;
7605403;371042;
7605809;371014;
7606216;371023;
7606623;371028;
7607029;371034;
7607436;370979;
7607843;371054;
7608249;371066;
7608656;371030;
7609063;371041;
7609469;371018;
7609876;371058;
7610283;371040;
7610689;371034;
7611096;371055;
7611503;371021;
7627364;371855;
7627770;371758;
7628177;371797;
7628584;371711;
7628991;371628;
7629397;371542;
7629804;371474;
7630211;371375;
7630617;371341;
7631024;371346;
7631431;371335;
7631837;371278;
7632244;371310;
7632651;371283;
7633058;371251;
7633464;371313;
7633871;371301;
7634278;371284;
7634684;371260;
7635091;371306;
7635498;371329;
7635904;371287;
7636311;371342;
7636718;371353;
7637125;371306;
7637531;371336;
7637938;371344;
7638345;371366;
7638751;371375;
7639158;371348;
7639565;371363;
7639971;371322;
7640378;371384;
7640785;371385;
7641192;371385;
7641598;371368;
7642005;371376;
7642412;371335;
7642818;371377;
7643225;371411;
7643632;371393;
7644038;371393;
7644445;371395;
7644852;371380;
7645259;371374;
7645665;371407;
7646072;371384;
7646479;371374;
7646885;371355;
7647292;371430;
7647699;371385;
7648105;371417;
7648512;371370;
7648919;371401;
7649325;371413;
7649732;371412;
7650139;371423;
7650545;371430;
7650952;371449;
7651359;371413;
7651765;371442;
7652172;371449;
7652579;371442;
7652986;371493;
7653392;371405;
7653799;371468;
7654206;371397;
7654612;371448;
7655019;371479;
7655426;371430;
7655832;371460;
7656239;371481;
7656646;371470;
7657052;371490;
7670880;371787;
7671286;371712;
7671693;371656;
7672100;371645;
7672506;371602;
7672913;371520;
7673320;371479;
7673727;371425;
7674133;371425;
7674540;371424;
7674947;371358;
7675353;371346;
7675760;371374;
7676167;371359;
7676573;371315;
7676980;371281;
7677387;371326;
7677793;371356;
7678200;371397;
7678607;371344;
7679013;371374;
7679420;371370;
7679827;371351;
7680234;371390;
7680640;371359;
7681047;371375;
7681454;371347;
7681860;371359;
7682267;371411;
7682674;371409;
7683080;371411;
7683487;371400;
7683894;371412;
7684300;371433;
7684707;371390;
7685114;371417;
7685521;371462;
7685927;371433;
7686334;371483;
7686741;371465;
7687147;371471;
7687554;371440;
7687961;371479;
7688367;371440;
7688774;371481;
7689181;371457;
7689587;371511;
7689994;371496;
7690401;371522;
7690807;371511;
7691214;371516;
7691621;371528;
7692028;371364;
7692434;371236;
7692841;371238;
7693248;371251;
7693654;371224;
7694061;371287;
7694468;371275;
7694874;371309;
7695281;371270;
7695688;371291;
7696094;371314;
7696501;371295;
7696908;371367;
7697314;371332;
7697721;371339;
7698128;371349;
7698534;371323;
7698941;371323;
7699348;371330;
7699755;371311;
7700161;371314;
7700568;371364;
7713989;371727;
7714395;371869;
7714802;371613;
7715209;371685;
7715616;371567;
7716022;371477;
7716429;371568;
7716836;371456;
7717242;371499;
7717649;371447;
7718056;371450;
7718462;371451;
7718869;371452;
7719276;371477;
7719683;371462;
7720089;371386;
7720496;371502;
7720903;371434;
7721309;371478;
7721716;371532;
7722123;371502;
7722529;371470;
7722936;371483;
7723343;371473;
7723750;371551;
7724156;371549;
7724563;371527;
7724970;371558;
7725376;371561;
7725783;371518;
7726190;371549;
7726596;371573;
7727003;371569;
7727410;371568;
7727816;371578;
7728223;371510;
7728630;371390;
7729036;371381;
7729443;371359;
7729850;371368;
7730256;371323;
7730663;371381;
7731070;371399;
7731476;371364;
7731883;371378;
7732290;371351;
7732696;371354;
7733103;371376;
7733510;371392;
7733916;371378;
7734323;371391;
7734730;371406;
7735137;371402;
7735543;371371;
7735950;371397;
7736357;371451;
7736763;371402;
7737170;371422;
7737577;371429;
7737983;371436;
7738390;371414;
7738797;371430;
7739203;371398;
7739610;371459;
7740017;371470;
7740423;371451;
7740830;371427;
7741237;371454;
7741643;371410;
7742050;371426;
7742457;371402;
7742863;371461;
7743270;371448;
7743677;371459;
7759131;372912;
7759537;372837;
7759944;372783;
7760351;372721;
7760758;372605;
7761164;372565;
7761571;372516;
7761978;372536;
7762384;372387;
7762791;372398;
7763198;372269;
7763604;372217;
7764011;372125;
7764418;372045;
7764824;372021;
7765231;371952;
7765638;372010;
7766044;371999;
7766451;372071;
7766858;372085;
7767265;372117;
7767671;372205;
7768078;372153;
7768485;372239;
7768891;372187;
7769298;372260;
7769705;372291;
7770111;372302;
7770518;372313;
7770925;372402;
7771331;372376;
7771738;372394;
7772145;372402;
7772552;372417;
7772958;372458;
7773365;372478;
7773772;372535;
7774178;372536;
7774585;372527;
7774992;372537;
7775398;372571;
7775805;372547;
7776212;372622;
7776618;372560;
7777025;372594;
7777432;372612;
7777838;372623;
7778245;372663;
7778652;372675;
7779058;372710;
7779465;372619;
7779872;372667;
7780279;372708;
7780685;372711;
7781092;372757;
7781499;372767;
7781905;372741;
7782312;372776;
7782719;372772;
7783125;372827;
7783532;372773;
7783939;372802;
7784345;372841;
7784752;372853;
7785159;372871;
7785565;372848;
7785972;372885;
7786379;372887;
7786785;372873;
7787192;372907;
7787599;372852;
7788005;372957;
7788412;372950;
7788819;372988;
7789225;372975;
7802645;373093;
7803052;372974;
7803459;372987;
7803865;372901;
7804272;372848;
7804679;372843;
7805086;372809;
7805492;372816;
7805899;372703;
7806306;372711;
7806712;372705;
7807119;372645;
7807526;372559;
7807932;372519;
7808339;372569;
7808746;372459;
7809152;372428;
7809559;372370;
7809966;372311;
7810372;372232;
7810779;372168;
7811186;372174;
7811592;372121;
7811999;372100;
7812406;372048;
7812812;372025;
7813219;372028;
7813626;371956;
7814033;371959;
7814439;371931;
7814846;372012;
7815253;372015;
7815659;371990;
7816066;371977;
7816473;371996;
7816879;371991;
7817286;372048;
7817693;372024;
7818099;372001;
7818506;371993;
7818913;372021;
7819319;372061;
7819726;372017;
7820133;372022;
7820539;372040;
7820946;372067;
7821353;372076;
7821759;372020;
7822166;372056;
7822573;372058;
7822980;372064;
7823386;372014;
7823793;372079;
7824200;372061;
7824606;372070;
7825013;372074;
7825420;372057;
7825826;372068;
7826233;372076;
7826640;372069;
7827046;372048;
7827453;372081;
7827860;372035;
7828266;372081;
7828673;372106;
7829080;372102;
7829487;372090;
7829893;372107;
7830300;372096;
7830707;372097;
7831113;372114;
7831520;372141;
7831927;372128;
7832333;372080;
7832740;372138;
7833147;372075;
7833553;372104;
7849414;371023;
7849820;370976;
7850227;371035;
7850634;371040;
7851040;371109;
7851447;371193;
7851854;371263;
7852260;371240;
7852667;371345;
7853074;371315;
7853480;371335;
7853887;371380;
7854294;371436;
7854700;371452;
7855107;371482;
7855514;371486;
7855920;371487;
7856327;371503;
7856734;371512;
7857140;371555;
7857547;371544;
7857954;371498;
7858360;371560;
7858767;371586;
7859174;371606;
7859581;371587;
7859987;371589;
7860394;371610;
7860801;371628;
7861207;371619;
7861614;371694;
7862021;371647;
7862427;371660;
7862834;371678;
7863241;371629;
7863647;371617;
7864054;371641;
7864461;371622;
7864867;371601;
7865274;371655;
7865681;371632;
7866087;371687;
7866494;371674;
7866901;371698;
7867308;371664;
7867714;371683;
7868121;371705;
7868528;371738;
7868934;371729;
7869341;371714;
7869748;371693;
7870154;371668;
7870561;371715;
7870968;371714;
7871374;371735;
7871781;371688;
7872188;371697;
7872594;371711;
7873001;371650;
7873408;371777;
7873814;371733;
7874221;371762;
7874628;371751;
7875035;371731;
7875441;371776;
7875848;371724;
7876255;371761;
7876661;371759;
7877068;371772;
7877475;371778;
7877881;371758;
7878288;371745;
7878695;371768;
7879101;371775;
7879508;371806;
7897402;371055;
7897809;371092;
7898216;371207;
7898622;371184;
7899029;371202;
7899436;371302;
7899843;371290;
7900249;371323;
7900656;371370;
7901063;371285;
7901469;371410;
7901876;371435;
7902283;371457;
7902689;371420;
7903096;371458;
7903503;371478;
7903909;371506;
7904316;371524;
7904723;371549;
7905129;371520;
7905536;371547;
7905943;371548;
7906349;371534;
7906756;371494;
7907163;371579;
7907569;371556;
7907976;371569;
7908383;371598;
7908789;371550;
7909196;371610;
7909603;371582;
7910009;371604;
7910416;371614;
7910823;371563;
7911229;371605;
7911636;371608;
7912043;371625;
7912449;371645;
7912856;371639;
7913263;371596;
7913669;371616;
7914076;371630;
7914483;371687;
7914890;371667;
7915296;371675;
7915703;371603;
7916110;371639;
7916516;371692;
7916923;371678;
7917330;371664;
7917736;371665;
7918143;371675;
7918550;371682;
7918956;371695;
7919363;371700;
7919770;371656;
7920176;371688;
7920583;371668;
7920990;371660;
7921396;371728;
7921803;371672;
7922210;371739;
7922616;371706;
7923023;371732;
7923430;371753;
7923836;371740;
7924243;371737;
7924650;371738;
7925056;371719;
7925463;371739;
7925870;371715;
7926276;371740;
7926683;371783;
7927090;371755;
7944984;371900;
7945390;371976;
7945797;371985;
7946204;372020;
7946610;372029;
7947017;372048;
7947424;372085;
7947830;372114;
7948237;372122;
7948644;372143;
7949051;372187;
7949457;372128;
7949864;372182;
7950271;372166;
7950677;372217;
7951084;372274;
7951491;372284;
7951897;372192;
7952304;372291;
7952711;372278;
7953117;372298;
7953524;372292;
7953931;372262;
7954338;372252;
7954744;372297;
7955151;372323;
7955558;372306;
7955964;372282;
7956371;372303;
7956778;372323;
7957185;372286;
7957591;372323;
7957998;372336;
7958405;372341;
7958811;372391;
7959218;372316;
7959625;372344;
7960031;372355;
7960438;372332;
7960845;372361;
7961251;372411;
7961658;372343;
7962065;372367;
7962471;372363;
7962878;372415;
7963285;372383;
7963692;372389;
7964098;372354;
7964505;372432;
7964912;372409;
7965318;372408;
7965725;372402;
7966132;372403;
7966538;372425;
7966945;372440;
7967352;372353;
7967758;372404;
7968165;372416;
7968572;372430;
7968978;372391;
7969385;372411;
7969792;372467;
7970199;372430;
7970605;372419;
7971012;372414;
7971419;372450;
7971825;372489;
7972232;372418;
7972639;372449;
7973045;372414;
7973452;372445;
7973859;372452;
7974265;372390;
7974672;372491;
7997039;372305;
7997446;372307;
7997852;372354;
7998259;372411;
7998666;372435;
7999072;372463;
7999479;372443;
7999886;372492;
8000292;372460;
8000699;372523;
8001106;372584;
8001512;372582;
8001919;372575;
8002326;372583;
8002732;372551;
8003139;372617;
8003546;372650;
8003952;372597;
8004359;372589;
8004766;372604;
8005172;372658;
8005579;372633;
8005986;372671;
8006392;372693;
8006799;372655;
8007206;372663;
8007612;372607;
8008019;372651;
8008426;372665;
8008832;372721;
8009239;372691;
8009646;372653;
8010052;372739;
8010459;372710;
8010866;372688;
8011273;372748;
8011679;372686;
8012086;372730;
8012493;372776;
8012899;372725;
8013306;372757;
8013713;372754;
8014119;372786;
8014526;372706;
8014933;372755;
8015339;372709;
8015746;372780;
8016153;372793;
8016559;372765;
8016966;372797;
8017373;372764;
8017779;372758;
8018186;372769;
8018593;372773;
8018999;372751;
8019406;372819;
8019813;372751;
8020219;372794;
8020626;372786;
8021033;372820;
8021439;372752;
8021846;372798;
8022253;372822;
8022659;372799;
8023066;372776;
8023473;372740;
8023880;372832;
8024286;372772;
8024693;372826;
8025100;372817;
8025506;372774;
8025913;372769;
8026320;372855;
8026726;372855;
8027133;372787;
8027539;372764;
8063328;369666;
8063734;369723;
8064141;369734;
8064548;369771;
8064954;369783;
8065361;369836;
8065768;369847;
8066174;369858;
8066581;369889;
8066988;369913;
8067394;369888;
8067801;369942;
8068208;369912;
8068614;369960;
8069021;369949;
8069428;369992;
8069835;369978;
8070241;370044;
8070648;370032;
8071055;370062;
8071461;370049;
8071868;370102;
8072275;370071;
8072681;370101;
8073088;370089;
8073495;370082;
8073901;370069;
8074308;370124;
8074715;370109;
8075121;370145;
8075528;370166;
8075935;370194;
8076341;370168;
8076748;370158;
8077155;370157;
8077561;370184;
8077968;370201;
8078375;370166;
8078781;370165;
8079188;370178;
8079595;370242;
8080002;370212;
8080408;370207;
8080815;370243;
8081222;370256;
8081628;370214;
8082035;370216;
8082442;370239;
8082848;370191;
8083255;370271;
8083662;370252;
8084068;370235;
8084475;370188;
8084882;370241;
8085288;370198;
8085695;370206;
8086102;370190;
8086508;370197;
8086915;370257;
8087322;370218;
8087728;370259;
8088135;370222;
8088542;370207;
8088948;370276;
8089355;370210;
8089762;370246;
8090168;370254;
8090575;370182;
8090982;370238;
8091388;370229;
8091795;370230;
8092202;370210;
8092608;370209;
8093015;370250;
8109688;370119;
8110095;370091;
8110501;370056;
8110908;370115;
8111315;370093;
8111721;370113;
8112128;370125;
8112535;370196;
8112941;370193;
8113348;370186;
8113755;370114;
8114161;370161;
8114568;370225;
8114975;370235;
8115381;370281;
8115788;370244;
8116195;370303;
8116601;370312;
8117008;370350;
8117415;370360;
8117821;370391;
8118228;370399;
8118635;370384;
8119041;370403;
8119448;370387;
8119855;370377;
8120262;370381;
8120668;370485;
8121075;370436;
8121482;370465;
8121888;370406;
8122295;370427;
8122702;370435;
8123108;370470;
8123515;370477;
8123922;370486;
8124328;370505;
8124735;370482;
8125142;370469;
8125548;370480;
8125955;370525;
8126362;370534;
8126768;370517;
8127175;370493;
8127582;370569;
8127988;370523;
8128395;370503;
8128802;370571;
8129208;370554;
8129615;370511;
8130022;370518;
8130428;370525;
8130835;370539;
8131242;370540;
8131648;370602;
8132055;370503;
8132462;370551;
8132868;370553;
8133275;370636;
8133682;370611;
8134089;370550;
8134495;370578;
8134902;370587;
8135309;370590;
8135715;370600;
8136122;370587;
8136529;370573;
8136935;370591;
8137342;370594;
8137749;370591;
8138155;370618;
8138562;370563;
8138969;370643;
8139375;370614;
8158083;370555;
8158490;370614;
8158896;370648;
8159303;370680;
8159710;370700;
8160117;370692;
8160523;370803;
8160930;370771;
8161337;370813;
8161743;370821;
8162150;370769;
8162557;370840;
8162963;370826;
8163370;370885;
8163777;370897;
8164183;370879;
8164590;370917;
8164997;370890;
8165403;370938;
8165810;370992;
8166217;370924;
8166623;370942;
8167030;370951;
8167437;370979;
8167844;370995;
8168250;370993;
8168657;371002;
8169064;371021;
8169470;370993;
8169877;370974;
8170284;371018;
8170690;371039;
8171097;371025;
8171504;371008;
8171910;371021;
8172317;371057;
8172724;371042;
8173131;371075;
8173537;371093;
8173944;371111;
8174350;371082;
8174757;371071;
8175164;371033;
8175571;371159;
8175977;371068;
8176384;371098;
8176791;371085;
8177197;371103;
8177604;371114;
8178011;371113;
8178417;371128;
8178824;371095;
8179231;371122;
8179637;371106;
8180044;371074;
8180451;371107;
8180857;371121;
8181264;371107;
8181671;371117;
8182077;371126;
8182484;371136;
8182891;371096;
8183297;371138;
8183704;371127;
8184111;371142;
8184517;371074;
8184924;371085;
8185331;371128;
8185737;371151;
8186144;371174;
8186551;371188;
8186957;371168;
8187364;371154;
8187771;371141;
8202411;370795;
8202818;370743;
8203225;370825;
8203632;370857;
8204038;370796;
8204445;370813;
8204852;370778;
8205258;370805;
8205665;370821;
8206072;370812;
8206478;370826;
8206885;370864;
8207292;370861;
8207699;370888;
8208105;370831;
8208512;370914;
8208919;370944;
8209325;370950;
8209732;370982;
8210139;370934;
8210545;370966;
8210952;370956;
8211359;371037;
8211765;371022;
8212172;371002;
8212579;371030;
8212985;371089;
8213392;371102;
8213799;371005;
8214206;371111;
8214612;371103;
8215019;371095;
8215426;371123;
8215832;371130;
8216239;371122;
8216646;371150;
8217052;371152;
8217459;371118;
8217866;371133;
8218272;371161;
8218679;371205;
8219086;371164;
8219493;371151;
8219899;371179;
8220306;371200;
8220713;371172;
8221119;371169;
8221526;371156;
8221933;371172;
8222339;371176;
8222746;371216;
8223153;371212;
8223559;371231;
8223966;371244;
8224373;371166;
8224779;371239;
8225186;371240;
8225593;371253;
8226000;371250;
8226406;371240;
8226813;371284;
8227220;371278;
8227626;371247;
8228033;371269;
8228440;371197;
8228846;371230;
8229253;371231;
8229660;371244;
8230066;371239;
8230473;371265;
8230880;371323;
8231286;371245;
8231693;371270;
8232100;371229;
8245927;370443;
8246334;370537;
8246741;370525;
8247147;370499;
8247554;370521;
8247961;370454;
8248367;370507;
8248774;370449;
8249181;370495;
8249587;370534;
8249994;370489;
8250401;370566;
8250807;370533;
8251214;370558;
8251621;370585;
8252027;370630;
8252434;370638;
8252841;370673;
8253247;370658;
8253654;370694;
8254061;370716;
8254468;370702;
8254874;370748;
8255281;370718;
8255688;370748;
8256094;370806;
8256501;370799;
8256908;370831;
8257314;370810;
8257721;370783;
8258128;370831;
8258534;370866;
8258941;370866;
8259348;370856;
8259755;370854;
8260161;370860;
8260568;370875;
8260975;370881;
8261381;370895;
8261788;370932;
8262195;370897;
8262601;370918;
8263008;370937;
8263415;370946;
8263821;370969;
8264228;370963;
8264635;370931;
8265042;370928;
8265448;370931;
8265855;370923;
8266262;370933;
8266668;370937;
8267075;370967;
8267482;370944;
8267888;370943;
8268295;370918;
8268702;370963;
8269108;371014;
8269515;370965;
8269922;370952;
8270329;371012;
8270735;371020;
8271142;371005;
8271549;371072;
8271955;370978;
8272362;371018;
8272769;370990;
8273175;371013;
8273582;371033;
8273989;371006;
8274395;371018;
8274802;371060;
8275209;371047;
8275616;371006;
8290257;370523;
8290663;370505;
8291070;370653;
8291477;370543;
8291883;370638;
8292290;370631;
8292697;370709;
8293103;370801;
8293510;370739;
8293917;370848;
8294323;370890;
8294730;370865;
8295137;370903;
8295544;370919;
8295950;371011;
8296357;371007;
8296764;371003;
8297170;370986;
8297577;371019;
8297984;371019;
8298390;371021;
8298797;371074;
8299204;371070;
8299610;371099;
8300017;371135;
8300424;371143;
8300830;371126;
8301237;371190;
8301644;371196;
8302051;371110;
8302457;371140;
8302864;371143;
8303271;371174;
8303677;371180;
8304084;371180;
8304491;371222;
8304897;371235;
8305304;371151;
8305711;371186;
8306118;371214;
8306524;371248;
8306931;371282;
8307338;371240;
8307744;371249;
8308151;371252;
8308558;371285;
8308964;371227;
8309371;371268;
8309778;371261;
8310184;371268;
8310591;371236;
8310998;371277;
8311404;371282;
8311811;371301;
8312218;371334;
8312624;371306;
8313031;371328;
8313438;371366;
8313844;371296;
8314251;371301;
8314658;371302;
8315064;371335;
8315471;371331;
8315878;371289;
8316284;371328;
8316691;371332;
8317098;371340;
8317504;371286;
8317911;371271;
8318318;371388;
8318724;371334;
8319131;371316;
8319538;371333;
8319944;371378;
8332144;363982;
8332551;364124;
8332958;364042;
8333364;364041;
8333771;364142;
8334178;363882;
8334584;364030;
8334991;364013;
8335398;364009;
8335804;364037;
8336211;363980;
8336618;364004;
8337024;364005;
8337431;364069;
8337838;364101;
8338245;364091;
8338651;364156;
8339058;364104;
8339465;364174;
8339871;364183;
8340278;364191;
8340685;364192;
8341091;364206;
8341498;364270;
8341905;364289;
8342311;364258;
8342718;364264;
8343125;364286;
8343531;364248;
8343938;364303;
8344345;364262;
8344751;364239;
8345158;364282;
8345565;364336;
8345971;364293;
8346378;364255;
8346785;364326;
8347191;364310;
8347598;364330;
8348005;364311;
8348411;364363;
8348818;364328;
8349225;364379;
8349631;364306;
8350038;364319;
8350445;364360;
8350851;364323;
8351258;364350;
8351665;364356;
8352071;364341;
8352478;364386;
8352885;364352;
8353291;364368;
8353698;364409;
8354105;364452;
8354512;364360;
8354918;364411;
8355325;364434;
8355732;364384;
8356138;364425;
8356545;364396;
8356952;364399;
8357358;364398;
8357765;364407;
8358172;364442;
8358578;364373;
8358985;364426;
8359392;364383;
8359798;364427;
8360205;364443;
8360612;364437;
8361018;364467;
8361425;364455;
8361832;364383;
8374031;371271;
8374438;371345;
8374845;371371;
8375251;371338;
8375658;371416;
8376065;371437;
8376471;371534;
8376878;371464;
8377285;371542;
8377692;371578;
8378098;371612;
8378505;371656;
8378912;371663;
8379318;371730;
8379725;371717;
8380132;371747;
8380538;371700;
8380945;371756;
8381352;371751;
8381758;371796;
8382165;371753;
8382572;371790;
8382978;371790;
8383385;371816;
8383792;371831;
8384198;371799;
8384605;371850;
8385012;371833;
8385418;371872;
8385825;371833;
8386232;371866;
8386638;371890;
8387045;371884;
8387452;371862;
8387858;371911;
8388265;371856;
8388672;371876;
8389078;371877;
8389485;371951;
8389892;371885;
8390298;371899;
8390705;371892;
8391112;371961;
8391518;371923;
8391925;371890;
8392332;371930;
8392739;371952;
8393145;371925;
8393552;371894;
8393959;371972;
8394365;371974;
8394772;371947;
8395179;371938;
8395585;371898;
8395992;371959;
8396399;371976;
8396806;371912;
8397212;371949;
8397619;371972;
8398026;371948;
8398432;371941;
8398839;372029;
8399246;371973;
8399652;371998;
8400059;371981;
8400466;372024;
8400872;372015;
8401279;371940;
8401686;371978;
8402092;371932;
8402499;372042;
8402906;372021;
8403312;372008;
8403719;372025;
8416326;371267;
8416733;371346;
8417140;371288;
8417546;371307;
8417953;371300;
8418360;371305;
8418766;371311;
8419173;371327;
8419580;371357;
8419986;371343;
8420393;371395;
8420800;371379;
8421206;371450;
8421613;371438;
8422020;371489;
8422426;371500;
8422833;371547;
8423240;371492;
8423646;371605;
8424053;371571;
8424460;371574;
8424866;371593;
8425273;371591;
8425680;371591;
8426086;371597;
8426493;371620;
8426900;371635;
8427307;371626;
8427713;371668;
8428120;371628;
8428527;371665;
8428933;371692;
8429340;371638;
8429747;371668;
8430153;371688;
8430560;371679;
8430967;371710;
8431374;371670;
8431780;371664;
8432187;371753;
8432594;371729;
8433000;371728;
8433407;371696;
8433814;371732;
8434221;371726;
8434627;371756;
8435034;371789;
8435441;371726;
8435847;371708;
8436254;371742;
8436661;371789;
8437067;371686;
8437474;371771;
8437881;371781;
8438288;371742;
8438694;371793;
8439101;371749;
8439508;371807;
8439914;371781;
8440321;371809;
8440728;371749;
8441134;371827;
8441541;371796;
8441948;371758;
8442355;371811;
8442761;371772;
8443168;371786;
8443575;371834;
8443981;371804;
8444388;371831;
8444795;371806;
8445201;371791;
8445608;371853;
8446015;371790;
8446421;371826;
8462689;370958;
8463096;370908;
8463503;370944;
8463909;370918;
8464316;370979;
8464723;370980;
8465130;370982;
8465536;371031;
8465943;370992;
8466350;370992;
8466756;370978;
8467163;371032;
8467570;371053;
8467976;371099;
8468383;371062;
8468790;371124;
8469197;371080;
8469603;371113;
8470010;371149;
8470417;371143;
8470823;371150;
8471230;371094;
8471637;371176;
8472043;371167;
8472450;371179;
8472857;371180;
8473264;371151;
8473670;371190;
8474077;371259;
8474484;371207;
8474890;371194;
8475297;371236;
8475704;371253;
8476110;371190;
8476517;371258;
8476924;371212;
8477331;371237;
8477737;371200;
8478144;371234;
8478551;371230;
8478957;371255;
8479364;371256;
8479771;371240;
8480178;371272;
8480584;371306;
8480991;371263;
8481398;371275;
8481804;371299;
8482211;371258;
8482618;371320;
8483024;371300;
8483431;371309;
8483838;371283;
8484244;371353;
8484651;371322;
8485058;371292;
8485464;371305;
8485871;371316;
8486278;371314;
8486684;371335;
8487091;371383;
8487498;371299;
8487905;371359;
8488311;371362;
8488718;371313;
8489125;371362;
8489531;371352;
8489938;371380;
8490345;371368;
8490751;371305;
8491158;371346;
8491565;371294;
8491971;371377;
8504172;371303;
8504579;371538;
8504986;371401;
8505392;371514;
8505799;371462;
8506206;371540;
8506612;371494;
8507019;371581;
8507426;371462;
8507832;371662;
8508239;371547;
8508646;371597;
8509053;371565;
8509459;371620;
8509866;371595;
8510273;371631;
8510679;371647;
8511086;371696;
8511493;371688;
8511899;371633;
8512306;371674;
8512713;371712;
8513120;371722;
8513526;371703;
8513933;371703;
8514340;371691;
8514746;371754;
8515153;371717;
8515560;371689;
8515966;371754;
8516373;371741;
8516780;371734;
8517186;371781;
8517593;371755;
8518000;371741;
8518406;371745;
8518813;371783;
8519220;371787;
8519626;371756;
8520033;371794;
8520440;371741;
8520847;371783;
8521253;371856;
8521660;371798;
8522067;371827;
8522473;371793;
8522880;371795;
8523287;371793;
8523693;371775;
8524100;371853;
8524507;371832;
8524913;371806;
8525320;371792;
8525727;371790;
8526133;371854;
8526540;371826;
8526947;371825;
8527353;371843;
8527760;371823;
8528167;371828;
8528573;371881;
8528980;371898;
8529387;371873;
8529793;371871;
8530200;371872;
8530607;371861;
8531013;371877;
8531420;371838;
8531827;371900;
8532233;371854;
8532640;371850;
8533047;371880;
8533454;371876;
8533860;371881;
8534267;371836;
