8856774;495445;
8857181;495481;
8857588;495480;
8857995;495556;
8858401;495480;
8858808;495524;
8859215;495506;
8859621;495528;
8860028;495431;
8860435;495574;
8860841;495446;
8861248;495501;
8861655;495521;
8862062;495509;
8862468;495444;
8862875;495490;
8863282;495480;
8863688;495497;
8864095;495461;
8864502;495466;
8864908;495465;
8865315;495502;
8865722;495478;
8866128;495505;
8866535;495486;
8866942;495509;
8867349;495473;
8867755;495511;
8868162;495449;
8868569;495489;
8868975;495483;
8869382;495496;
8869789;495470;
8870195;495468;
8870602;495499;
8871009;495446;
8871415;495475;
8871822;495510;
8872229;495488;
8872635;495524;
8873042;495499;
8873449;495484;
8873855;495475;
8874262;495452;
8874669;495469;
8875075;495462;
8875482;495430;
8875889;495541;
8876295;495497;
8876702;495528;
8877109;495448;
8877516;495461;
8877922;495439;
8878329;495430;
8878736;495511;
8879142;495524;
8879549;495461;
8879956;495423;
8880362;495460;
8880769;495505;
8881176;495488;
8881582;495433;
8881989;495488;
8882396;495462;
8882802;495518;
8883209;495444;
8883616;495516;
8884023;495479;
8884429;495504;
8884836;495459;
8885243;495519;
8885649;495513;
8886056;495553;
8886463;495486;
8886870;495448;
8887276;495479;
8887683;495529;
8888090;495461;
8888496;495524;
8888903;495456;
8889310;495507;
8889717;495494;
8890123;495521;
8890530;495532;
8890937;495481;
8891343;495534;
8891750;495528;
8892157;495522;
8892563;495456;
8892970;495483;
8893377;495577;
8893783;495439;
8894190;495510;
8894597;495493;
8895004;495504;
8895410;495513;
8895817;495525;
8896224;495555;
8896630;495477;
8897037;495521;
8897444;495471;
8897850;495527;
8898257;495524;
8898664;495470;
8899070;495527;
8899477;495559;
8899884;495502;
8900290;495508;
8900697;495460;
8901104;495511;
8901510;495508;
8901917;495499;
8902324;495551;
8902731;495502;
8903137;495557;
8903544;495489;
8903951;495542;
8904357;495470;
8904764;495531;
8905171;495537;
8905577;495505;
8905984;495558;
8906391;495494;
8906797;495593;
8907204;495542;
8907611;495557;
8908018;495503;
8908424;495534;
8908831;495597;
8909238;495541;
8909644;495568;
8910051;495574;
8910458;495559;
8910864;495609;
8911271;495523;
8911678;495639;
8912084;495559;
8912491;495574;
8912898;495558;
8913304;495519;
8913711;495609;
8914118;495573;
8914525;495568;
8914931;495552;
8915338;495519;
8915745;495629;
8916151;495574;
8916558;495599;
8942180;576626;
8942587;576613;
8942993;576680;
8943400;576609;
8943807;576680;
8944213;576539;
8944620;576565;
8945027;576758;
8945433;576909;
8945840;576979;
8946247;576988;
8946653;577010;
8947060;576976;
8947467;577027;
8947874;577028;
8948280;577037;
8948687;577043;
8949094;577068;
8949500;577094;
8949907;577192;
8950314;577170;
8950720;577101;
8951127;577187;
8951534;577198;
8951941;577227;
8952347;577162;
8952754;577215;
8953161;577234;
8953567;577247;
8953974;577268;
8954381;577250;
8954788;577229;
8955194;577249;
8955601;577320;
8956008;577322;
8956414;577308;
8956821;577300;
8957228;577337;
8957634;577351;
8958041;577362;
8958448;577365;
8958855;577344;
8959261;577405;
8959668;577427;
8960075;577359;
8960481;577415;
8960888;577407;
8961295;577405;
8961701;577444;
8962108;577459;
8962515;577456;
8962922;577462;
8963328;577472;
8963735;577497;
8964142;577474;
8964548;577488;
8964955;577499;
8965362;577519;
8965769;577523;
8966175;577548;
8966582;577520;
8966989;577539;
8967395;577529;
8967802;577494;
8968209;577529;
8968615;577520;
8969022;577593;
8969429;577595;
8969835;577561;
8970242;577557;
8970649;577559;
8971056;577608;
8971462;577564;
8971869;577654;
8972276;577602;
8972682;577655;
8973089;577624;
8973496;577578;
8973902;577634;
8974309;577596;
8974716;577703;
8975123;577617;
8975529;577655;
8975936;577646;
8976343;577674;
8976749;577704;
8977156;577636;
8977563;577677;
8977970;577723;
8978376;577669;
8978783;577698;
8979190;577700;
8979596;577688;
8980003;577654;
8980410;577692;
8980816;577690;
8981223;577655;
8981630;577689;
8982036;577726;
8982443;577764;
8982850;577780;
8983257;577751;
8983663;577696;
8984070;577722;
8984477;577752;
8984883;577758;
8985290;577701;
8985697;577741;
8986103;577781;
8986510;577787;
8986917;577716;
8987324;577760;
8987730;577781;
8988137;577742;
8988544;577796;
8988950;577750;
8989357;577816;
8989764;577785;
8990170;577753;
8990577;577758;
8990984;577755;
8991391;577767;
8991797;577792;
8992204;577820;
8992611;577758;
8993017;577774;
8993424;577786;
8993831;577797;
8994238;577794;
8994644;577829;
8995051;577793;
8995458;577834;
8995864;577768;
8996271;577802;
8996678;577818;
8997084;577795;
8997491;577763;
8997898;577803;
8998305;577839;
8998711;577794;
8999118;577806;
8999525;577831;
8999931;577845;
9000338;577843;
9000745;577833;
9001152;577875;
9001558;577844;
9001965;577834;
9027182;569403;
9027588;569322;
9027995;569494;
9028402;569259;
9028808;569461;
9029215;569436;
9029622;569331;
9030028;569518;
9030435;569381;
9030842;569462;
9031249;569486;
9031655;569405;
9032062;569494;
9032469;569443;
9032875;569494;
9033282;569515;
9033689;569410;
9034095;569509;
9034502;569487;
9034909;569500;
9035316;569518;
9035722;569459;
9036129;569566;
9036536;569506;
9036943;569546;
9037349;569534;
9037756;569535;
9038163;569560;
9038569;569547;
9038976;569523;
9039383;569611;
9039789;569565;
9040196;569524;
9040603;569600;
9041010;569532;
9041416;569582;
9041823;569565;
9042230;569587;
9042636;569604;
9043043;569597;
9043450;569560;
9043857;569613;
9044263;569607;
9044670;569617;
9045077;569609;
9045483;569574;
9045890;569593;
9046297;569607;
9046703;569599;
9047110;569682;
9047517;569636;
9047923;569606;
9048330;569628;
9048737;569641;
9049144;569592;
9049550;569653;
9049957;569645;
9050364;569696;
9050770;569650;
9051177;569635;
9051584;569630;
9051990;569604;
9052397;569690;
9052804;569658;
9053211;569575;
9053617;569653;
9054024;569682;
9054431;569663;
9054837;569684;
9055244;569699;
9055651;569681;
9056057;569632;
9056464;569690;
9056871;569661;
9057277;569691;
9057684;569631;
9058091;569629;
9058498;569706;
9058904;569654;
9059311;569682;
9059718;569673;
9060124;569668;
9060531;569728;
9060938;569640;
9061344;569706;
9061751;569677;
9062158;569693;
9062564;569741;
9062971;569692;
9063378;569729;
9063784;569670;
9064191;569648;
9064598;569666;
9065005;569684;
9065411;569644;
9065818;569729;
9066225;569713;
9066631;569711;
9067038;569740;
9067445;569729;
9067851;569759;
9068258;569745;
9068665;569709;
9069071;569736;
9069478;569662;
9069885;569686;
9070292;569752;
9070698;569696;
9071105;569734;
9071512;569714;
9071919;569765;
9072325;569760;
9072732;569693;
9073139;569766;
9073545;569725;
9073952;569767;
9074359;569704;
9074765;569760;
9075172;569771;
9075579;569693;
9075986;569729;
9076392;569745;
9076799;569758;
9077206;569726;
9077613;569695;
9078019;569798;
9078426;569728;
9078833;569730;
9079239;569762;
9079646;569768;
9080053;569763;
9080459;569728;
9080866;569747;
9081273;569766;
9081679;569801;
9082086;569751;
9082493;569737;
9082899;569786;
9083306;569717;
9083713;569794;
9084120;569752;
9084526;569729;
9084933;569781;
9085340;569749;
9085746;569756;
9086153;569736;
9086560;569758;
9086966;569746;
9121129;562729;
9121536;562702;
9121943;562788;
9122349;562737;
9122756;562721;
9123163;562752;
9123569;562789;
9123976;562767;
9124383;562764;
9124790;562737;
9125196;562759;
9125603;562795;
9126010;562757;
9126416;562724;
9126823;562772;
9127230;562801;
9127636;562757;
9128043;562839;
9128450;562808;
9128856;562836;
9129263;562801;
9129670;562780;
9130077;562711;
9130483;562833;
9130890;562785;
9131297;562789;
9131703;562788;
9132110;562794;
9132517;562762;
9132923;562799;
9133330;562803;
9133737;562812;
9134143;562852;
9134550;562872;
9134957;562805;
9135364;562833;
9135770;562848;
9136177;562841;
9136584;562854;
9136990;562824;
9137397;562817;
9137804;562812;
9138210;562840;
9138617;562832;
9139024;562789;
9139430;562817;
9139837;562768;
9140244;562879;
9140650;562806;
9141057;562853;
9141464;562818;
9141871;562879;
9142277;562837;
9142684;562827;
9143091;562881;
9143497;562826;
9143904;562821;
9144311;562816;
9144717;562877;
9145124;562898;
9145531;562821;
9145938;562852;
9146344;562833;
9146751;562892;
9147158;562877;
9147564;562819;
9147971;562893;
9148378;562870;
9148784;562890;
9149191;562827;
9149598;562888;
9150005;562860;
9150411;562902;
9150818;562882;
9151225;562905;
9151631;562873;
9152038;562848;
9152445;562850;
9152851;562862;
9153258;562892;
9153665;562924;
9154072;562883;
9154478;562855;
9154885;562899;
9155292;562889;
9155698;562929;
9156105;562897;
9156512;562917;
9156918;562911;
9157325;562862;
9157732;562902;
9158139;562891;
9158545;562833;
9158952;562883;
9159359;562874;
9159766;562897;
9160172;562888;
9160579;562880;
9160986;562923;
9161392;562890;
9161799;562897;
9162206;562928;
9162613;562915;
9163019;562885;
9163426;562918;
9163833;562885;
9164239;562960;
9164646;562934;
9165053;562879;
9165459;562917;
9165866;562923;
9166273;562903;
9166680;562903;
9167086;562906;
9167493;562948;
9167900;562878;
9168306;562941;
9168713;562906;
9169120;562939;
9169527;562922;
9169933;562879;
9170340;562962;
9170747;562890;
9171153;562926;
9171560;562903;
9171967;562933;
9172373;562836;
9172780;562940;
9173187;562882;
9173594;562860;
9174000;562890;
9174407;562899;
9174814;562865;
9175220;562985;
9175627;562871;
9176034;562925;
9176441;562926;
9176847;562941;
9177254;562972;
9177661;562957;
9178067;562906;
9178474;562946;
9178881;562950;
9179288;562926;
9179694;562895;
9180101;562939;
9193522;552840;
9193929;552704;
9194336;552874;
9194743;552740;
9195149;552739;
9195556;552850;
9195963;552782;
9196369;552849;
9196776;552831;
9197183;552796;
9197590;552935;
9197996;552873;
9198403;552924;
9198810;552956;
9199216;552912;
9199623;552664;
9200030;553161;
9200437;552990;
9200843;552979;
9201250;553008;
9201657;553017;
9202063;552959;
9202470;553008;
9202877;553012;
9203283;553083;
9203690;553086;
9204097;553063;
9204504;553052;
9204910;553095;
9205317;553057;
9205724;553110;
9206130;553085;
9206537;553100;
9206944;553132;
9207351;553076;
9207757;553105;
9208164;553117;
9208571;553143;
9208978;553163;
9209384;553162;
9209791;553143;
9210198;553166;
9210604;553116;
9211011;553152;
9211418;553170;
9211825;553137;
9212231;553235;
9212638;553183;
9213045;553235;
9213451;553122;
9213858;553167;
9214265;553242;
9214672;553235;
9215078;553199;
9215485;553204;
9215892;553170;
9216298;553206;
9216705;553236;
9217112;553199;
9217519;553264;
9217925;553209;
9218332;553224;
9218739;553210;
9219146;553250;
9219552;553235;
9219959;553280;
9220366;553320;
9220772;553252;
9221179;553208;
9221586;553252;
9221993;553293;
9222399;553263;
9222806;553327;
9223213;553254;
9223619;553354;
9224026;553276;
9224433;553251;
9224840;553332;
9225246;553260;
9225653;553386;
9226060;553379;
9226467;553357;
9226873;553305;
9227280;553209;
9227687;553232;
9228093;553223;
9228500;553157;
9228907;553119;
9229314;553176;
9229720;553152;
9230127;553143;
9230534;553175;
9230940;553124;
9231347;553177;
9231754;553190;
9232161;553207;
9232567;553217;
9232974;553172;
9233381;553168;
9233788;553149;
9234194;553179;
9234601;553173;
9235008;553184;
9235414;553209;
9235821;553194;
9236228;553204;
9236634;553177;
9237041;553150;
9237448;553222;
9237855;553194;
9238261;553207;
9238668;553165;
9239075;553189;
9239481;553192;
9239888;553144;
9240295;553210;
9240702;553186;
9241108;553267;
9241515;553180;
9241922;553246;
9242328;553210;
9242735;553255;
9243142;553314;
9243548;553216;
9243955;553266;
9244362;553284;
9244769;553313;
9245175;553266;
9245582;553283;
9245989;553312;
9246395;553319;
9246802;553284;
9247209;553405;
9247616;553293;
9248022;553309;
9248429;553290;
9248836;553372;
9249242;553383;
9249649;553382;
9250056;553326;
9250463;553333;
9250869;553388;
9251276;553332;
9251683;553413;
9252089;553381;
9252496;553349;
9252903;553409;
9253310;553357;
9265104;544485;
9265511;544471;
9265918;544486;
9266324;544628;
9266731;544385;
9267138;544650;
9267544;544472;
9267951;544520;
9268358;544623;
9268765;544501;
9269171;544551;
9269578;544562;
9269985;544573;
9270392;544689;
9270798;544576;
9271205;544652;
9271612;544586;
9272018;544607;
9272425;544677;
9272832;544626;
9273239;544735;
9273645;544674;
9274052;544756;
9274459;544736;
9274865;544719;
9275272;544759;
9275679;544767;
9276086;544725;
9276492;544725;
9276899;544702;
9277306;544801;
9277713;544721;
9278119;544812;
9278526;544734;
9278933;544791;
9279339;544831;
9279746;544726;
9280153;544834;
9280559;544744;
9280966;544870;
9281373;544847;
9281780;544857;
9282186;544881;
9282593;544884;
9283000;544847;
9283406;544792;
9283813;544869;
9284220;544909;
9284626;544940;
9285033;544842;
9285440;544892;
9285847;544897;
9286253;544859;
9286660;544865;
9287067;544934;
9287473;544829;
9287880;544910;
9288287;544875;
9288693;544992;
9289100;544905;
9289507;544886;
9289913;544905;
9290320;544890;
9290727;544938;
9291133;544879;
9291540;544919;
9291947;544935;
9292354;544947;
9292760;544920;
9293167;544913;
9293574;544897;
9293980;544970;
9294387;544932;
9294794;544915;
9295201;544973;
9295607;544945;
9296014;544920;
9296421;544936;
9296827;544969;
9297234;544945;
9297641;544977;
9298048;544984;
9298454;544976;
9298861;544889;
9299268;544946;
9299674;544953;
9300081;544937;
9300488;545050;
9300895;544968;
9301301;545022;
9301708;545016;
9302115;544975;
9302521;544973;
9302928;544960;
9303335;544987;
9303742;544985;
9304148;544936;
9304555;545004;
9304962;545013;
9305369;544972;
9305775;544938;
9306182;544981;
9306589;544972;
9306995;545000;
9307402;545005;
9307809;544970;
9308216;544955;
9308622;545007;
9309029;545033;
9309436;544987;
9309843;544965;
9310249;545002;
9310656;544998;
9311063;544984;
9311469;544986;
9311876;545003;
9312283;544994;
9312690;544951;
9313096;544984;
9313503;544974;
9313910;545013;
9314317;545051;
9314723;544958;
9315130;545091;
9315537;544960;
9315943;545028;
9316350;545038;
9316757;545066;
9317163;545038;
9317570;544978;
9317977;544979;
9318384;545036;
9318790;545052;
9319197;545021;
9319604;545000;
9320010;545011;
9320417;545065;
9320824;544997;
9321231;545044;
9321637;545054;
9322044;545017;
9322451;544977;
9322858;545054;
9323264;545029;
9323671;545061;
9334245;536154;
9334652;536080;
9335059;536359;
9335465;536137;
9335872;536238;
9336279;536131;
9336685;536266;
9337092;536191;
9337499;536240;
9337906;536168;
9338312;536249;
9338719;536202;
9339126;536266;
9339532;536308;
9339939;536284;
9340346;536278;
9340752;536281;
9341159;536319;
9341566;536285;
9341973;536269;
9342379;536355;
9342786;536357;
9343193;536333;
9343600;536332;
9344006;536341;
9344413;536389;
9344820;536336;
9345226;536339;
9345633;536428;
9346040;536315;
9346447;536385;
9346853;536336;
9347260;536369;
9347667;536437;
9348073;536398;
9348480;536438;
9348887;536426;
9349294;536431;
9349700;536424;
9350107;536412;
9350514;536363;
9350920;536445;
9351327;536355;
9351734;536407;
9352140;536426;
9352547;536407;
9352954;536384;
9353361;536385;
9353767;536420;
9354174;536444;
9354581;536437;
9354988;536452;
9355394;536443;
9355801;536433;
9356208;536479;
9356614;536434;
9357021;536478;
9357428;536525;
9357835;536543;
9358241;536511;
9358648;536553;
9359055;536573;
9359461;536530;
9359868;536509;
9360275;536487;
9360682;536558;
9361088;536485;
9361495;536539;
9361902;536498;
9362309;536530;
9362715;536493;
9363122;536523;
9363529;536501;
9363935;536562;
9364342;536532;
9364749;536583;
9365156;536504;
9365562;536594;
9365969;536498;
9366376;536566;
9366782;536596;
9367189;536513;
9367596;536570;
9368003;536552;
9368409;536541;
9368816;536540;
9369223;536563;
9369630;536519;
9370036;536569;
9370443;536595;
9370850;536516;
9371256;536556;
9371663;536563;
9372070;536522;
9372477;536561;
9372883;536547;
9373290;536589;
9373697;536591;
9374103;536566;
9374510;536552;
9374917;536548;
9375323;536554;
9375730;536560;
9376137;536571;
9376544;536578;
9376950;536619;
9377357;536618;
9377764;536581;
9378170;536584;
9378577;536566;
9378984;536618;
9379390;536613;
9379797;536685;
9380204;536590;
9380611;536630;
9381017;536677;
9381424;536628;
9381831;536641;
9382237;536627;
9382644;536559;
9383051;536608;
9383457;536575;
9383864;536657;
9384271;536613;
9384678;536621;
9385084;536633;
9385491;536619;
9385898;536618;
9386304;536582;
9386711;536616;
9387118;536614;
9387525;536655;
9387931;536647;
9388338;536627;
9388745;536599;
9389151;536580;
9389558;536579;
9389965;536666;
9390371;536561;
9390778;536623;
9391185;536550;
9391592;536637;
9391998;536653;
9392405;536652;
9392812;536612;
9393218;536599;
9393625;536676;
9407047;527521;
9407453;527508;
9407860;527508;
9408267;527419;
9408674;527577;
9409080;527548;
9409487;527666;
9409894;527644;
9410301;527648;
9410707;527709;
9411114;527699;
9411521;527683;
9411928;527736;
9412334;527799;
9412741;527760;
9413148;527800;
9413554;527746;
9413961;527793;
9414368;527792;
9414775;527760;
9415181;527838;
9415588;527814;
9415995;527755;
9416402;527780;
9416808;527811;
9417215;527829;
9417622;527803;
9418028;527845;
9418435;527840;
9418842;527813;
9419249;527816;
9419655;527759;
9420062;527766;
9420469;527772;
9420876;527763;
9421282;527659;
9421689;527665;
9422096;527658;
9422502;527628;
9422909;527662;
9423316;527705;
9423723;527681;
9424129;527775;
9424536;527661;
9424943;527822;
9425350;527754;
9425756;527778;
9426163;527795;
9426570;527738;
9426977;527926;
9427383;527857;
9427790;527937;
9428197;527932;
9428604;527970;
9429010;527934;
9429417;527914;
9429824;527890;
9430230;527913;
9430637;527948;
9431044;527930;
9431451;527933;
9431857;527941;
9432264;527949;
9432671;527919;
9433078;527921;
9433484;527949;
9433891;527905;
9434298;527888;
9434705;527899;
9435111;527944;
9435518;528015;
9435925;527895;
9436332;527917;
9436738;527911;
9437145;527937;
9437552;527972;
9437958;527991;
9438365;527971;
9438772;527979;
9439179;527912;
9439585;527931;
9439992;527944;
9440399;527951;
9440805;527941;
9441212;527973;
9441619;527981;
9442026;527937;
9442432;527931;
9442839;527953;
9443246;527933;
9443653;527978;
9444059;527950;
9444466;528036;
9444873;527984;
9445279;527961;
9445686;527962;
9446093;527941;
9446500;527926;
9446906;527962;
9447313;527991;
9447720;527912;
9448127;527926;
9448533;527944;
9448940;527981;
9449347;527948;
9449754;527987;
9450160;527956;
9450567;527945;
9450974;527935;
9451380;528015;
9451787;527979;
9452194;527968;
9452601;527992;
9453007;527961;
9453414;527991;
9453821;527940;
9454228;527985;
9454634;527931;
9455041;527977;
9455448;527919;
9455854;527972;
9456261;527968;
9456668;527969;
9457075;528001;
9457481;527943;
9457888;527964;
9458295;528016;
9458702;527985;
9459108;527967;
9459515;527957;
9459922;528050;
9460329;528033;
9460735;527957;
9461142;527945;
9461549;527980;
9461955;527997;
9462362;527934;
9462769;527972;
9463176;527956;
9463582;528004;
9463989;527968;
9464396;527996;
9464803;527985;
9465209;527946;
9465616;528016;
9466023;527963;
9466429;527955;
9466836;528043;
9479445;520828;
9479851;520878;
9480258;520820;
9480665;520833;
9481072;520867;
9481478;520923;
9481885;520876;
9482292;520850;
9482698;520942;
9483105;520886;
9483512;520966;
9483919;520905;
9484325;520954;
9484732;520955;
9485139;520957;
9485545;520990;
9485952;521008;
9486359;520984;
9486766;521000;
9487172;520997;
9487579;521007;
9487986;520985;
9488392;521042;
9488799;521000;
9489206;521019;
9489613;521025;
9490019;521012;
9490426;521057;
9490833;521045;
9491240;521073;
9491646;521042;
9492053;521039;
9492460;521088;
9492866;521088;
9493273;521025;
9493680;521068;
9494087;521132;
9494493;521112;
9494900;521128;
9495307;521049;
9495714;521079;
9496120;521061;
9496527;521131;
9496934;521133;
9497341;521057;
9497747;521104;
9498154;521099;
9498561;521089;
9498967;521141;
9499374;521116;
9499781;521140;
9500188;521081;
9500594;521114;
9501001;521097;
9501408;521130;
9501815;521133;
9502221;521107;
9502628;521176;
9503035;521112;
9503441;521170;
9503848;521143;
9504255;521129;
9504662;521157;
9505068;521162;
9505475;521175;
9505882;521179;
9506289;521183;
9506695;521176;
9507102;521135;
9507509;521181;
9507916;521137;
9508322;521145;
9508729;521202;
9509136;521182;
9509543;521185;
9509949;521144;
9510356;521235;
9510763;521222;
9511170;521186;
9511576;521196;
9511983;521205;
9512390;521204;
9512796;521187;
9513203;521182;
9513610;521197;
9514017;521160;
9514423;521197;
9514830;521138;
9515237;521265;
9515643;521151;
9516050;521200;
9516457;521203;
9516864;521144;
9517270;521269;
9517677;521188;
9518084;521209;
9518491;521193;
9518897;521210;
9519304;521229;
9519711;521183;
9520118;521238;
9520524;521209;
9520931;521189;
9521338;521193;
9521745;521201;
9522151;521207;
9522558;521254;
9522965;521245;
9523371;521224;
9523778;521204;
9524185;521273;
9524592;521171;
9524998;521262;
9525405;521185;
9525812;521244;
9526219;521235;
9526625;521160;
9527032;521251;
9527439;521173;
9527845;521269;
9528252;521223;
9528659;521191;
9529066;521272;
9529472;521201;
9529879;521202;
9530286;521220;
9530693;521227;
9531099;521227;
9531506;521259;
9531913;521271;
9532320;521207;
9532726;521236;
9533133;521207;
9533540;521234;
9533946;521277;
9534353;521157;
9534760;521219;
9535167;521221;
9535573;521232;
9535980;521215;
9536387;521258;
9536794;521241;
9537200;521243;
9537607;521238;
9538014;521214;
9538420;521223;
9538827;521268;
9556317;511527;
9556724;511538;
9557130;511667;
9557537;511621;
9557944;511633;
9558351;511559;
9558757;511672;
9559164;511637;
9559571;511684;
9559978;511666;
9560384;511685;
9560791;511705;
9561198;511690;
9561605;511660;
9562011;511709;
9562418;511717;
9562825;511744;
9563232;511727;
9563638;511722;
9564045;511766;
9564452;511781;
9564859;511750;
9565265;511750;
9565672;511791;
9566079;511757;
9566486;511758;
9566893;511825;
9567299;511747;
9567706;511782;
9568113;511799;
9568520;511845;
9568926;511848;
9569333;511809;
9569740;511870;
9570147;511845;
9570554;511833;
9570960;511868;
9571367;511861;
9571774;511859;
9572181;511888;
9572587;511927;
9572994;511862;
9573401;511884;
9573808;511920;
9574214;511874;
9574621;511917;
9575028;511929;
9575435;511877;
9575841;511903;
9576248;511855;
9576655;511908;
9577062;511920;
9577468;511880;
9577875;511909;
9578282;511823;
9578689;511906;
9579095;511884;
9579502;511912;
9579909;511901;
9580316;511948;
9580722;511895;
9581129;511930;
9581536;511913;
9581943;511908;
9582349;511891;
9582756;511915;
9583163;511859;
9583570;511929;
9583976;511890;
9584383;511930;
9584790;511913;
9585197;511904;
9585603;511854;
9586010;511886;
9586417;511959;
9586824;511943;
9587230;511957;
9587637;511933;
9588044;511955;
9588451;511932;
9588857;511981;
9589264;511985;
9589671;511970;
9590077;511929;
9590484;511957;
9590891;511938;
9591298;511965;
9591704;511936;
9592111;511997;
9592518;511935;
9592925;511964;
9593331;511972;
9593738;511904;
9594145;511945;
9594552;511921;
9594958;511919;
9595365;511940;
9595772;511867;
9596178;512030;
9596585;511911;
9596992;511959;
9597399;511961;
9597805;511986;
9598212;511985;
9598619;511946;
9599026;511967;
9599432;511897;
9599839;511984;
9600246;511988;
9600653;511944;
9601059;511997;
9601466;511964;
9601873;511955;
9602279;511967;
9602686;511968;
9603093;512005;
9603500;511988;
9603906;511997;
9604313;511989;
9604720;511955;
9605127;511945;
9605533;511993;
9605940;511977;
9606347;511964;
9606754;511876;
9607160;511973;
9607567;511968;
9607974;511990;
9608381;511946;
9608787;511982;
9609194;511977;
9609601;511945;
9610007;512052;
9610414;511905;
9610821;511970;
9611228;511935;
9611634;512009;
9612041;511925;
9612448;511979;
9612855;511982;
9613261;511892;
9613668;511933;
9614075;511930;
9614482;511954;
9614888;512000;
9615295;511943;
9615702;512012;
9616109;511905;
9616515;512001;
9629938;503812;
9630344;503859;
9630751;503869;
9631158;503905;
9631565;503969;
9631971;503738;
9632378;504060;
9632785;503817;
9633192;504058;
9633598;503903;
9634005;503946;
9634412;503994;
9634819;503929;
9635225;504005;
9635632;504001;
9636039;503996;
9636446;504007;
9636852;504014;
9637259;503961;
9637666;504057;
9638073;504054;
9638479;504018;
9638886;504053;
9639293;504035;
9639699;504067;
9640106;504042;
9640513;504035;
9640920;504070;
9641326;504051;
9641733;504094;
9642140;504107;
9642546;504120;
9642953;504101;
9643360;504051;
9643767;504163;
9644173;504152;
9644580;504150;
9644987;504097;
9645394;504080;
9645800;504158;
9646207;504070;
9646614;504217;
9647021;504104;
9647427;504092;
9647834;504109;
9648241;504118;
9648647;504176;
9649054;504173;
9649461;504129;
9649868;504157;
9650274;504199;
9650681;504204;
9651088;504190;
9651494;504170;
9651901;504170;
9652308;504201;
9652715;504211;
9653121;504139;
9653528;504190;
9653935;504124;
9654341;504224;
9654748;504155;
9655155;504163;
9655562;504174;
9655968;504200;
9656375;504192;
9656782;504188;
9657188;504154;
9657595;504189;
9658002;504170;
9658409;504146;
9658815;504241;
9659222;504187;
9659629;504179;
9660035;504193;
9660442;504218;
9660849;504206;
9661256;504204;
9661662;504199;
9662069;504244;
9662476;504164;
9662882;504149;
9663289;504245;
9663696;504171;
9664103;504269;
9664509;504236;
9664916;504197;
9665323;504256;
9665730;504225;
9666136;504254;
9666543;504216;
9666950;504196;
9667357;504229;
9667763;504227;
9668170;504216;
9668577;504250;
9668984;504208;
9669390;504245;
9669797;504237;
9670204;504279;
9670611;504245;
9671017;504245;
9671424;504206;
9671831;504274;
9672237;504220;
9672644;504178;
9673051;504260;
9673458;504188;
9673864;504203;
9674271;504209;
9674678;504195;
9675085;504253;
9675491;504170;
9675898;504270;
9676305;504206;
9676712;504265;
9677118;504244;
9677525;504233;
9677932;504223;
9678339;504187;
9678745;504301;
9679152;504190;
9679559;504210;
9679965;504237;
9680372;504187;
9680779;504278;
9681186;504203;
9681593;504249;
9681999;504229;
9682406;504218;
9682813;504180;
9683220;504229;
9683626;504241;
9684033;504207;
9684440;504268;
9684847;504266;
9685253;504144;
9685660;504266;
9686067;504214;
9686474;504238;
9686880;504195;
9687287;504199;
9687694;504261;
9688100;504246;
9688507;504286;
9688914;504262;
9689321;504192;
9689727;504292;
9703556;497046;
9703963;497111;
9704369;497053;
9704776;497296;
9705183;497229;
9705590;497159;
9705996;497353;
9706403;497158;
9706810;497188;
9707216;497263;
9707623;497149;
9708030;497330;
9708437;497119;
9708843;497288;
9709250;497271;
9709657;497268;
9710064;497277;
9710470;497253;
9710877;497270;
9711284;497334;
9711690;497259;
9712097;497340;
9712504;497291;
9712911;497367;
9713317;497337;
9713724;497354;
9714131;497335;
9714538;497376;
9714944;497372;
9715351;497467;
9715758;497473;
9716165;497478;
9716571;497544;
9716978;497525;
9717385;497565;
9717791;497540;
9718198;497519;
9718605;497562;
9719012;497473;
9719418;497438;
9719825;497459;
9720232;497439;
9720639;497493;
9721045;497434;
9721452;497473;
9721859;497448;
9722265;497383;
9722672;497439;
9723079;497406;
9723486;497427;
9723892;497406;
9724299;497413;
9724706;497423;
9725113;497372;
9725519;497485;
9725926;497449;
9726333;497418;
9726740;497451;
9727146;497451;
9727553;497435;
9727960;497433;
9728367;497434;
9728773;497406;
9729180;497455;
9729587;497422;
9729994;497464;
9730400;497455;
9730807;497457;
9731214;497475;
9731620;497478;
9732027;497446;
9732434;497502;
9732841;497441;
9733247;497505;
9733654;497421;
9734061;497476;
9734468;497523;
9734874;497437;
9735281;497460;
9735688;497452;
9736094;497461;
9736501;497403;
9736908;497479;
9737315;497467;
9737721;497443;
9738128;497489;
9738535;497403;
9738942;497490;
9739348;497462;
9739755;497407;
9740162;497491;
9740568;497462;
9740975;497497;
9741382;497458;
9741789;497452;
9742196;497449;
9742602;497471;
9743009;497445;
9743416;497500;
9743822;497447;
9744229;497470;
9744636;497513;
9745043;497541;
9745449;497421;
9745856;497516;
9746263;497435;
9746670;497478;
9747076;497517;
9747483;497463;
9747890;497535;
9748297;497440;
9748703;497549;
9749110;497454;
9749517;497470;
9749924;497546;
9750330;497449;
9750737;497537;
9751144;497467;
9751550;497504;
9751957;497535;
9752364;497465;
9752771;497538;
9753177;497509;
9753584;497554;
9753991;497498;
9754398;497454;
9754804;497501;
9755211;497450;
9755618;497560;
9756024;497498;
9756431;497518;
9756838;497502;
9757245;497517;
9757651;497495;
9758058;497460;
9758465;497536;
9758871;497531;
9759278;497541;
9759685;497519;
9760092;497498;
9760498;497517;
9760905;497508;
9761312;497526;
9761718;497490;
9762125;497500;
9762532;497517;
9762939;497464;
9763345;497448;
9763752;497484;
9876007;580553;
9876414;580464;
9876821;580518;
9877228;580468;
9877634;580463;
9878041;580436;
9878448;580497;
9878855;580455;
9879261;580412;
9879668;580436;
9880075;580431;
9880481;580462;
9880888;580475;
9881295;580473;
9881702;580405;
9882108;580454;
9882515;580486;
9882922;580396;
9883328;580445;
9883735;580410;
9884142;580376;
9884549;580455;
9884955;580402;
9885362;580430;
9885769;580484;
9886175;580419;
9886582;580430;
9886989;580454;
9887395;580364;
9887802;580457;
9888209;580379;
9888616;580370;
9889022;580437;
9889429;580355;
9889836;580431;
9890242;580378;
9890649;580422;
9891056;580411;
9891462;580440;
9891869;580455;
9892276;580375;
9892683;580435;
9893089;580354;
9893496;580388;
9893903;580403;
9894309;580376;
9894716;580409;
9895123;580377;
9895529;580468;
9895936;580397;
9896343;580401;
9896750;580395;
9897156;580417;
9897563;580397;
9897970;580416;
9898376;580352;
9898783;580407;
9899190;580411;
9899597;580415;
9900003;580397;
9900410;580403;
9900817;580469;
9901223;580365;
9901630;580441;
9902037;580398;
9902444;580402;
9902850;580443;
9903257;580416;
9903664;580411;
9904070;580436;
9904477;580401;
9904884;580415;
9905290;580440;
9932134;571411;
9932540;571452;
9932947;571472;
9933354;571420;
9933761;571546;
9934167;571453;
9934574;571461;
9934981;571478;
9935387;571532;
9935794;571513;
9936201;571523;
9936608;571496;
9937014;571609;
9937421;571545;
9937828;571568;
9938235;571582;
9938641;571550;
9939048;571560;
9939455;571585;
9939862;571547;
9940268;571540;
9940675;571608;
9941082;571592;
9941488;571561;
9941895;571591;
9942302;571602;
9942708;571643;
9943115;571643;
9943522;571627;
9943928;571630;
9944335;571617;
9944742;571625;
9945148;571656;
9945555;571660;
9945962;571674;
9946369;571636;
9946775;571738;
9947182;571684;
9947589;571680;
9947995;571686;
9948402;571659;
9948809;571724;
9949216;571668;
9949622;571735;
9950029;571735;
9950436;571687;
9950842;571682;
9951249;571703;
9951656;571692;
9952063;571757;
9952469;571703;
9952876;571720;
9953283;571715;
9953690;571724;
9954096;571717;
9954503;571729;
9954910;571736;
9955317;571749;
9955723;571721;
9956130;571778;
9956537;571713;
9956944;571776;
9957350;571725;
9957757;571756;
9958164;571786;
9958570;571818;
9958977;571782;
9959384;571734;
9959791;571706;
9960197;571784;
9960604;571739;
9961011;571801;
9961418;571759;
9978500;559980;
9978907;559911;
9979314;560001;
9979720;559951;
9980127;560004;
9980534;560017;
9980941;559930;
9981347;560075;
9981754;559981;
9982161;560070;
9982567;560034;
9982974;560033;
9983381;560129;
9983788;560061;
9984194;560102;
9984601;560069;
9985008;560075;
9985415;560141;
9985821;560130;
9986228;560102;
9986635;560157;
9987041;560125;
9987448;560189;
9987855;560173;
9988261;560156;
9988668;560161;
9989075;560238;
9989482;560176;
9989888;560233;
9990295;560144;
9990702;560243;
9991108;560201;
9991515;560214;
9991922;560232;
9992329;560215;
9992735;560269;
9993142;560250;
9993549;560220;
9993955;560246;
9994362;560248;
9994769;560235;
9995176;560200;
9995582;560216;
9995989;560236;
9996396;560257;
9996802;560319;
9997209;560272;
9997616;560276;
9998022;560354;
9998429;560274;
9998836;560316;
9999243;560266;
9999649;560314;
10000056;560285;
10000463;560319;
10000869;560326;
10001276;560321;
10001683;560290;
10002090;560320;
10002496;560312;
10002903;560271;
10003310;560319;
10003717;560316;
10004123;560339;
10004530;560335;
10004937;560335;
10005343;560333;
10005750;560332;
10006157;560358;
10006564;560347;
10006970;560339;
10007377;560349;
10017951;553745;
10018358;553738;
10018765;553679;
10019171;553879;
10019578;553798;
10019985;553915;
10020392;553772;
10020798;553782;
10021205;553879;
10021612;553842;
10022018;553881;
10022425;553886;
10022832;553903;
10023239;553928;
10023645;553861;
10024052;553937;
10024459;553910;
10024865;553985;
10025272;553944;
10025679;553933;
10026085;553974;
10026492;553958;
10026899;554006;
10027306;553973;
10027712;554010;
10028119;554031;
10028526;553982;
10028932;553973;
10029339;554037;
10029746;554017;
10030153;554081;
10030559;554034;
10030966;554011;
10031373;554074;
10031779;554035;
10032186;554042;
10032593;554053;
10033000;554111;
10033406;554072;
10033813;554110;
10034220;554056;
10034626;554080;
10035033;554054;
10035440;554061;
10035846;554131;
10036253;554125;
10036660;554108;
10037067;554103;
10037473;554176;
10037880;554097;
10038287;554112;
10038693;554122;
10039100;554196;
10039507;554153;
10039913;554137;
10040320;554120;
10040727;554125;
10041133;554191;
10041540;554154;
10041947;554072;
10042354;554151;
10042760;554119;
10043167;554197;
10043574;554113;
10043980;554178;
10044387;554210;
10044794;554158;
10045200;554154;
10045607;554149;
10046014;554245;
10046421;554184;
10046827;554203;
10047234;554182;
10047641;554199;
10065535;547105;
10065942;547051;
10066349;547115;
10066755;547215;
10067162;547081;
10067569;547185;
10067975;547169;
10068382;547164;
10068789;547258;
10069195;547134;
10069602;547246;
10070009;547172;
10070415;547218;
10070822;547275;
10071229;547235;
10071635;547260;
10072042;547256;
10072449;547268;
10072855;547293;
10073262;547252;
10073669;547299;
10074075;547231;
10074482;547291;
10074889;547271;
10075295;547308;
10075702;547243;
10076109;547378;
10076516;547336;
10076922;547376;
10077329;547329;
10077736;547347;
10078142;547320;
10078549;547236;
10078956;547277;
10079362;547337;
10079769;547270;
10080176;547366;
10080583;547371;
10080989;547399;
10081396;547435;
10081803;547415;
10082209;547481;
10082616;547422;
10083023;547402;
10083429;547444;
10083836;547405;
10084243;547487;
10084650;547393;
10085056;547438;
10085463;547478;
10085870;547398;
10086276;547480;
10086683;547462;
10087090;547480;
10087496;547416;
10087903;547482;
10088310;547426;
10088717;547451;
10089123;547491;
10089530;547429;
10089937;547490;
10090343;547491;
10090750;547452;
10091157;547461;
10091563;547459;
10091970;547406;
10092377;547497;
10092784;547467;
10093190;547492;
10093597;547486;
10094004;547498;
10094411;547476;
10094817;547504;
10095224;547446;
10095631;547507;
10110272;537967;
10110679;537878;
10111086;537841;
10111492;538091;
10111899;537704;
10112306;538103;
10112712;537968;
10113119;537913;
10113526;538118;
10113933;537885;
10114339;538130;
10114746;538033;
10115153;537989;
10115559;538161;
10115966;537986;
10116373;538113;
10116779;538124;
10117186;538009;
10117593;538166;
10118000;538076;
10118406;538110;
10118813;538149;
10119220;538123;
10119626;538187;
10120033;538147;
10120440;538151;
10120847;538147;
10121253;538158;
10121660;538178;
10122067;538178;
10122473;538163;
10122880;538273;
10123287;538116;
10123693;538209;
10124100;538178;
10124507;538212;
10124913;538266;
10125320;538216;
10125727;538224;
10126134;538270;
10126540;538243;
10126947;538264;
10127354;538234;
10127760;538276;
10128167;538283;
10128574;538292;
10128981;538367;
10129387;538294;
10129794;538309;
10130201;538324;
10130607;538338;
10131014;538363;
10131421;538331;
10131828;538341;
10132234;538301;
10132641;538310;
10133048;538383;
10133454;538364;
10133861;538304;
10134268;538370;
10134675;538307;
10135081;538368;
10135488;538367;
10135895;538324;
10136301;538364;
10136708;538397;
10137115;538347;
10137522;538409;
10137928;538374;
10138335;538338;
10138742;538379;
10139148;538325;
10139555;538383;
10139962;538348;
10153790;528108;
10154196;528122;
10154603;528097;
10155010;528128;
10155417;528241;
10155823;528199;
10156230;528193;
10156637;528339;
10157043;528184;
10157450;528335;
10157857;528270;
10158263;528300;
10158670;528356;
10159077;528332;
10159484;528357;
10159890;528380;
10160297;528291;
10160704;528365;
10161110;528338;
10161517;528392;
10161924;528393;
10162330;528364;
10162737;528441;
10163144;528402;
10163550;528432;
10163957;528446;
10164364;528426;
10164771;528423;
10165177;528420;
10165584;528403;
10165991;528449;
10166397;528450;
10166804;528465;
10167211;528494;
10167617;528490;
10168024;528479;
10168431;528470;
10168837;528528;
10169244;528477;
10169651;528553;
10170058;528537;
10170464;528545;
10170871;528565;
10171278;528500;
10171684;528553;
10172091;528535;
10172498;528569;
10172904;528550;
10173311;528534;
10173718;528600;
10174125;528534;
10174531;528569;
10174938;528546;
10175345;528606;
10175751;528638;
10176158;528586;
10176565;528590;
10176972;528589;
10177378;528610;
10177785;528635;
10178192;528598;
10178598;528610;
10179005;528646;
10179412;528629;
10179819;528606;
10180225;528638;
10180632;528573;
10181039;528626;
10181445;528591;
10181852;528642;
10182259;528632;
10182666;528641;
10183072;528567;
10183479;528634;
10183886;528630;
10202188;519259;
10202594;519478;
10203001;519310;
10203408;519411;
10203815;519533;
10204221;519322;
10204628;519558;
10205035;519411;
10205441;519432;
10205848;519533;
10206255;519391;
10206662;519586;
10207068;519468;
10207475;519457;
10207882;519549;
10208288;519489;
10208695;519578;
10209102;519582;
10209509;519537;
10209915;519605;
10210322;519536;
10210729;519580;
10211135;519543;
10211542;519604;
10211949;519618;
10212355;519596;
10212762;519523;
10213169;519560;
10213575;519635;
10213982;519641;
10214389;519653;
10214796;519601;
10215202;519674;
10215609;519625;
10216016;519639;
10216422;519621;
10216829;519653;
10217236;519628;
10217643;519644;
10218049;519693;
10218456;519670;
10218863;519629;
10219269;519677;
10219676;519697;
10220083;519670;
10220489;519681;
10220896;519655;
10221303;519694;
10221710;519673;
10222116;519675;
10222523;519661;
10222930;519683;
10223336;519685;
10223743;519694;
10224150;519753;
10224557;519625;
10224963;519715;
10225370;519698;
10225777;519723;
10226183;519762;
10226590;519703;
10226997;519697;
10227404;519713;
10227810;519748;
10228217;519665;
10228624;519743;
10229030;519709;
10229437;519700;
10229844;519768;
10230251;519710;
10230657;519744;
10231064;519694;
10231471;519697;
10231877;519755;
10232284;519683;
10232691;519753;
10233097;519722;
10233504;519774;
10233911;519781;
10234318;519744;
10234724;519781;
10235131;519717;
10248959;510203;
10249366;510267;
10249772;510451;
10250179;510275;
10250586;510391;
10250992;510513;
10251399;510426;
10251806;510534;
10252213;510453;
10252619;510484;
10253026;510483;
10253433;510357;
10253839;510466;
10254246;510406;
10254653;510370;
10255060;510454;
10255466;510439;
10255873;510472;
10256280;510470;
10256686;510396;
10257093;510567;
10257500;510450;
10257907;510482;
10258313;510529;
10258720;510454;
10259127;510555;
10259533;510479;
10259940;510522;
10260347;510580;
10260754;510477;
10261160;510595;
10261567;510560;
10261974;510539;
10262380;510519;
10262787;510559;
10263194;510573;
10263600;510609;
10264007;510588;
10264414;510553;
10264821;510593;
10265227;510565;
10265634;510609;
10266041;510535;
10266447;510547;
10266854;510532;
10267261;510572;
10267668;510588;
10268074;510584;
10268481;510568;
10268888;510596;
10269294;510590;
10269701;510599;
10270108;510565;
10270514;510629;
10270921;510601;
10271328;510564;
10271735;510615;
10272141;510604;
10272548;510628;
10272955;510651;
10273362;510594;
10273768;510646;
10274175;510627;
10274582;510609;
10274988;510644;
10275395;510582;
10275802;510668;
10276208;510621;
10276615;510659;
10277022;510635;
10277429;510641;
10277835;510659;
10278242;510632;
10278649;510662;
10279055;510626;
10279462;510650;
10292070;503563;
10292477;503084;
10292884;503341;
10293290;503549;
10293697;503160;
10294104;503678;
10294510;503224;
10294917;503420;
10295324;503567;
10295731;503309;
10296137;503834;
10296544;503651;
10296951;503550;
10297357;503559;
10297764;503388;
10298171;503585;
10298578;503452;
10298984;503535;
10299391;503571;
10299798;503447;
10300204;503563;
10300611;503530;
10301018;503587;
10301425;503625;
10301831;503517;
10302238;503582;
10302645;503605;
10303051;503590;
10303458;503602;
10303865;503570;
10304272;503542;
10304678;503655;
10305085;503540;
10305492;503648;
10305899;503646;
10306305;503617;
10306712;503679;
10307119;503611;
10307525;503671;
10307932;503663;
10308339;503630;
10308745;503683;
10309152;503643;
10309559;503638;
10309966;503681;
10310372;503651;
10310779;503690;
10311186;503667;
10311593;503692;
10311999;503647;
10312406;503716;
10312813;503719;
10313219;503705;
10313626;503762;
10314033;503689;
10314439;503730;
10314846;503724;
10315253;503718;
10315660;503696;
10316066;503687;
10316473;503729;
10316880;503668;
10317286;503711;
10317693;503750;
10318100;503728;
10318507;503712;
10318913;503681;
10319320;503754;
10319727;503704;
10320133;503758;
10320540;503775;
10320947;503696;
10321353;503742;
10321760;503703;
10322167;503746;
10322573;503740;
10322980;503737;
10323387;503696;
10323794;503700;
10324200;503746;
10324607;503750;
10325014;503728;
10341689;498533;
10342095;498182;
10342502;498252;
10342909;498547;
10343315;498056;
10343722;498460;
10344129;498363;
10344535;498113;
10344942;498591;
10345349;498113;
10345755;498525;
10346162;498372;
10346569;498362;
10346976;498479;
10347382;498311;
10347789;498451;
10348196;498413;
10348602;498350;
10349009;498810;
10349416;498392;
10349823;498474;
10350229;498453;
10350636;498402;
10351043;498485;
10351449;498453;
10351856;498431;
10352263;498475;
10352669;498474;
10353076;498480;
10353483;498472;
10353890;498436;
10354296;498537;
10354703;498420;
10355110;498508;
10355516;498523;
10355923;498481;
10356330;498518;
10356737;498499;
10357143;498529;
10357550;498563;
10357957;498530;
10358363;498622;
10358770;498499;
10359177;498498;
10359583;498591;
10359990;498572;
10360397;498609;
10360803;498525;
10361210;498550;
10361617;498575;
10362023;498568;
10362430;498572;
10362837;498623;
10363243;498598;
10363650;498585;
10364057;498584;
10364464;498585;
10364870;498640;
10365277;498680;
10365683;498721;
10366090;498661;
10366497;498674;
10366903;498736;
10367310;498729;
10367717;498764;
10368123;498754;
10368530;498783;
10368937;498752;
10369344;498786;
10369750;498749;
10370157;498818;
10370564;498781;
10370970;498795;
10371377;498750;
10371784;498754;
10372190;498795;
10372597;498756;
10398626;579917;
10399033;579980;
10399439;579990;
10399846;580112;
10400253;579888;
10400660;580148;
10401066;580005;
10401473;580156;
10401880;580064;
10402286;580187;
10402693;580195;
10403100;580206;
10403507;580177;
10403913;580265;
10404320;580236;
10404727;580288;
10405133;580289;
10405540;580333;
10405947;580300;
10406353;580314;
10406760;580366;
10407167;580357;
10407574;580383;
10407980;580363;
10408387;580399;
10408794;580437;
10409200;580400;
10409607;580454;
10410014;580479;
10410421;580386;
10410827;580473;
10411234;580425;
10411641;580484;
10412047;580499;
10412454;580489;
10412861;580519;
10413268;580525;
10413674;580480;
10414081;580537;
10414488;580557;
10414894;580598;
10415301;580562;
10415708;580561;
10416114;580502;
10416521;580515;
10416928;580492;
10417335;580540;
10417741;580585;
10418148;580526;
10418555;580572;
10418961;580462;
10419368;580525;
10419775;580481;
10420182;580428;
10420588;580424;
10420995;580446;
10421402;580419;
10421808;580348;
10422215;580348;
10422622;580335;
10423029;580303;
10423435;580334;
10423842;580319;
10424249;580392;
10424655;580413;
10425062;580409;
10425469;580458;
10425876;580476;
10426282;580581;
10426689;580602;
10427096;580687;
10427502;580757;
10427909;580809;
10428316;580861;
10428723;580891;
10443771;571496;
10444178;571423;
10444585;571575;
10444992;571487;
10445398;571487;
10445805;571593;
10446212;571479;
10446618;571675;
10447025;571549;
10447432;571568;
10447838;571672;
10448245;571574;
10448652;571645;
10449059;571652;
10449465;571604;
10449872;571651;
10450279;571690;
10450685;571747;
10451092;571710;
10451499;571713;
10451905;571736;
10452312;571722;
10452719;571718;
10453125;571762;
10453532;571769;
10453939;571747;
10454345;571735;
10454752;571728;
10455159;571783;
10455566;571771;
10455972;571778;
10456379;571814;
10456786;571788;
10457192;571819;
10457599;571810;
10458006;571903;
10458412;571834;
10458819;571838;
10459226;571862;
10459633;571885;
10460039;571838;
10460446;571851;
10460853;571860;
10461259;571898;
10461666;571898;
10462073;571878;
10462480;571900;
10462886;571890;
10463293;571916;
10463700;571935;
10464106;571917;
10464513;571902;
10464920;571914;
10465327;571952;
10465733;571955;
10466140;571938;
10466547;571962;
10466954;571945;
10467360;571877;
10467767;571958;
10468174;571975;
10468580;571961;
10468987;572001;
10469394;571956;
10469800;571945;
10470207;571997;
10470614;571961;
10471020;572020;
10471427;571947;
10471834;572004;
10472240;571968;
10472647;571946;
10473054;571978;
10473460;571989;
10486068;564090;
10486475;564068;
10486881;564161;
10487288;564143;
10487695;564136;
10488102;564289;
10488508;564173;
10488915;564220;
10489322;564222;
10489728;564177;
10490135;564363;
10490542;564242;
10490948;564346;
10491355;564339;
10491762;564291;
10492169;564358;
10492575;564335;
10492982;564279;
10493389;564403;
10493795;564298;
10494202;564332;
10494609;564424;
10495015;564354;
10495422;564444;
10495829;564425;
10496235;564424;
10496642;564447;
10497049;564399;
10497455;564415;
10497862;564399;
10498269;564405;
10498675;564455;
10499082;564394;
10499489;564458;
10499896;564494;
10500302;564455;
10500709;564438;
10501116;564493;
10501522;564471;
10501929;564543;
10502336;564461;
10502743;564487;
10503149;564486;
10503556;564515;
10503963;564567;
10504369;564542;
10504776;564534;
10505183;564518;
10505589;564498;
10505996;564564;
10506403;564528;
10506809;564537;
10507216;564594;
10507623;564566;
10508030;564598;
10508436;564535;
10508843;564613;
10509250;564585;
10509656;564544;
10510063;564557;
10510470;564559;
10510877;564664;
10511283;564597;
10511690;564552;
10512097;564558;
10512503;564560;
10512910;564632;
10513317;564608;
10513723;564529;
10514130;564543;
10514537;564590;
10514944;564641;
10515350;564591;
10515757;564636;
10528771;555548;
10529177;555652;
10529584;555679;
10529991;555608;
10530397;555736;
10530804;555651;
10531211;555671;
10531617;555734;
10532024;555656;
10532431;555798;
10532837;555662;
10533244;555782;
10533651;555759;
10534057;555752;
10534464;555760;
10534871;555767;
10535277;555795;
10535684;555753;
10536091;555814;
10536497;555828;
10536904;555856;
10537311;555811;
10537718;555867;
10538124;555837;
10538531;555841;
10538938;555848;
10539344;555879;
10539751;555913;
10540158;555886;
10540564;555845;
10540971;555893;
10541378;555902;
10541784;555945;
10542191;555917;
10542598;555944;
10543004;555876;
10543411;555982;
10543818;555953;
10544224;555919;
10544631;555985;
10545038;555951;
10545444;555981;
10545851;555989;
10546258;555936;
10546664;555991;
10547071;555987;
10547478;556013;
10547884;555978;
10548291;555980;
10548698;556023;
10549104;555985;
10549511;555969;
10549918;556029;
10550325;556038;
10550731;556025;
10551138;556035;
10551545;555991;
10551951;556027;
10552358;555996;
10552765;556061;
10553171;556028;
10553578;556031;
10553985;555982;
10554391;556043;
10554798;556029;
10555205;556078;
10555611;556118;
10556018;555977;
10556425;556128;
10556831;556019;
10557238;556100;
10557645;556052;
10558051;556094;
10558458;556095;
10558865;556043;
10559271;556064;
10559678;556082;
10577573;545401;
10577979;545634;
10578386;545457;
10578793;545542;
10579199;545507;
10579606;545537;
10580013;545653;
10580419;545539;
10580826;545592;
10581233;545590;
10581639;545626;
10582046;545635;
10582453;545570;
10582860;545656;
10583266;545621;
10583673;545691;
10584080;545684;
10584486;545665;
10584893;545714;
10585300;545707;
10585707;545674;
10586113;545688;
10586520;545700;
10586927;545648;
10587333;545777;
10587740;545688;
10588147;545717;
10588554;545783;
10588960;545720;
10589367;545758;
10589774;545723;
10590180;545742;
10590587;545851;
10590994;545696;
10591400;545838;
10591807;545756;
10592214;545782;
10592620;545778;
10593027;545779;
10593434;545823;
10593841;545811;
10594247;545807;
10594654;545775;
10595061;545841;
10595467;545812;
10595874;545853;
10596281;545830;
10596687;545778;
10597094;545803;
10597501;545836;
10597907;545781;
10598314;545824;
10598721;545829;
10599127;545890;
10599534;545758;
10599941;545849;
10600347;545865;
10600754;545829;
10601161;545888;
10601567;545791;
10601974;545859;
10602381;545883;
10602787;545836;
10603194;545910;
10603601;545836;
10604007;545872;
10604414;545946;
10604821;545810;
10605228;545885;
10605634;545851;
10606041;545870;
10606448;545905;
10606854;545830;
10607261;545898;
10607668;545909;
10621495;536238;
10621902;536736;
10622308;536403;
10622715;536595;
10623122;536545;
10623528;536490;
10623935;536606;
10624342;536549;
10624749;536542;
10625155;536600;
10625562;536559;
10625969;536638;
10626375;536703;
10626782;536614;
10627189;536734;
10627595;536616;
10628002;536657;
10628409;536695;
10628815;536682;
10629222;536712;
10629629;536643;
10630035;536702;
10630442;536694;
10630848;536666;
10631255;536771;
10631662;536744;
10632069;536748;
10632475;536807;
10632882;536728;
10633289;536834;
10633695;536773;
10634102;536777;
10634509;536781;
10634915;536754;
10635322;536839;
10635729;536827;
10636135;536849;
10636542;536810;
10636949;536788;
10637355;536829;
10637762;536818;
10638169;536819;
10638575;536813;
10638982;536833;
10639389;536808;
10639795;536877;
10640202;536860;
10640609;536804;
10641015;536806;
10641422;536801;
10641829;536906;
10642235;536841;
10642642;536853;
10643049;536937;
10643455;536808;
10643862;536939;
10644269;536870;
10644675;536930;
10645082;536946;
10645489;536823;
10645896;536913;
10646302;536858;
10646709;536908;
10647116;536909;
10647522;536900;
10647929;536901;
10648336;536913;
10648742;536935;
10649149;536952;
10649556;536870;
10649962;536944;
10650369;536900;
10650776;536943;
10651182;536897;
10651589;536931;
10667450;528502;
10667857;528577;
10668263;528343;
10668670;528555;
10669077;528519;
10669484;528386;
10669890;528667;
10670297;528439;
10670704;528531;
10671110;528646;
10671517;528486;
10671924;528666;
10672330;528543;
10672737;528577;
10673144;528656;
10673551;528511;
10673957;528687;
10674364;528631;
10674771;528660;
10675177;528704;
10675584;528593;
10675991;528717;
10676397;528657;
10676804;528685;
10677211;528712;
10677618;528683;
10678024;528763;
10678431;528703;
10678838;528725;
10679244;528662;
10679651;528673;
10680058;528767;
10680464;528750;
10680871;528729;
10681278;528719;
10681684;528752;
10682091;528705;
10682498;528758;
10682904;528723;
10683311;528750;
10683718;528795;
10684124;528709;
10684531;528815;
10684938;528783;
10685344;528802;
10685751;528856;
10686158;528757;
10686564;528810;
10686971;528803;
10687378;528795;
10687784;528796;
10688191;528802;
10688598;528838;
10689004;528790;
10689411;528881;
10689818;528836;
10690224;528811;
10690631;528822;
10691038;528793;
10691444;528833;
10691851;528833;
10692258;528843;
10692664;528831;
10693071;528855;
10693478;528893;
10693884;528865;
10694291;528859;
10694698;528837;
10695104;528814;
10695511;528865;
10695918;528809;
10696324;528888;
10696731;528829;
10697138;528866;
10697544;528872;
10715844;520568;
10716251;520581;
10716658;520592;
10717064;520642;
10717471;520705;
10717877;520689;
10718284;520703;
10718691;520707;
10719098;520635;
10719504;520625;
10719911;520631;
10720317;520639;
10720724;520674;
10721131;520678;
10721537;520680;
10721944;520717;
10722351;520748;
10722757;520758;
10723164;520669;
10723571;520716;
10723977;520725;
10724384;520721;
10724791;520732;
10725197;520761;
10725604;520733;
10726011;520727;
10726417;520752;
10726824;520772;
10727231;520780;
10727637;520757;
10728044;520754;
10728451;520778;
10728857;520712;
10729264;520833;
10729671;520802;
10730077;520791;
10730484;520812;
10730891;520784;
10731297;520830;
10731704;520776;
10732111;520817;
10732517;520724;
10732924;520727;
10733331;520719;
10733737;520748;
10734144;520738;
10734551;520721;
10734957;520755;
10735364;520766;
10735771;520710;
10736177;520772;
10736584;520728;
10736991;520758;
10737397;520710;
10737804;520726;
10738211;520797;
10738617;520720;
10739024;520813;
10739431;520829;
10739837;520814;
10740244;520819;
10740651;520777;
10741057;520761;
10741464;520867;
10741871;520861;
10742277;520799;
10742684;520857;
10743091;520898;
10743497;520887;
10743904;520911;
10744311;520836;
10744717;520880;
10745124;520888;
10745531;520888;
10745937;520837;
10746344;520900;
10760984;513743;
10761391;513745;
10761798;513620;
10762204;513815;
10762611;513744;
10763018;513696;
10763424;513760;
10763831;513723;
10764238;513798;
10764645;513708;
10765051;513708;
10765458;513786;
10765865;513761;
10766271;513847;
10766678;513758;
10767085;513851;
10767491;513858;
10767898;513790;
10768305;513831;
10768711;513879;
10769118;513806;
10769525;513856;
10769931;513898;
10770338;513934;
10770745;513839;
10771152;513935;
10771558;513917;
10771965;513997;
10772372;513940;
10772778;513915;
10773185;513942;
10773592;513900;
10773998;513940;
10774405;513935;
10774812;513957;
10775218;513912;
10775625;513936;
10776032;513943;
10776438;513932;
10776845;513967;
10777252;513926;
10777658;514019;
10778065;513996;
10778472;513932;
10778878;513990;
10779285;513946;
10779692;513989;
10780098;514020;
10780505;513965;
10780912;514025;
10781319;514006;
10781725;514045;
10782132;514021;
10782539;513999;
10782945;514052;
10783352;513983;
10783759;513997;
10784165;513945;
10784572;513977;
10784979;513983;
10785385;514014;
10785792;514057;
10786199;513967;
10786606;514029;
10787012;514010;
10787419;514025;
10787826;513968;
10788232;514012;
10788639;514054;
10789046;514017;
10789452;514047;
10789859;513998;
10790266;514039;
10790672;514031;
10791079;513993;
10800840;506660;
10801246;506577;
10801653;506800;
10802060;506547;
10802467;506696;
10802873;506514;
10803280;506683;
10803687;506653;
10804093;506544;
10804500;506700;
10804907;506573;
10805313;506646;
10805720;506567;
10806127;506646;
10806533;506636;
10806940;506630;
10807347;506608;
10807754;506696;
10808160;506639;
10808567;506647;
10808974;506660;
10809380;506630;
10809787;506643;
10810194;506605;
10810600;506564;
10811007;506589;
10811414;506585;
10811820;506590;
10812227;506548;
10812634;506600;
10813041;506604;
10813447;506562;
10813854;506552;
10814261;506535;
10814667;506591;
10815074;506619;
10815481;506547;
10815887;506566;
10816294;506507;
10816701;506521;
10817108;506594;
10817514;506563;
10817921;506563;
10818328;506566;
10818734;506514;
10819141;506629;
10819548;506509;
10819954;506578;
10820361;506500;
10820768;506559;
10821174;506595;
10821581;506488;
10821988;506530;
10822395;506583;
10822801;506546;
10823208;506560;
10823615;506517;
10824021;506580;
10824428;506557;
10824835;506530;
10825242;506523;
10825648;506543;
10826055;506511;
10826462;506528;
10826868;506463;
10827275;506594;
10827682;506530;
10828088;506545;
10828495;506500;
10828902;506554;
10829308;506561;
10829715;506515;
10830122;506516;
10830529;506539;
10830935;506513;
10831342;506562;
10848830;500543;
10849237;500441;
10849643;500507;
10850050;500528;
10850457;500444;
10850863;500577;
10851270;500432;
10851677;500551;
10852083;500503;
10852490;500515;
10852897;500525;
10853304;500530;
10853710;500567;
10854117;500549;
10854524;500539;
10854930;500554;
10855337;500592;
10855744;500664;
10856150;500651;
10856557;500709;
10856964;500701;
10857371;500749;
10857777;500680;
10858184;500707;
10858591;500738;
10858997;500682;
10859404;500762;
10859811;500723;
10860217;500637;
10860624;500648;
10861031;500624;
10861437;500673;
10861844;500619;
10862251;500644;
10862657;500589;
10863064;500638;
10863471;500664;
10863878;500625;
10864284;500653;
10864691;500556;
10865098;500599;
10865504;500593;
10865911;500586;
10866318;500630;
10866724;500609;
10867131;500657;
10867538;500679;
10867945;500635;
10868351;500644;
10868758;500624;
10869165;500595;
10869571;500608;
10869978;500668;
10870385;500655;
10870791;500631;
10871198;500655;
10871605;500602;
10872011;500669;
10872418;500680;
10872825;500674;
10873231;500647;
10873638;500601;
10874045;500694;
10874452;500702;
10874858;500643;
10875265;500699;
10875672;500608;
10876078;500656;
10876485;500651;
10876892;500638;
10877298;500650;
10877705;500616;
10878112;500661;
10878519;500617;
10878925;500663;
10879332;500664;
