8856774;68726;
8857181;68715;
8857587;68717;
8857994;68694;
8858401;68674;
8858807;68656;
8859214;68730;
8859621;68665;
8860028;68657;
8860434;68720;
8860841;68691;
8861248;68725;
8861654;68712;
8862061;68699;
8862468;68726;
8862874;68707;
8863281;68671;
8863688;68684;
8864095;68649;
8864501;68714;
8864908;68662;
8865315;68685;
8865721;68689;
8866128;68661;
8866535;68682;
8866941;68731;
8867348;68696;
8867755;68693;
8868161;68705;
8868568;68711;
8868975;68703;
8869382;68711;
8869788;68697;
8870195;68681;
8870602;68681;
8871008;68668;
8871415;68678;
8871822;68737;
8872228;68690;
8872635;68730;
8873042;68678;
8873448;68666;
8873855;68665;
8874262;68685;
8874668;68731;
8875075;68668;
8875482;68713;
8875888;68661;
8876295;68730;
8876702;68697;
8877108;68724;
8877515;68702;
8877922;68698;
8878328;68754;
8878735;68684;
8879142;68699;
8879549;68677;
8879955;68700;
8880362;68670;
8880769;68715;
8881175;68668;
8881582;68717;
8881989;68702;
8882395;68726;
8882802;68707;
8883209;68716;
8883615;68651;
8884022;68666;
8884429;68694;
8884836;68681;
8885242;68701;
8885649;68733;
8886056;68700;
8886462;68672;
8886869;68722;
8887276;68718;
8887683;68723;
8888089;68717;
8888496;68693;
8888903;68695;
8889309;68685;
8889716;68726;
8890123;68711;
8890529;68733;
8890936;68692;
8891343;68691;
8891750;68725;
8892156;68726;
8892563;68699;
8892970;68706;
8893376;68699;
8893783;68690;
8894190;68703;
8894596;68718;
8895003;68700;
8895410;68759;
8895816;68670;
8896223;68752;
8896630;68704;
8897037;68702;
8897443;68699;
8897850;68722;
8898257;68710;
8898663;68744;
8899070;68749;
8899477;68710;
8899883;68713;
8900290;68704;
8900697;68759;
8901103;68751;
8901510;68694;
8901917;68664;
8902323;68738;
8902730;68687;
8903137;68740;
8903543;68732;
8903950;68708;
8904357;68741;
8904763;68671;
8905170;68726;
8905577;68748;
8905984;68733;
8906390;68700;
8906797;68705;
8907204;68704;
8907610;68709;
8908017;68723;
8908424;68681;
8908830;68751;
8909237;68723;
8909644;68710;
8910051;68701;
8910457;68689;
8910864;68711;
8911271;68746;
8911677;68732;
8912084;68674;
8912491;68756;
8912897;68721;
8913304;68744;
8913711;68692;
8914117;68695;
8914524;68698;
8914931;68731;
8915337;68734;
8915744;68727;
8916151;68740;
8916557;68712;
8942179;80046;
8942586;80057;
8942993;80057;
8943399;80045;
8943806;79981;
8944213;80024;
8944620;80076;
8945026;80027;
8945433;80019;
8945840;80068;
8946246;80086;
8946653;80106;
8947060;80072;
8947466;80072;
8947873;80091;
8948280;80121;
8948686;80079;
8949093;80080;
8949500;80145;
8949907;80111;
8950313;80112;
8950720;80128;
8951127;80117;
8951533;80102;
8951940;80089;
8952347;80051;
8952754;80093;
8953160;80081;
8953567;80110;
8953974;80102;
8954380;80103;
8954787;80104;
8955194;80024;
8955600;80137;
8956007;80140;
8956414;80134;
8956821;80144;
8957227;80055;
8957634;80090;
8958041;80109;
8958447;80129;
8958854;80190;
8959261;80120;
8959667;80114;
8960074;80186;
8960481;80140;
8960888;80136;
8961294;80138;
8961701;80146;
8962108;80138;
8962514;80144;
8962921;80128;
8963328;80079;
8963735;80129;
8964141;80108;
8964548;80144;
8964955;80141;
8965361;80157;
8965768;80145;
8966175;80171;
8966581;80115;
8966988;80170;
8967395;80141;
8967802;80137;
8968208;80200;
8968615;80124;
8969022;80175;
8969428;80140;
8969835;80160;
8970242;80109;
8970648;80201;
8971055;80172;
8971462;80145;
8971868;80160;
8972275;80171;
8972682;80129;
8973089;80167;
8973495;80239;
8973902;80134;
8974309;80175;
8974715;80143;
8975122;80164;
8975529;80148;
8975936;80163;
8976342;80200;
8976749;80176;
8977156;80138;
8977562;80153;
8977969;80160;
8978376;80216;
8978782;80191;
8979189;80207;
8979596;80201;
8980003;80167;
8980409;80158;
8980816;80181;
8981223;80186;
8981629;80155;
8982036;80185;
8982443;80162;
8982849;80199;
8983256;80208;
8983663;80204;
8984070;80163;
8984476;80211;
8984883;80181;
8985290;80230;
8985696;80209;
8986103;80199;
8986510;80195;
8986916;80195;
8987323;80203;
8987730;80223;
8988137;80183;
8988543;80229;
8988950;80130;
8989357;80192;
8989763;80229;
8990170;80204;
8990577;80185;
8990983;80182;
8991390;80185;
8991797;80194;
8992204;80134;
8992610;80121;
8993017;80198;
8993424;80192;
8993830;80192;
8994237;80201;
8994644;80168;
8995050;80246;
8995457;80215;
8995864;80211;
8996271;80196;
8996677;80198;
8997084;80179;
8997491;80154;
8997897;80210;
8998304;80163;
8998711;80179;
8999118;80178;
8999524;80190;
8999931;80172;
9000338;80221;
9000744;80204;
9001151;80243;
9001558;80213;
9001965;80176;
9027181;79084;
9027588;79065;
9027994;79051;
9028401;79024;
9028808;79018;
9029215;79049;
9029621;79049;
9030028;79092;
9030435;79040;
9030841;79071;
9031248;79028;
9031655;79064;
9032061;79055;
9032468;79039;
9032875;79096;
9033282;79107;
9033688;79001;
9034095;79044;
9034502;79031;
9034908;79055;
9035315;79060;
9035722;79047;
9036129;79080;
9036535;79054;
9036942;79060;
9037349;79000;
9037755;79065;
9038162;79015;
9038569;79078;
9038976;79044;
9039382;79045;
9039789;78978;
9040196;79064;
9040602;79035;
9041009;79094;
9041416;79041;
9041823;79081;
9042229;79073;
9042636;79085;
9043043;79046;
9043449;79070;
9043856;79043;
9044263;79050;
9044669;79091;
9045076;79023;
9045483;79071;
9045890;79102;
9046296;79049;
9046703;79065;
9047110;79087;
9047516;79122;
9047923;79017;
9048330;79058;
9048736;79061;
9049143;79043;
9049550;79071;
9049956;79090;
9050363;79095;
9050770;79054;
9051177;79105;
9051583;79076;
9051990;79080;
9052397;79109;
9052803;79054;
9053210;79073;
9053617;79099;
9054023;79065;
9054430;79112;
9054837;79102;
9055243;79036;
9055650;79117;
9056057;79053;
9056464;79078;
9056870;79140;
9057277;79077;
9057684;79070;
9058090;79043;
9058497;79045;
9058904;79066;
9059310;79063;
9059717;79095;
9060124;79052;
9060531;79065;
9060937;79074;
9061344;79041;
9061751;79062;
9062157;79029;
9062564;79133;
9062971;79105;
9063377;79082;
9063784;79110;
9064191;79032;
9064597;79061;
9065004;79071;
9065411;79098;
9065817;79072;
9066224;79099;
9066631;79141;
9067038;79101;
9067444;79105;
9067851;79106;
9068258;79026;
9068664;79055;
9069071;79103;
9069478;79081;
9069884;79061;
9070291;79076;
9070698;79073;
9071105;79080;
9071511;79107;
9071918;79098;
9072325;79031;
9072731;79111;
9073138;79111;
9073545;79156;
9073952;79044;
9074358;79046;
9074765;79066;
9075172;79083;
9075578;79073;
9075985;79077;
9076392;79086;
9076799;79094;
9077205;79100;
9077612;79086;
9078019;79055;
9078425;79096;
9078832;79104;
9079239;79074;
9079645;79090;
9080052;79089;
9080459;79080;
9080866;79098;
9081272;79129;
9081679;79081;
9082086;79093;
9082492;79074;
9082899;79106;
9083306;79087;
9083712;79083;
9084119;79100;
9084526;79081;
9084933;79118;
9085339;79079;
9085746;79033;
9086153;79055;
9086559;79095;
9086966;79114;
9121129;78097;
9121535;78087;
9121942;78158;
9122349;78104;
9122756;78157;
9123162;78154;
9123569;78143;
9123976;78160;
9124382;78130;
9124789;78128;
9125196;78159;
9125602;78144;
9126009;78106;
9126416;78133;
9126823;78184;
9127229;78118;
9127636;78124;
9128043;78167;
9128449;78106;
9128856;78116;
9129263;78116;
9129669;78121;
9130076;78159;
9130483;78131;
9130889;78108;
9131296;78130;
9131703;78184;
9132110;78103;
9132516;78170;
9132923;78161;
9133330;78142;
9133736;78137;
9134143;78193;
9134550;78137;
9134956;78127;
9135363;78174;
9135770;78164;
9136176;78138;
9136583;78119;
9136990;78152;
9137397;78127;
9137803;78167;
9138210;78142;
9138617;78165;
9139023;78115;
9139430;78145;
9139837;78151;
9140243;78146;
9140650;78144;
9141057;78185;
9141463;78107;
9141870;78115;
9142277;78167;
9142683;78150;
9143090;78109;
9143497;78136;
9143904;78149;
9144310;78131;
9144717;78203;
9145124;78168;
9145530;78160;
9145937;78182;
9146344;78145;
9146750;78175;
9147157;78094;
9147564;78132;
9147971;78141;
9148377;78160;
9148784;78126;
9149191;78157;
9149597;78112;
9150004;78126;
9150411;78144;
9150817;78148;
9151224;78159;
9151631;78207;
9152038;78146;
9152444;78137;
9152851;78116;
9153258;78178;
9153664;78151;
9154071;78163;
9154478;78165;
9154884;78178;
9155291;78165;
9155698;78193;
9156105;78150;
9156511;78128;
9156918;78137;
9157325;78142;
9157731;78122;
9158138;78125;
9158545;78176;
9158952;78167;
9159358;78142;
9159765;78163;
9160172;78156;
9160579;78142;
9160985;78167;
9161392;78165;
9161799;78107;
9162205;78187;
9162612;78131;
9163019;78147;
9163425;78145;
9163832;78123;
9164239;78152;
9164646;78160;
9165052;78119;
9165459;78173;
9165866;78155;
9166272;78159;
9166679;78146;
9167086;78164;
9167493;78186;
9167899;78121;
9168306;78123;
9168713;78213;
9169119;78139;
9169526;78168;
9169933;78180;
9170339;78130;
9170746;78192;
9171153;78114;
9171560;78164;
9171966;78151;
9172373;78122;
9172780;78156;
9173186;78155;
9173593;78161;
9174000;78142;
9174407;78118;
9174813;78166;
9175220;78161;
9175627;78183;
9176033;78162;
9176440;78195;
9176847;78162;
9177253;78170;
9177660;78154;
9178067;78189;
9178474;78132;
9178880;78152;
9179287;78192;
9179694;78131;
9180100;78096;
9193522;76738;
9193929;76758;
9194335;76825;
9194742;76776;
9195149;76743;
9195556;76704;
9195962;76706;
9196369;76785;
9196776;76768;
9197182;76793;
9197589;76775;
9197996;76740;
9198403;76741;
9198809;76784;
9199216;76785;
9199623;76741;
9200029;76780;
9200436;76792;
9200843;76812;
9201249;76752;
9201656;76768;
9202063;76809;
9202470;76788;
9202876;76739;
9203283;76767;
9203690;76798;
9204096;76819;
9204503;76787;
9204910;76794;
9205317;76757;
9205723;76823;
9206130;76729;
9206537;76798;
9206943;76795;
9207350;76778;
9207757;76806;
9208164;76793;
9208570;76816;
9208977;76836;
9209384;76778;
9209791;76821;
9210197;76821;
9210604;76798;
9211011;76815;
9211417;76826;
9211824;76788;
9212231;76742;
9212638;76792;
9213044;76847;
9213451;76852;
9213858;76819;
9214264;76808;
9214671;76779;
9215078;76821;
9215485;76790;
9215891;76816;
9216298;76840;
9216705;76827;
9217111;76818;
9217518;76781;
9217925;76774;
9218332;76812;
9218738;76808;
9219145;76776;
9219552;76815;
9219959;76815;
9220365;76834;
9220772;76843;
9221179;76817;
9221585;76787;
9221992;76850;
9222399;76821;
9222806;76850;
9223212;76800;
9223619;76827;
9224026;76807;
9224432;76815;
9224839;76817;
9225246;76843;
9225653;76819;
9226059;76794;
9226466;76832;
9226873;76829;
9227279;76785;
9227686;76765;
9228093;76814;
9228500;76807;
9228906;76799;
9229313;76790;
9229720;76780;
9230127;76801;
9230533;76769;
9230940;76802;
9231347;76818;
9231753;76796;
9232160;76764;
9232567;76791;
9232974;76809;
9233380;76775;
9233787;76760;
9234194;76754;
9234600;76791;
9235007;76784;
9235414;76804;
9235821;76793;
9236227;76795;
9236634;76807;
9237041;76807;
9237447;76773;
9237854;76791;
9238261;76842;
9238668;76803;
9239074;76765;
9239481;76826;
9239888;76752;
9240294;76791;
9240701;76807;
9241108;76805;
9241514;76792;
9241921;76788;
9242328;76849;
9242735;76809;
9243141;76834;
9243548;76814;
9243955;76857;
9244361;76840;
9244768;76837;
9245175;76805;
9245581;76802;
9245988;76882;
9246395;76844;
9246802;76803;
9247208;76796;
9247615;76835;
9248022;76818;
9248429;76819;
9248835;76815;
9249242;76798;
9249649;76792;
9250055;76848;
9250462;76810;
9250869;76809;
9251276;76816;
9251682;76828;
9252089;76790;
9252496;76857;
9252902;76873;
9253309;76818;
9265104;75585;
9265510;75591;
9265917;75586;
9266324;75618;
9266731;75571;
9267137;75640;
9267544;75602;
9267951;75616;
9268358;75631;
9268764;75588;
9269171;75631;
9269578;75603;
9269984;75607;
9270391;75592;
9270798;75611;
9271205;75594;
9271611;75654;
9272018;75619;
9272425;75626;
9272831;75590;
9273238;75616;
9273645;75630;
9274052;75611;
9274458;75629;
9274865;75699;
9275272;75644;
9275678;75630;
9276085;75683;
9276492;75597;
9276899;75600;
9277305;75612;
9277712;75685;
9278119;75585;
9278525;75640;
9278932;75641;
9279339;75646;
9279746;75625;
9280152;75615;
9280559;75654;
9280966;75648;
9281372;75628;
9281779;75602;
9282186;75648;
9282592;75610;
9282999;75680;
9283406;75673;
9283813;75645;
9284219;75622;
9284626;75601;
9285033;75614;
9285439;75661;
9285846;75659;
9286253;75621;
9286659;75648;
9287066;75650;
9287473;75664;
9287879;75693;
9288286;75629;
9288693;75653;
9289099;75629;
9289506;75670;
9289913;75665;
9290320;75649;
9290726;75644;
9291133;75663;
9291540;75623;
9291946;75614;
9292353;75669;
9292760;75680;
9293166;75646;
9293573;75625;
9293980;75642;
9294387;75639;
9294793;75613;
9295200;75653;
9295607;75653;
9296013;75610;
9296420;75653;
9296827;75698;
9297234;75632;
9297640;75655;
9298047;75619;
9298454;75654;
9298861;75622;
9299267;75608;
9299674;75646;
9300081;75620;
9300487;75631;
9300894;75663;
9301301;75607;
9301708;75642;
9302114;75680;
9302521;75665;
9302928;75672;
9303334;75667;
9303741;75655;
9304148;75644;
9304555;75647;
9304961;75627;
9305368;75672;
9305775;75628;
9306182;75656;
9306588;75637;
9306995;75665;
9307402;75612;
9307808;75663;
9308215;75696;
9308622;75674;
9309029;75672;
9309435;75666;
9309842;75656;
9310249;75669;
9310656;75667;
9311062;75642;
9311469;75622;
9311876;75657;
9312282;75655;
9312689;75555;
9313096;75644;
9313503;75645;
9313909;75646;
9314316;75671;
9314723;75653;
9315130;75656;
9315536;75665;
9315943;75632;
9316350;75723;
9316756;75636;
9317163;75662;
9317570;75683;
9317976;75715;
9318383;75649;
9318790;75666;
9319197;75650;
9319603;75638;
9320010;75666;
9320417;75662;
9320823;75666;
9321230;75642;
9321637;75636;
9322044;75658;
9322450;75631;
9322857;75668;
9323264;75650;
9323670;75619;
9334651;74453;
9335058;74480;
9335465;74418;
9335871;74491;
9336278;74448;
9336685;74469;
9337092;74462;
9337498;74469;
9337905;74475;
9338312;74454;
9338718;74468;
9339125;74464;
9339532;74501;
9339939;74469;
9340345;74476;
9340752;74473;
9341159;74499;
9341565;74450;
9341972;74480;
9342379;74497;
9342786;74452;
9343192;74452;
9343599;74508;
9344006;74484;
9344413;74496;
9344819;74477;
9345226;74463;
9345633;74486;
9346039;74516;
9346446;74513;
9346853;74461;
9347260;74472;
9347666;74497;
9348073;74491;
9348480;74486;
9348886;74484;
9349293;74480;
9349700;74457;
9350106;74500;
9350513;74446;
9350920;74493;
9351327;74486;
9351733;74477;
9352140;74495;
9352547;74472;
9352953;74497;
9353360;74417;
9353767;74520;
9354174;74506;
9354580;74512;
9354987;74511;
9355394;74510;
9355801;74494;
9356207;74467;
9356614;74467;
9357021;74493;
9357427;74465;
9357834;74481;
9358241;74497;
9358648;74474;
9359054;74510;
9359461;74501;
9359868;74508;
9360274;74538;
9360681;74510;
9361088;74464;
9361495;74535;
9361901;74484;
9362308;74513;
9362715;74504;
9363122;74504;
9363528;74517;
9363935;74518;
9364342;74491;
9364748;74550;
9365155;74539;
9365562;74499;
9365968;74493;
9366375;74475;
9366782;74498;
9367189;74514;
9367595;74535;
9368002;74504;
9368409;74533;
9368816;74547;
9369222;74496;
9369629;74485;
9370036;74530;
9370442;74501;
9370849;74493;
9371256;74452;
9371663;74499;
9372069;74515;
9372476;74537;
9372883;74468;
9373289;74501;
9373696;74515;
9374103;74521;
9374510;74498;
9374916;74459;
9375323;74528;
9375730;74484;
9376136;74511;
9376543;74523;
9376950;74503;
9377356;74547;
9377763;74538;
9378170;74504;
9378577;74528;
9378983;74536;
9379390;74447;
9379797;74481;
9380203;74533;
9380610;74480;
9381017;74525;
9381424;74475;
9381830;74470;
9382237;74508;
9382644;74529;
9383050;74492;
9383457;74473;
9383864;74520;
9384270;74550;
9384677;74465;
9385084;74494;
9385490;74495;
9385897;74517;
9386304;74530;
9386711;74510;
9387117;74512;
9387524;74459;
9387931;74501;
9388337;74456;
9388744;74538;
9389151;74507;
9389558;74509;
9389964;74480;
9390371;74521;
9390778;74496;
9391184;74555;
9391591;74497;
9391998;74523;
9392404;74531;
9392811;74491;
9393218;74498;
9393625;74580;
9394031;74542;
9407046;73286;
9407453;73267;
9407860;73237;
9408266;73256;
9408673;73239;
9409080;73273;
9409487;73326;
9409893;73240;
9410300;73251;
9410707;73257;
9411114;73270;
9411520;73288;
9411927;73269;
9412334;73314;
9412741;73277;
9413147;73288;
9413554;73291;
9413961;73289;
9414367;73288;
9414774;73290;
9415181;73309;
9415588;73240;
9415994;73305;
9416401;73293;
9416808;73315;
9417214;73283;
9417621;73249;
9418028;73329;
9418435;73326;
9418841;73279;
9419248;73243;
9419655;73278;
9420062;73253;
9420468;73274;
9420875;73262;
9421282;73278;
9421689;73261;
9422095;73261;
9422502;73237;
9422909;73259;
9423316;73268;
9423722;73258;
9424129;73287;
9424536;73268;
9424942;73301;
9425349;73242;
9425756;73248;
9426163;73261;
9426569;73271;
9426976;73302;
9427383;73326;
9427790;73297;
9428196;73307;
9428603;73307;
9429010;73305;
9429417;73296;
9429823;73300;
9430230;73276;
9430637;73325;
9431043;73273;
9431450;73278;
9431857;73311;
9432264;73283;
9432670;73308;
9433077;73269;
9433484;73293;
9433891;73333;
9434297;73307;
9434704;73339;
9435111;73308;
9435518;73329;
9435924;73322;
9436331;73300;
9436738;73324;
9437145;73323;
9437551;73314;
9437958;73292;
9438365;73322;
9438771;73327;
9439178;73303;
9439585;73282;
9439992;73302;
9440398;73297;
9440805;73312;
9441212;73327;
9441618;73290;
9442025;73301;
9442432;73271;
9442839;73289;
9443245;73335;
9443652;73313;
9444059;73278;
9444466;73277;
9444872;73308;
9445279;73311;
9445686;73310;
9446092;73303;
9446499;73321;
9446906;73307;
9447313;73298;
9447719;73319;
9448126;73315;
9448533;73258;
9448940;73298;
9449346;73322;
9449753;73273;
9450160;73305;
9450567;73296;
9450973;73271;
9451380;73299;
9451787;73342;
9452193;73330;
9452600;73282;
9453007;73307;
9453414;73320;
9453820;73351;
9454227;73331;
9454634;73304;
9455040;73291;
9455447;73325;
9455854;73266;
9456261;73323;
9456667;73278;
9457074;73302;
9457481;73269;
9457888;73321;
9458294;73290;
9458701;73294;
9459108;73336;
9459515;73311;
9459921;73320;
9460328;73287;
9460735;73302;
9461142;73323;
9461548;73281;
9461955;73302;
9462362;73320;
9462768;73331;
9463175;73272;
9463582;73293;
9463989;73347;
9464395;73302;
9464802;73306;
9465209;73281;
9465616;73297;
9466022;73295;
9466429;73263;
9466836;73279;
9479444;72361;
9479851;72329;
9480258;72265;
9480664;72355;
9481071;72321;
9481478;72296;
9481885;72286;
9482291;72325;
9482698;72336;
9483105;72302;
9483511;72349;
9483918;72332;
9484325;72341;
9484731;72296;
9485138;72304;
9485545;72320;
9485952;72364;
9486358;72299;
9486765;72327;
9487172;72330;
9487579;72354;
9487985;72359;
9488392;72353;
9488799;72339;
9489205;72364;
9489612;72315;
9490019;72336;
9490426;72394;
9490832;72329;
9491239;72319;
9491646;72366;
9492053;72333;
9492459;72307;
9492866;72377;
9493273;72375;
9493679;72374;
9494086;72359;
9494493;72336;
9494900;72367;
9495306;72310;
9495713;72372;
9496120;72358;
9496527;72321;
9496933;72374;
9497340;72362;
9497747;72307;
9498154;72362;
9498560;72366;
9498967;72336;
9499374;72366;
9499780;72385;
9500187;72380;
9500594;72352;
9501001;72356;
9501407;72366;
9501814;72372;
9502221;72354;
9502628;72372;
9503034;72333;
9503441;72388;
9503848;72351;
9504254;72368;
9504661;72342;
9505068;72370;
9505475;72389;
9505881;72404;
9506288;72362;
9506695;72336;
9507102;72333;
9507508;72361;
9507915;72303;
9508322;72406;
9508729;72367;
9509135;72351;
9509542;72347;
9509949;72340;
9510356;72370;
9510762;72344;
9511169;72340;
9511576;72323;
9511983;72330;
9512389;72399;
9512796;72340;
9513203;72326;
9513609;72396;
9514016;72356;
9514423;72364;
9514830;72377;
9515236;72374;
9515643;72336;
9516050;72335;
9516457;72409;
9516863;72364;
9517270;72333;
9517677;72361;
9518083;72359;
9518490;72353;
9518897;72348;
9519304;72337;
9519710;72368;
9520117;72385;
9520524;72304;
9520931;72361;
9521337;72356;
9521744;72345;
9522151;72334;
9522558;72316;
9522964;72344;
9523371;72364;
9523778;72368;
9524184;72393;
9524591;72371;
9524998;72364;
9525405;72371;
9525811;72360;
9526218;72379;
9526625;72365;
9527032;72363;
9527438;72365;
9527845;72346;
9528252;72388;
9528658;72351;
9529065;72363;
9529472;72374;
9529879;72364;
9530285;72357;
9530692;72328;
9531099;72332;
9531506;72307;
9531912;72374;
9532319;72370;
9532726;72341;
9533132;72387;
9533539;72356;
9533946;72365;
9534353;72364;
9534759;72375;
9535166;72389;
9535573;72361;
9535980;72347;
9536386;72371;
9536793;72354;
9537200;72358;
9537606;72355;
9538013;72349;
9538420;72374;
9538827;72357;
9556723;70985;
9557130;71018;
9557537;70991;
9557943;71041;
9558350;71019;
9558757;71012;
9559164;71025;
9559570;71062;
9559977;71006;
9560384;71007;
9560791;70964;
9561197;71026;
9561604;71005;
9562011;71020;
9562418;71006;
9562824;71018;
9563231;71030;
9563638;71034;
9564045;71018;
9564451;71049;
9564858;71087;
9565265;71010;
9565672;71057;
9566079;71048;
9566485;71031;
9566892;71020;
9567299;71046;
9567706;71026;
9568112;70996;
9568519;71005;
9568926;71017;
9569333;71057;
9569740;71036;
9570146;70995;
9570553;71032;
9570960;71017;
9571367;71020;
9571773;71055;
9572180;71032;
9572587;71074;
9572994;71049;
9573400;71003;
9573807;71071;
9574214;71060;
9574621;71048;
9575027;71126;
9575434;71042;
9575841;71047;
9576248;71053;
9576654;71070;
9577061;71025;
9577468;71010;
9577875;71034;
9578281;71063;
9578688;71046;
9579095;71033;
9579502;71062;
9579908;71027;
9580315;71084;
9580722;71026;
9581129;71059;
9581535;71113;
9581942;71023;
9582349;71071;
9582756;71101;
9583162;71077;
9583569;71049;
9583976;71081;
9584383;71085;
9584789;71086;
9585196;71055;
9585603;71082;
9586010;71047;
9586416;71023;
9586823;71043;
9587230;71064;
9587637;71032;
9588043;71048;
9588450;71056;
9588857;71072;
9589264;71077;
9589670;71040;
9590077;71018;
9590484;71077;
9590890;71091;
9591297;71051;
9591704;71033;
9592111;71029;
9592517;70993;
9592924;71070;
9593331;71070;
9593738;71041;
9594144;71077;
9594551;71038;
9594958;71016;
9595365;71024;
9595771;71013;
9596178;71085;
9596585;71075;
9596991;71018;
9597398;71081;
9597805;71045;
9598212;71084;
9598618;71051;
9599025;71054;
9599432;71036;
9599839;71039;
9600245;71079;
9600652;70990;
9601059;71034;
9601466;71044;
9601872;71033;
9602279;71038;
9602686;71025;
9603093;71019;
9603499;71038;
9603906;71045;
9604313;71069;
9604719;71092;
9605126;71089;
9605533;71067;
9605940;71085;
9606346;71054;
9606753;71080;
9607160;71035;
9607567;71077;
9607973;71083;
9608380;71016;
9608787;71075;
9609194;70994;
9609600;71095;
9610007;71037;
9610414;71075;
9610820;71027;
9611227;71039;
9611634;71072;
9612041;71042;
9612447;71043;
9612854;71081;
9613261;71063;
9613668;71072;
9614074;71058;
9614481;71068;
9614888;71055;
9615295;71071;
9615701;71060;
9616108;70996;
9616515;71087;
9616922;71097;
9629937;69882;
9630344;69933;
9630751;69936;
9631157;69938;
9631564;69957;
9631971;69927;
9632378;69946;
9632784;69928;
9633191;69973;
9633598;69892;
9634005;69903;
9634411;69928;
9634818;69926;
9635225;69935;
9635632;69937;
9636038;69947;
9636445;69938;
9636852;69955;
9637259;69933;
9637665;69968;
9638072;69941;
9638479;69933;
9638886;69949;
9639292;69948;
9639699;69941;
9640106;69908;
9640512;70021;
9640919;69925;
9641326;69944;
9641733;69974;
9642139;69978;
9642546;69956;
9642953;69962;
9643359;69927;
9643766;69945;
9644173;69906;
9644580;69963;
9644986;69915;
9645393;69935;
9645800;69923;
9646207;69918;
9646613;69958;
9647020;69944;
9647427;69925;
9647833;69975;
9648240;69947;
9648647;69962;
9649054;69956;
9649460;69954;
9649867;69942;
9650274;69934;
9650680;69965;
9651087;69965;
9651494;69975;
9651901;69945;
9652307;69911;
9652714;69939;
9653121;69932;
9653528;69996;
9653934;69976;
9654341;69963;
9654748;69967;
9655154;69945;
9655561;69960;
9655968;69972;
9656374;69966;
9656781;69983;
9657188;69975;
9657595;69958;
9658001;69967;
9658408;69968;
9658815;69952;
9659222;70000;
9659628;69948;
9660035;69950;
9660442;69937;
9660848;69937;
9661255;69960;
9661662;69922;
9662069;69914;
9662475;69901;
9662882;70002;
9663289;69993;
9663695;69946;
9664102;69938;
9664509;69978;
9664916;69934;
9665322;69964;
9665729;69940;
9666136;69940;
9666543;69940;
9666949;69983;
9667356;69935;
9667763;69954;
9668170;69965;
9668576;69976;
9668983;69932;
9669390;69975;
9669797;69984;
9670203;69976;
9670610;69945;
9671017;69943;
9671424;69947;
9671830;69948;
9672237;69958;
9672644;69944;
9673050;69968;
9673457;69948;
9673864;69942;
9674271;69969;
9674677;69948;
9675084;69965;
9675491;69960;
9675898;69967;
9676304;69913;
9676711;69988;
9677118;69951;
9677525;69978;
9677931;69907;
9678338;69954;
9678745;69945;
9679152;69971;
9679558;69959;
9679965;69932;
9680372;69967;
9680779;69983;
9681185;69948;
9681592;69965;
9681999;69969;
9682406;69962;
9682812;69956;
9683219;69900;
9683626;69973;
9684033;69973;
9684439;69934;
9684846;69957;
9685253;69953;
9685660;69938;
9686066;69910;
9686473;69999;
9686880;69958;
9687287;69932;
9687693;69972;
9688100;69940;
9688507;69952;
9688913;69959;
9689320;69931;
9689727;69963;
9703962;68974;
9704369;68949;
9704776;68998;
9705182;68996;
9705589;69028;
9705996;69026;
9706403;68943;
9706809;68993;
9707216;68995;
9707623;68989;
9708029;68965;
9708436;68946;
9708843;69001;
9709250;68971;
9709656;68994;
9710063;68982;
9710470;69000;
9710877;68965;
9711283;68972;
9711690;68979;
9712097;68980;
9712503;69012;
9712910;69002;
9713317;69031;
9713724;69006;
9714130;68949;
9714537;68980;
9714944;68972;
9715351;69030;
9715757;68981;
9716164;68997;
9716571;69009;
9716978;69036;
9717384;69048;
9717791;69026;
9718198;68991;
9718604;68999;
9719011;69011;
9719418;68995;
9719825;69020;
9720231;69001;
9720638;68998;
9721045;69004;
9721452;69006;
9721858;68977;
9722265;69032;
9722672;69012;
9723078;68967;
9723485;68986;
9723892;69021;
9724299;69008;
9724705;69013;
9725112;68962;
9725519;68965;
9725926;68992;
9726332;68990;
9726739;68992;
9727146;68976;
9727553;69053;
9727959;69011;
9728366;69039;
9728773;68977;
9729180;69011;
9729586;68999;
9729993;68982;
9730400;68991;
9730807;69014;
9731213;69020;
9731620;68977;
9732027;69000;
9732433;69009;
9732840;69021;
9733247;69024;
9733654;68980;
9734060;68955;
9734467;68974;
9734874;69021;
9735281;69024;
9735687;69022;
9736094;68999;
9736501;69045;
9736907;68986;
9737314;69024;
9737721;69004;
9738128;69016;
9738534;68975;
9738941;69012;
9739348;68971;
9739754;69039;
9740161;69038;
9740568;68981;
9740975;68963;
9741381;69002;
9741788;69026;
9742195;69005;
9742602;69004;
9743008;69036;
9743415;69035;
9743822;69024;
9744229;68991;
9744635;68983;
9745042;69043;
9745449;68990;
9745856;68977;
9746262;69017;
9746669;69029;
9747076;68993;
9747483;68976;
9747889;68975;
9748296;68966;
9748703;68987;
9749110;68982;
9749516;69029;
9749923;69048;
9750330;69021;
9750736;68973;
9751143;68987;
9751550;69007;
9751957;69015;
9752363;68986;
9752770;69055;
9753177;68988;
9753584;68998;
9753990;69048;
9754397;69011;
9754804;69030;
9755210;68992;
9755617;68995;
9756024;68989;
9756431;69029;
9756837;69067;
9757244;68986;
9757651;68974;
9758057;68989;
9758464;69023;
9758871;69002;
9759278;69004;
9759684;68969;
9760091;68980;
9760498;69021;
9760905;69063;
9761311;69055;
9761718;68975;
9762125;69003;
9762531;69018;
9762938;68954;
9763345;68979;
9763751;68980;
9764158;69011;
9876007;80549;
9876414;80539;
9876820;80583;
9877227;80573;
9877634;80511;
9878041;80528;
9878447;80567;
9878854;80541;
9879261;80511;
9879668;80545;
9880074;80557;
9880481;80531;
9880888;80509;
9881294;80525;
9881701;80512;
9882108;80583;
9882515;80513;
9882921;80580;
9883328;80526;
9883735;80560;
9884141;80557;
9884548;80531;
9884955;80541;
9885362;80512;
9885768;80569;
9886175;80515;
9886582;80537;
9886988;80541;
9887395;80568;
9887802;80577;
9888208;80547;
9888615;80539;
9889022;80547;
9889428;80540;
9889835;80520;
9890242;80510;
9890649;80581;
9891055;80552;
9891462;80536;
9891869;80531;
9892275;80564;
9892682;80605;
9893089;80569;
9893496;80523;
9893902;80530;
9894309;80535;
9894716;80584;
9895122;80519;
9895529;80608;
9895936;80568;
9896342;80541;
9896749;80584;
9897156;80558;
9897563;80524;
9897969;80523;
9898376;80503;
9898783;80533;
9899189;80552;
9899596;80566;
9900003;80525;
9900409;80511;
9900816;80529;
9901223;80536;
9901630;80516;
9902036;80519;
9902443;80483;
9902850;80515;
9903256;80534;
9903663;80560;
9904070;80550;
9904477;80555;
9904883;80527;
9905290;80556;
9932133;79290;
9932540;79317;
9932947;79272;
9933353;79304;
9933760;79305;
9934167;79302;
9934574;79245;
9934980;79332;
9935387;79287;
9935794;79265;
9936200;79313;
9936607;79266;
9937014;79301;
9937421;79293;
9937827;79319;
9938234;79316;
9938641;79324;
9939048;79295;
9939454;79325;
9939861;79311;
9940268;79334;
9940674;79324;
9941081;79299;
9941488;79317;
9941894;79326;
9942301;79318;
9942708;79337;
9943115;79342;
9943521;79362;
9943928;79309;
9944335;79316;
9944741;79308;
9945148;79358;
9945555;79283;
9945961;79321;
9946368;79330;
9946775;79329;
9947182;79315;
9947588;79345;
9947995;79360;
9948402;79298;
9948808;79287;
9949215;79349;
9949622;79340;
9950029;79318;
9950435;79382;
9950842;79332;
9951249;79342;
9951655;79345;
9952062;79340;
9952469;79332;
9952876;79363;
9953282;79338;
9953689;79277;
9954096;79329;
9954503;79291;
9954909;79291;
9955316;79353;
9955723;79342;
9956130;79331;
9956536;79297;
9956943;79362;
9957350;79329;
9957757;79319;
9958163;79318;
9958570;79321;
9958977;79290;
9959384;79329;
9959790;79328;
9960197;79320;
9960604;79321;
9961010;79284;
9961417;79294;
9978500;77702;
9978906;77681;
9979313;77699;
9979720;77706;
9980127;77750;
9980533;77776;
9980940;77741;
9981347;77751;
9981753;77752;
9982160;77766;
9982567;77713;
9982974;77747;
9983380;77715;
9983787;77741;
9984194;77712;
9984601;77682;
9985007;77710;
9985414;77756;
9985821;77763;
9986228;77731;
9986634;77737;
9987041;77720;
9987448;77788;
9987854;77765;
9988261;77747;
9988668;77748;
9989074;77768;
9989481;77771;
9989888;77780;
9990294;77763;
9990701;77776;
9991108;77707;
9991515;77741;
9991921;77743;
9992328;77760;
9992735;77773;
9993141;77793;
9993548;77769;
9993955;77704;
9994362;77760;
9994768;77777;
9995175;77784;
9995582;77768;
9995988;77779;
9996395;77701;
9996802;77776;
9997209;77782;
9997615;77774;
9998022;77772;
9998429;77712;
9998835;77789;
9999242;77723;
9999649;77746;
10000056;77722;
10000462;77753;
10000869;77752;
10001276;77780;
10001682;77745;
10002089;77752;
10002496;77748;
10002903;77710;
10003309;77753;
10003716;77749;
10004123;77761;
10004529;77754;
10004936;77774;
10005343;77752;
10005750;77766;
10006156;77734;
10006563;77772;
10006970;77753;
10007377;77749;
10017951;76885;
10018358;76815;
10018764;76799;
10019171;76854;
10019578;76865;
10019984;76826;
10020391;76858;
10020798;76851;
10021205;76870;
10021611;76869;
10022018;76857;
10022425;76835;
10022831;76864;
10023238;76884;
10023645;76859;
10024051;76892;
10024458;76862;
10024865;76914;
10025272;76890;
10025678;76867;
10026085;76871;
10026492;76877;
10026898;76869;
10027305;76844;
10027712;76918;
10028118;76871;
10028525;76860;
10028932;76897;
10029339;76869;
10029745;76860;
10030152;76924;
10030559;76861;
10030966;76889;
10031372;76838;
10031779;76890;
10032186;76855;
10032592;76861;
10032999;76889;
10033406;76876;
10033812;76905;
10034219;76933;
10034626;76889;
10035033;76887;
10035439;76893;
10035846;76847;
10036253;76918;
10036659;76873;
10037066;76933;
10037473;76848;
10037879;76883;
10038286;76869;
10038693;76928;
10039100;76903;
10039506;76873;
10039913;76861;
10040320;76909;
10040726;76898;
10041133;76861;
10041540;76871;
10041946;76906;
10042353;76873;
10042760;76873;
10043166;76909;
10043573;76897;
10043980;76903;
10044387;76917;
10044793;76936;
10045200;76946;
10045607;76883;
10046013;76847;
10046420;76903;
10046827;76895;
10047234;76886;
10047640;76888;
10065535;75901;
10065941;75925;
10066348;75951;
10066755;75941;
10067161;75876;
10067568;75947;
10067975;75927;
10068381;75925;
10068788;75923;
10069195;75923;
10069601;75904;
10070008;75895;
10070415;75907;
10070821;75910;
10071228;75927;
10071635;75937;
10072042;75939;
10072448;75913;
10072855;75908;
10073262;75924;
10073668;75952;
10074075;75910;
10074482;75909;
10074888;75948;
10075295;75922;
10075702;75934;
10076108;75945;
10076515;75918;
10076922;75944;
10077328;75920;
10077735;75964;
10078142;75934;
10078549;75906;
10078955;75907;
10079362;75926;
10079769;75959;
10080175;75962;
10080582;75911;
10080989;75970;
10081395;75970;
10081802;75967;
10082209;75984;
10082616;75934;
10083022;75922;
10083429;75965;
10083836;75945;
10084242;75940;
10084649;75917;
10085056;75973;
10085462;75937;
10085869;75932;
10086276;75952;
10086683;75945;
10087089;75951;
10087496;75957;
10087903;75928;
10088309;75933;
10088716;76010;
10089123;75934;
10089529;75927;
10089936;75971;
10090343;75967;
10090750;75972;
10091156;75981;
10091563;75933;
10091970;75942;
10092376;75947;
10092783;75913;
10093190;75964;
10093597;75999;
10094003;75975;
10094410;75947;
10094817;75940;
10095224;75972;
10095630;75897;
10110272;74612;
10110678;74660;
10111085;74666;
10111492;74681;
10111899;74614;
10112305;74704;
10112712;74652;
10113119;74684;
10113525;74672;
10113932;74628;
10114339;74688;
10114745;74641;
10115152;74690;
10115559;74693;
10115966;74622;
10116372;74675;
10116779;74680;
10117186;74632;
10117592;74628;
10117999;74632;
10118406;74670;
10118813;74670;
10119219;74693;
10119626;74679;
10120033;74673;
10120439;74714;
10120846;74672;
10121253;74659;
10121659;74690;
10122066;74690;
10122473;74735;
10122880;74661;
10123286;74719;
10123693;74683;
10124100;74670;
10124506;74719;
10124913;74690;
10125320;74700;
10125726;74669;
10126133;74688;
10126540;74655;
10126947;74646;
10127353;74682;
10127760;74716;
10128167;74692;
10128573;74680;
10128980;74665;
10129387;74704;
10129794;74683;
10130200;74680;
10130607;74712;
10131014;74679;
10131420;74688;
10131827;74740;
10132234;74685;
10132641;74684;
10133047;74718;
10133454;74707;
10133861;74704;
10134267;74719;
10134674;74671;
10135081;74716;
10135488;74696;
10135894;74695;
10136301;74732;
10136708;74699;
10137114;74683;
10137521;74706;
10137928;74734;
10138335;74673;
10138741;74673;
10139148;74679;
10139555;74707;
10139961;74724;
10153789;73287;
10154196;73287;
10154603;73297;
10155009;73312;
10155416;73309;
10155823;73327;
10156229;73277;
10156636;73265;
10157043;73301;
10157450;73288;
10157856;73278;
10158263;73341;
10158670;73305;
10159076;73275;
10159483;73296;
10159890;73322;
10160296;73269;
10160703;73325;
10161110;73345;
10161516;73328;
10161923;73291;
10162330;73286;
10162737;73313;
10163143;73305;
10163550;73282;
10163957;73345;
10164363;73325;
10164770;73312;
10165177;73332;
10165583;73312;
10165990;73340;
10166397;73283;
10166804;73315;
10167210;73335;
10167617;73345;
10168024;73319;
10168430;73361;
10168837;73330;
10169244;73306;
10169650;73359;
10170057;73291;
10170464;73336;
10170870;73385;
10171277;73356;
10171684;73316;
10172091;73337;
10172497;73332;
10172904;73347;
10173311;73312;
10173717;73335;
10174124;73275;
10174531;73343;
10174938;73341;
10175344;73352;
10175751;73283;
10176158;73301;
10176564;73372;
10176971;73300;
10177378;73359;
10177785;73346;
10178191;73339;
10178598;73353;
10179005;73346;
10179411;73315;
10179818;73384;
10180225;73354;
10180632;73377;
10181038;73331;
10181445;73344;
10181852;73345;
10182258;73341;
10182665;73351;
10183072;73317;
10183479;73338;
10183885;73333;
10202187;72019;
10202594;72079;
10203001;72078;
10203407;72063;
10203814;72074;
10204221;72092;
10204628;72085;
10205034;72043;
10205441;72042;
10205848;72063;
10206254;72064;
10206661;72118;
10207068;72025;
10207475;72060;
10207881;72123;
10208288;72099;
10208695;72059;
10209101;72069;
10209508;72109;
10209915;72081;
10210321;72036;
10210728;72107;
10211135;72044;
10211542;72094;
10211948;72092;
10212355;72113;
10212762;72129;
10213168;72049;
10213575;72106;
10213982;72052;
10214388;72082;
10214795;72109;
10215202;72072;
10215609;72092;
10216015;72088;
10216422;72112;
10216829;72086;
10217235;72077;
10217642;72125;
10218049;72102;
10218455;72131;
10218862;72077;
10219269;72031;
10219676;72045;
10220082;72105;
10220489;72115;
10220896;72108;
10221302;72075;
10221709;72112;
10222116;72142;
10222523;72109;
10222929;72080;
10223336;72069;
10223743;72078;
10224149;72106;
10224556;72096;
10224963;72114;
10225369;72101;
10225776;72086;
10226183;72103;
10226590;72067;
10226996;72062;
10227403;72085;
10227810;72112;
10228216;72048;
10228623;72115;
10229030;72096;
10229437;72057;
10229843;72082;
10230250;72097;
10230657;72112;
10231063;72082;
10231470;72068;
10231877;72039;
10232284;72078;
10232690;72098;
10233097;72041;
10233504;72083;
10233910;72104;
10234317;72130;
10234724;72070;
10235131;72109;
10248958;70721;
10249365;70714;
10249772;70802;
10250179;70781;
10250585;70803;
10250992;70778;
10251399;70783;
10251805;70821;
10252212;70792;
10252619;70807;
10253026;70785;
10253432;70764;
10253839;70784;
10254246;70785;
10254652;70810;
10255059;70841;
10255466;70794;
10255873;70759;
10256279;70815;
10256686;70822;
10257093;70736;
10257499;70780;
10257906;70791;
10258313;70739;
10258720;70780;
10259126;70783;
10259533;70814;
10259940;70825;
10260346;70828;
10260753;70780;
10261160;70775;
10261566;70816;
10261973;70827;
10262380;70776;
10262787;70808;
10263193;70790;
10263600;70789;
10264007;70834;
10264413;70802;
10264820;70790;
10265227;70813;
10265634;70845;
10266040;70821;
10266447;70802;
10266854;70811;
10267260;70785;
10267667;70782;
10268074;70769;
10268480;70803;
10268887;70801;
10269294;70781;
10269701;70789;
10270107;70782;
10270514;70787;
10270921;70840;
10271327;70772;
10271734;70851;
10272141;70824;
10272548;70767;
10272954;70794;
10273361;70834;
10273768;70779;
10274174;70803;
10274581;70765;
10274988;70831;
10275395;70832;
10275801;70819;
10276208;70860;
10276615;70848;
10277021;70824;
10277428;70783;
10277835;70778;
10278242;70820;
10278648;70821;
10279055;70780;
10279462;70837;
10292070;69789;
10292476;69765;
10292883;69777;
10293290;69802;
10293697;69768;
10294103;69851;
10294510;69775;
10294917;69784;
10295323;69814;
10295730;69803;
10296137;69828;
10296544;69854;
10296950;69838;
10297357;69845;
10297764;69805;
10298170;69823;
10298577;69811;
10298984;69811;
10299390;69845;
10299797;69807;
10300204;69833;
10300611;69789;
10301017;69824;
10301424;69777;
10301831;69850;
10302238;69827;
10302644;69767;
10303051;69839;
10303458;69906;
10303864;69828;
10304271;69818;
10304678;69813;
10305085;69798;
10305491;69823;
10305898;69849;
10306305;69840;
10306712;69840;
10307118;69799;
10307525;69784;
10307932;69840;
10308338;69805;
10308745;69852;
10309152;69829;
10309558;69785;
10309965;69814;
10310372;69832;
10310779;69808;
10311185;69822;
10311592;69806;
10311999;69829;
10312406;69853;
10312812;69819;
10313219;69824;
10313626;69831;
10314032;69824;
10314439;69828;
10314846;69839;
10315252;69873;
10315659;69813;
10316066;69843;
10316473;69856;
10316879;69852;
10317286;69839;
10317693;69892;
10318099;69804;
10318506;69788;
10318913;69823;
10319319;69875;
10319726;69841;
10320133;69852;
10320540;69818;
10320946;69867;
10321353;69850;
10321760;69812;
10322166;69816;
10322573;69846;
10322980;69857;
10323386;69869;
10323793;69879;
10324200;69829;
10324607;69843;
10325013;69848;
10342095;69052;
10342501;69105;
10342908;69114;
10343315;69034;
10343722;69096;
10344128;69068;
10344535;69075;
10344942;69148;
10345348;69065;
10345755;69114;
10346162;69112;
10346568;69129;
10346975;69115;
10347382;69126;
10347789;69134;
10348195;69143;
10348602;69079;
10349009;69147;
10349415;69044;
10349822;69082;
10350229;69098;
10350635;69116;
10351042;69073;
10351449;69102;
10351856;69067;
10352262;69105;
10352669;69073;
10353076;69099;
10353482;69106;
10353889;69115;
10354296;69080;
10354703;69107;
10355109;69096;
10355516;69128;
10355923;69084;
10356329;69113;
10356736;69122;
10357143;69087;
10357549;69118;
10357956;69102;
10358363;69128;
10358770;69119;
10359176;69106;
10359583;69049;
10359990;69082;
10360396;69132;
10360803;69138;
10361210;69105;
10361616;69142;
10362023;69092;
10362430;69080;
10362836;69072;
10363243;69105;
10363650;69123;
10364056;69121;
10364463;69107;
10364870;69099;
10365276;69118;
10365683;69089;
10366090;69169;
10366496;69116;
10366903;69140;
10367310;69145;
10367716;69140;
10368123;69141;
10368530;69093;
10368936;69117;
10369343;69137;
10369750;69139;
10370157;69165;
10370563;69109;
10370970;69146;
10371377;69131;
10371783;69119;
10372190;69137;
10372597;69133;
10373003;69113;
10398626;80427;
10399032;80451;
10399439;80439;
10399846;80402;
10400252;80468;
10400659;80489;
10401066;80420;
10401472;80484;
10401879;80435;
10402286;80472;
10402693;80416;
10403099;80419;
10403506;80497;
10403913;80498;
10404319;80520;
10404726;80488;
10405133;80485;
10405540;80469;
10405946;80478;
10406353;80461;
10406760;80527;
10407166;80541;
10407573;80500;
10407980;80483;
10408387;80515;
10408793;80505;
10409200;80537;
10409607;80542;
10410013;80497;
10410420;80540;
10410827;80500;
10411233;80492;
10411640;80563;
10412047;80515;
10412454;80506;
10412860;80510;
10413267;80525;
10413674;80566;
10414080;80561;
10414487;80550;
10414894;80494;
10415301;80535;
10415707;80523;
10416114;80509;
10416521;80512;
10416927;80484;
10417334;80559;
10417741;80497;
10418148;80520;
10418554;80530;
10418961;80516;
10419368;80486;
10419774;80513;
10420181;80498;
10420588;80513;
10420995;80496;
10421401;80508;
10421808;80463;
10422215;80460;
10422621;80511;
10423028;80480;
10423435;80422;
10423842;80494;
10424248;80447;
10424655;80531;
10425062;80486;
10425468;80445;
10425875;80524;
10426282;80530;
10426689;80515;
10427095;80548;
10427502;80547;
10427909;80576;
10428315;80550;
10428722;80586;
10444178;79279;
10444584;79281;
10444991;79234;
10445398;79200;
10445804;79265;
10446211;79242;
10446618;79265;
10447024;79251;
10447431;79238;
10447838;79253;
10448245;79283;
10448651;79301;
10449058;79271;
10449465;79295;
10449871;79255;
10450278;79268;
10450685;79281;
10451092;79255;
10451498;79314;
10451905;79343;
10452312;79317;
10452718;79292;
10453125;79252;
10453532;79269;
10453938;79344;
10454345;79261;
10454752;79299;
10455158;79284;
10455565;79221;
10455972;79242;
10456379;79303;
10456785;79265;
10457192;79287;
10457599;79296;
10458005;79269;
10458412;79281;
10458819;79287;
10459225;79275;
10459632;79331;
10460039;79325;
10460446;79305;
10460852;79294;
10461259;79307;
10461666;79294;
10462072;79255;
10462479;79294;
10462886;79320;
10463293;79307;
10463699;79291;
10464106;79342;
10464513;79303;
10464919;79305;
10465326;79340;
10465733;79285;
10466140;79312;
10466546;79312;
10466953;79311;
10467360;79281;
10467766;79323;
10468173;79291;
10468580;79288;
10468986;79278;
10469393;79297;
10469800;79294;
10470207;79330;
10470613;79281;
10471020;79296;
10471427;79244;
10471833;79329;
10472240;79312;
10472647;79291;
10473053;79292;
10473460;79321;
10473867;79287;
10486474;78271;
10486881;78237;
10487288;78235;
10487694;78221;
10488101;78252;
10488508;78232;
10488914;78241;
10489321;78213;
10489728;78217;
10490135;78322;
10490541;78230;
10490948;78286;
10491355;78273;
10491761;78237;
10492168;78281;
10492575;78264;
10492981;78259;
10493388;78265;
10493795;78246;
10494201;78256;
10494608;78245;
10495015;78252;
10495422;78302;
10495828;78281;
10496235;78263;
10496642;78312;
10497048;78279;
10497455;78276;
10497862;78277;
10498268;78290;
10498675;78305;
10499082;78241;
10499488;78298;
10499895;78291;
10500302;78314;
10500709;78282;
10501115;78294;
10501522;78320;
10501929;78297;
10502335;78256;
10502742;78302;
10503149;78282;
10503555;78295;
10503962;78327;
10504369;78275;
10504776;78286;
10505182;78279;
10505589;78253;
10505996;78309;
10506402;78273;
10506809;78306;
10507216;78264;
10507622;78305;
10508029;78263;
10508436;78295;
10508843;78272;
10509249;78264;
10509656;78312;
10510063;78281;
10510469;78272;
10510876;78293;
10511283;78313;
10511690;78315;
10512096;78258;
10512503;78283;
10512910;78299;
10513316;78291;
10513723;78253;
10514130;78281;
10514536;78324;
10514943;78299;
10515350;78277;
10515757;78300;
10516163;78312;
10528770;77068;
10529177;77029;
10529583;77050;
10529990;77047;
10530397;77080;
10530803;76972;
10531210;77062;
10531617;77047;
10532023;77022;
10532430;77007;
10532837;77055;
10533243;77059;
10533650;77038;
10534057;77069;
10534464;77098;
10534870;77035;
10535277;77103;
10535684;77047;
10536090;77114;
10536497;77040;
10536904;77102;
10537310;77052;
10537717;77112;
10538124;77055;
10538530;77084;
10538937;77113;
10539344;77058;
10539750;77091;
10540157;77080;
10540564;77089;
10540970;77032;
10541377;77085;
10541784;77115;
10542190;77038;
10542597;77039;
10543004;77110;
10543411;77090;
10543817;77087;
10544224;77079;
10544631;77067;
10545037;77074;
10545444;77079;
10545851;77106;
10546257;77092;
10546664;77116;
10547071;77107;
10547477;77067;
10547884;77048;
10548291;77085;
10548697;77059;
10549104;77104;
10549511;77105;
10549917;77083;
10550324;77134;
10550731;77090;
10551137;77106;
10551544;77093;
10551951;77107;
10552357;77123;
10552764;77115;
10553171;77101;
10553577;77069;
10553984;77113;
10554391;77113;
10554797;77072;
10555204;77076;
10555611;77147;
10556017;77074;
10556424;77127;
10556831;77084;
10557238;77122;
10557644;77107;
10558051;77150;
10558458;77060;
10558864;77085;
10559271;77081;
10559678;77126;
10577979;75621;
10578385;75627;
10578792;75658;
10579199;75656;
10579606;75657;
10580012;75649;
10580419;75655;
10580826;75641;
10581232;75681;
10581639;75621;
10582046;75644;
10582452;75704;
10582859;75654;
10583266;75631;
10583673;75634;
10584079;75653;
10584486;75694;
10584893;75675;
10585299;75661;
10585706;75652;
10586113;75656;
10586520;75666;
10586926;75619;
10587333;75677;
10587740;75650;
10588146;75644;
10588553;75638;
10588960;75642;
10589366;75674;
10589773;75687;
10590180;75674;
10590587;75650;
10590993;75626;
10591400;75721;
10591807;75651;
10592213;75645;
10592620;75695;
10593027;75685;
10593433;75684;
10593840;75680;
10594247;75650;
10594653;75677;
10595060;75648;
10595467;75704;
10595873;75683;
10596280;75667;
10596687;75710;
10597094;75674;
10597500;75644;
10597907;75696;
10598313;75683;
10598720;75652;
10599127;75712;
10599533;75657;
10599940;75696;
10600347;75704;
10600753;75683;
10601160;75707;
10601567;75678;
10601974;75688;
10602380;75636;
10602787;75644;
10603194;75655;
10603600;75672;
10604007;75690;
10604414;75627;
10604820;75659;
10605227;75735;
10605634;75654;
10606040;75656;
10606447;75707;
10606854;75664;
10607261;75702;
10607667;75663;
10608074;75720;
10621495;74380;
10621901;74435;
10622308;74370;
10622715;74444;
10623121;74435;
10623528;74410;
10623935;74414;
10624341;74426;
10624748;74418;
10625155;74426;
10625561;74468;
10625968;74381;
10626375;74443;
10626781;74450;
10627188;74444;
10627595;74452;
10628001;74436;
10628408;74435;
10628815;74427;
10629221;74412;
10629628;74437;
10630035;74400;
10630441;74445;
10630848;74436;
10631255;74417;
10631661;74427;
10632068;74438;
10632475;74471;
10632881;74433;
10633288;74432;
10633695;74430;
10634101;74467;
10634508;74430;
10634915;74455;
10635321;74430;
10635728;74470;
10636135;74475;
10636541;74493;
10636948;74437;
10637355;74441;
10637761;74488;
10638168;74480;
10638575;74460;
10638981;74407;
10639388;74467;
10639795;74437;
10640201;74494;
10640608;74502;
10641015;74453;
10641422;74447;
10641828;74508;
10642235;74461;
10642642;74478;
10643048;74462;
10643455;74435;
10643862;74457;
10644268;74486;
10644675;74438;
10645082;74480;
10645488;74450;
10645895;74456;
10646302;74476;
10646708;74442;
10647115;74483;
10647522;74420;
10647928;74485;
10648335;74475;
10648742;74493;
10649149;74455;
10649555;74449;
10649962;74455;
10650369;74466;
10650775;74460;
10651182;74469;
10651589;74437;
10667450;73273;
10667856;73284;
10668263;73245;
10668670;73230;
10669076;73276;
10669483;73276;
10669890;73287;
10670296;73315;
10670703;73272;
10671110;73290;
10671517;73287;
10671923;73322;
10672330;73307;
10672737;73306;
10673143;73321;
10673550;73259;
10673957;73276;
10674363;73258;
10674770;73277;
10675177;73295;
10675584;73302;
10675990;73307;
10676397;73298;
10676804;73344;
10677210;73322;
10677617;73336;
10678024;73294;
10678430;73313;
10678837;73289;
10679244;73337;
10679650;73301;
10680057;73324;
10680464;73287;
10680870;73292;
10681277;73309;
10681684;73317;
10682090;73332;
10682497;73325;
10682904;73340;
10683311;73311;
10683717;73361;
10684124;73314;
10684531;73321;
10684937;73334;
10685344;73313;
10685751;73340;
10686157;73330;
10686564;73316;
10686971;73372;
10687377;73329;
10687784;73352;
10688191;73323;
10688597;73353;
10689004;73321;
10689411;73303;
10689817;73305;
10690224;73329;
10690631;73343;
10691037;73305;
10691444;73346;
10691851;73279;
10692257;73361;
10692664;73367;
10693070;73337;
10693477;73315;
10693884;73354;
10694290;73357;
10694697;73318;
10695104;73363;
10695510;73329;
10695917;73367;
10696324;73328;
10696730;73290;
10697137;73321;
10697544;73360;
10715844;72225;
10716250;72242;
10716657;72180;
10717064;72155;
10717470;72187;
10717877;72184;
10718284;72188;
10718690;72152;
10719097;72171;
10719504;72144;
10719910;72212;
10720317;72167;
10720724;72207;
10721130;72196;
10721537;72217;
10721944;72228;
10722350;72200;
10722757;72195;
10723164;72161;
10723570;72213;
10723977;72164;
10724384;72205;
10724790;72227;
10725197;72183;
10725604;72238;
10726010;72204;
10726417;72185;
10726824;72183;
10727230;72237;
10727637;72203;
10728044;72227;
10728450;72184;
10728857;72255;
10729264;72215;
10729670;72205;
10730077;72203;
10730483;72219;
10730890;72182;
10731297;72237;
10731703;72234;
10732110;72221;
10732517;72229;
10732923;72191;
10733330;72190;
10733737;72195;
10734143;72195;
10734550;72178;
10734957;72220;
10735363;72213;
10735770;72148;
10736177;72165;
10736583;72223;
10736990;72205;
10737397;72176;
10737803;72216;
10738210;72179;
10738617;72215;
10739023;72170;
10739430;72192;
10739837;72187;
10740243;72214;
10740650;72157;
10741057;72266;
10741463;72241;
10741870;72206;
10742277;72219;
10742683;72230;
10743090;72219;
10743497;72224;
10743903;72222;
10744310;72232;
10744717;72210;
10745124;72201;
10745530;72230;
10745937;72235;
10746344;72201;
10760984;71217;
10761391;71227;
10761797;71221;
10762204;71234;
10762611;71253;
10763017;71178;
10763424;71168;
10763831;71211;
10764237;71228;
10764644;71199;
10765051;71199;
10765457;71247;
10765864;71186;
10766271;71223;
10766677;71228;
10767084;71219;
10767491;71189;
10767898;71228;
10768304;71265;
10768711;71244;
10769118;71283;
10769524;71210;
10769931;71211;
10770338;71239;
10770744;71263;
10771151;71201;
10771558;71188;
10771964;71204;
10772371;71239;
10772778;71195;
10773184;71248;
10773591;71222;
10773998;71270;
10774404;71207;
10774811;71238;
10775218;71267;
10775625;71284;
10776031;71228;
10776438;71232;
10776845;71239;
10777251;71225;
10777658;71237;
10778065;71243;
10778471;71266;
10778878;71242;
10779285;71237;
10779691;71277;
10780098;71241;
10780505;71251;
10780911;71252;
10781318;71281;
10781725;71245;
10782131;71233;
10782538;71239;
10782945;71218;
10783352;71266;
10783758;71278;
10784165;71264;
10784572;71220;
10784978;71261;
10785385;71242;
10785792;71223;
10786198;71296;
10786605;71292;
10787012;71232;
10787418;71254;
10787825;71245;
10788232;71240;
10788639;71297;
10789045;71216;
10789452;71266;
10789859;71252;
10790265;71257;
10790672;71211;
10791079;71262;
10801246;70212;
10801653;70273;
10802059;70187;
10802466;70252;
10802873;70167;
10803279;70177;
10803686;70240;
10804093;70192;
10804500;70234;
10804906;70208;
10805313;70211;
10805720;70229;
10806126;70238;
10806533;70219;
10806940;70224;
10807346;70202;
10807753;70209;
10808160;70204;
10808566;70213;
10808973;70200;
10809380;70187;
10809787;70227;
10810193;70186;
10810600;70160;
10811007;70190;
10811413;70220;
10811820;70234;
10812227;70236;
10812633;70214;
10813040;70175;
10813447;70217;
10813853;70187;
10814260;70200;
10814667;70152;
10815074;70212;
10815480;70226;
10815887;70181;
10816294;70197;
10816700;70185;
10817107;70191;
10817514;70180;
10817920;70220;
10818327;70180;
10818734;70212;
10819141;70196;
10819547;70172;
10819954;70196;
10820361;70222;
10820767;70175;
10821174;70187;
10821581;70180;
10821987;70219;
10822394;70150;
10822801;70191;
10823208;70172;
10823614;70203;
10824021;70182;
10824428;70233;
10824834;70265;
10825241;70169;
10825648;70196;
10826054;70243;
10826461;70198;
10826868;70116;
10827275;70207;
10827681;70182;
10828088;70192;
10828495;70200;
10828901;70171;
10829308;70198;
10829715;70194;
10830121;70196;
10830528;70190;
10830935;70179;
10831342;70235;
10831748;70184;
10848829;69374;
10849236;69344;
10849643;69361;
10850049;69348;
10850456;69321;
10850863;69314;
10851270;69308;
10851676;69381;
10852083;69366;
10852490;69386;
10852896;69386;
10853303;69351;
10853710;69382;
10854116;69364;
10854523;69336;
10854930;69356;
10855337;69377;
10855743;69326;
10856150;69348;
10856557;69368;
10856963;69395;
10857370;69375;
10857777;69383;
10858183;69362;
10858590;69347;
10858997;69354;
10859403;69336;
10859810;69357;
10860217;69364;
10860624;69371;
10861030;69343;
10861437;69378;
10861844;69357;
10862250;69403;
10862657;69387;
10863064;69380;
10863470;69408;
10863877;69341;
10864284;69375;
10864690;69328;
10865097;69384;
10865504;69365;
10865910;69366;
10866317;69378;
10866724;69382;
10867131;69299;
10867537;69378;
10867944;69358;
10868351;69370;
10868757;69349;
10869164;69412;
10869571;69364;
10869977;69354;
10870384;69353;
10870791;69397;
10871198;69360;
10871604;69330;
10872011;69390;
10872418;69349;
10872824;69359;
10873231;69345;
10873638;69327;
10874044;69343;
10874451;69408;
10874858;69321;
10875264;69371;
10875671;69348;
10876078;69368;
10876485;69396;
10876891;69391;
10877298;69347;
10877705;69300;
10878111;69387;
10878518;69377;
10878925;69397;
10879332;69380;
